10    -5.219563    5.377778    0.284646
-1.105140  -1.607770  -1.264305  -0.061869  -0.944557  -1.679209  -0.822992  -0.049193  -0.700455  0.428230  -1.542561  0.340174  1.443574  -0.181025  0.498420  0.636785  -0.874873  -0.610991  0.944186  0.764858  0.946040  -0.456936  -0.665911  -1.666717  -0.734193  0.241131  1.866028  0.123527  -1.140208  1.479094  -0.270763  -0.309019  0.036444  0.677593  -0.573055  0.205904  -0.932619  -2.017504  -0.595203  -1.075644  2.010019  -0.016801  -0.599771  -1.084022  -0.696752  
-0.108004  -0.471227  -0.100379  -0.145743  0.075082  -0.133580  0.163022  -0.128811  -0.172666  -0.139012  
 1    -2.243308    0.179793      0.280849
 2    -3.754513    0.482423      0.138247
 3    -4.519336    0.654418      0.066076
 4    -4.935055    0.826928      0.026847
 5    -5.083906    0.902214      0.012801
 6    -5.159390    0.954425      0.005678
 7    -5.188438    0.972144      0.002937
 8    -5.206261    0.988123      0.001255
 9    -5.213367    0.994015      0.000585
10    -5.215667    0.995582      0.000368
4.035233    0.618852    
3.143512    4.590679    0.645861    0.423172    
2.656443    3.123070    4.462587    0.639338    0.524314    0.339127    
2.202463    3.083703    2.827104    4.080714    0.648601    0.535252    0.390577    0.283505    
1.825615    2.803013    2.650109    2.829899    3.620850    0.643673    0.510588    0.435782    0.304705    0.214156    
1.579898    2.686872    2.548473    2.567528    2.780152    3.490904    0.656411    0.517911    0.435562    0.357645    0.250927    0.159187    
1.440284    2.525585    2.472131    2.493203    2.635614    3.019316    3.624794    0.646536    0.510595    0.443884    0.371651    0.296695    0.205424    0.090427    
1.364873    2.415811    2.391688    2.421505    2.523428    2.866642    2.949113    3.968644    0.646321    0.498290    0.441741    0.383214    0.312690    0.246696    0.142770    0.071005    
1.264835    2.213390    2.216716    2.236101    2.295975    2.492442    2.650952    2.957969    3.567149    0.632855    0.476666    0.423740    0.373055    0.324587    0.252237    0.205010    0.107023    0.062662    
1.101090    1.940760    2.074062    2.118182    2.142746    2.219977    2.406097    2.616968    3.070490    3.337328    0.610432    0.458702    0.418431    0.370773    0.329936    0.272245    0.223981    0.174520    0.092018    0.049240    
