10    -5.014242    4.607466    0.301294
0.127319  -0.882520  0.047507  0.623834  -1.852717  -1.683985  -0.291250  -0.089777  -0.375991  -0.228138  -0.523171  0.493229  0.219159  -0.422662  0.446305  0.129420  -0.183992  0.532464  1.174072  1.075326  -0.561457  0.901522  0.167580  0.698459  2.200299  0.211476  -0.973711  -0.796937  0.727615  -0.328917  1.172802  0.238197  0.252913  0.827345  -1.377560  -0.768047  1.088100  -1.053392  0.223065  0.220485  0.972062  0.407679  -0.578935  1.513254  1.702259  
-0.185054  -0.043488  -0.088025  -0.394428  0.138411  -0.129079  -0.143759  -0.134634  -0.141660  0.199493  
 1    -2.510199    0.188507      0.260249
 2    -3.782074    0.476661      0.128061
 3    -4.402897    0.643200      0.063538
 4    -4.762195    0.746075      0.026196
 5    -4.878809    0.805156      0.014076
 6    -4.932506    0.835492      0.008495
 7    -4.952818    0.862608      0.006384
 8    -4.979939    0.939916      0.003565
 9    -4.990357    0.953034      0.002482
10    -5.000897    0.984132      0.001387
5.605576    0.661788    
3.297536    4.162015    0.639985    0.396225    
2.936134    3.230278    3.739844    0.666044    0.469859    0.281207    
2.500813    3.295391    3.071621    3.742532    0.694795    0.550691    0.372213    0.235325    
2.195279    2.792739    2.597047    2.929602    3.227054    0.648348    0.493271    0.411269    0.271832    0.167619    
1.580954    2.745983    2.624839    2.590592    2.902803    3.325808    0.656291    0.527859    0.438889    0.353566    0.242921    0.128872    
1.512859    2.533080    2.472282    2.492082    2.665414    3.090511    3.339731    0.650994    0.507470    0.436341    0.369938    0.300684    0.188447    0.077752    
1.518593    2.643373    2.541413    2.564170    2.797655    3.137975    3.392064    3.919997    0.657672    0.514474    0.441978    0.370643    0.290224    0.235820    0.114666    0.082980    
1.415877    2.431094    2.329074    2.350251    2.526889    2.829855    2.890254    3.456963    3.343221    0.645935    0.488185    0.422488    0.367877    0.307571    0.242083    0.186138    0.102527    0.074056    
1.470090    2.535643    2.376597    2.390375    2.605973    2.924858    2.873010    3.965223    3.002853    5.121017    0.658785    0.493856    0.420913    0.369123    0.302069    0.247664    0.167515    0.134738    0.087769    0.057261    
