10    -5.483272    7.565526    0.157127
-0.643717  -1.251820  -0.563915  0.331439  1.203907  0.410914  1.678242  -1.025964  -0.021762  0.530480  0.576005  -1.554301  0.135096  -0.623157  1.427615  -2.456159  -1.629362  1.660334  -0.304425  -0.554435  -0.470783  -0.816757  1.163855  -1.072726  0.408300  0.162989  1.575043  -1.779279  -0.617568  0.326719  -1.657428  -1.096789  -1.415915  1.410982  0.406111  1.100853  -0.733156  -1.578503  1.293247  0.544114  -1.206939  1.597501  -0.413534  0.570260  1.114241  
-0.130860  -0.098003  -0.672555  0.105404  0.103008  0.145316  -0.124227  0.174283  -0.103103  -0.125449  
 1    -2.054763    0.171656      0.262745
 2    -3.941222    0.477356      0.118176
 3    -4.596535    0.609590      0.067955
 4    -5.109340    0.792349      0.028656
 5    -5.109340    0.792350      0.028656
 6    -5.157265    0.847750      0.024984
 7    -5.177707    0.882960      0.023417
 8    -5.213699    0.926452      0.020659
 9    -5.220768    0.927261      0.020117
10    -5.237022    0.931746      0.018871
3.396347    0.510394    
2.244243    3.346175    0.494900    0.482632    
2.152484    2.342756    3.997747    0.566740    0.497142    0.301124    
1.861726    2.232040    1.867715    3.965392    0.569671    0.465991    0.346649    0.298555    
1.861742    2.232042    1.867706    3.965388    5.007701    0.569672    0.465990    0.346647    0.298555    1.570796    
1.866460    2.251140    1.897452    3.545494    5.055950    5.046265    0.572589    0.475112    0.316823    0.316342    1.570796    1.507256    
1.864356    2.239292    1.920954    3.468336    5.276388    5.285813    0.675769    0.576865    0.475241    0.321773    0.312611    1.570796    1.408016    0.111488    
1.865617    2.242648    1.929407    3.452784    5.028787    5.036582    2.586664    0.438861    0.579424    0.475017    0.321573    0.324195    1.570796    1.446072    0.409359    1.176073    
1.866309    2.228266    1.876060    3.867611    3.946522    6.283185    2.273660    0.516307    1.595817    0.566771    0.468441    0.338252    0.324120    1.542711    1.485621    0.298884    1.239422    0.060722    
1.854893    2.224087    1.872915    4.158507    3.631656    6.266972    3.217142    0.698286    2.138194    0.932492    0.565044    0.465222    0.349754    0.347311    1.528445    1.568474    1.305800    0.157235    0.216469    1.358712    
