10    -8.173456    6.236231    1.819779
0.696245  -2.444617  -0.260982  -0.113475  -0.320669  0.034260  -0.922643  -1.114682  -0.286673  1.218300  1.229856  -1.262179  0.833652  -0.477234  -0.225393  0.186255  -1.199015  -0.142385  1.513019  -0.285775  -1.416254  0.304697  -0.822796  -0.260170  0.600818  0.509789  -1.562202  1.069096  1.442301  2.221508  0.054502  1.291572  0.768845  -0.674251  -0.997035  -1.768441  2.115761  -0.712112  0.150417  -0.867537  0.233505  -0.165786  1.613841  -2.191436  0.777694  
0.520417  -0.463577  0.496044  0.453264  -0.467799  0.496462  0.453631  -0.495990  0.376664  -0.614181  
 1    -2.337657    0.185778      0.404991
 2    -6.221583    0.691552      0.135456
 3    -7.674798    0.921873      0.034606
 4    -8.063371    0.977297      0.007640
 5    -8.077646    0.981860      0.006649
 6    -8.085811    0.984570      0.006082
 7    -8.085351    0.984416      0.006114
 8    -8.100972    0.987180      0.005030
 9    -8.103897    0.988101      0.004827
10    -8.096795    0.987518      0.005320
1.354408    0.685843    
0.458607    0.592653    0.826595    0.443482    
0.425111    0.425283    0.491841    0.780600    0.587588    0.344120    
0.276973    0.410144    0.397698    0.451980    0.707905    0.644046    0.482447    0.262706    
0.277546    0.412951    0.398244    0.453123    2.351176    0.712677    0.645975    0.485994    0.288544    1.538663    
0.275215    0.415035    0.397779    0.452298    2.387583    1.857062    0.714961    0.648179    0.490018    0.302489    1.508744    1.539838    
0.274363    0.415843    0.397172    0.451917    2.380899    2.510045    3.076588    0.716281    0.648246    0.491113    0.304024    1.515534    0.029349    0.012418    
0.260196    0.412900    0.386675    0.441496    1.712018    2.487030    3.144476    3.067899    0.715183    0.645201    0.501449    0.337311    0.093588    1.528714    1.544783    1.553781    
0.259049    0.412859    0.384186    0.439679    1.698274    3.111145    2.550042    3.753811    3.028950    0.717409    0.643363    0.502825    0.342066    0.092444    0.040929    1.541055    0.027668    0.020306    
0.268904    0.415395    0.392776    0.447991    2.341203    2.532504    3.173379    3.115900    3.070329    6.012835    0.717793    0.647638    0.498855    0.328379    1.492844    0.040922    0.035547    0.033303    0.023669    1.555970    
