10    -5.866924    7.535011    0.239600
-0.452566  0.701203  -1.493780  -1.275922  1.342529  -2.134132  -1.496720  -1.305306  0.828734  0.154989  0.275923  1.852512  -0.828546  0.056397  0.562527  0.047985  0.905175  1.409930  -0.323823  -0.165668  -0.018118  0.307362  -0.945166  -2.021812  -0.190764  -1.968996  0.411619  -1.887392  -0.508471  -1.421473  1.122714  -1.617291  -0.288227  1.458641  0.854792  -0.048910  0.234488  1.212307  -0.037268  1.373881  -0.144785  2.242208  0.934083  -0.008594  0.531181  
0.217065  -0.060975  -0.121334  0.102370  0.117164  -0.092359  0.712915  0.090640  0.047707  -0.148626  
 1    -2.927587    0.232458      0.219322
 2    -4.283205    0.440470      0.118171
 3    -4.939910    0.598613      0.069170
 4    -5.326855    0.758814      0.040298
 5    -5.363018    0.732978      0.037599
 6    -5.600181    0.888048      0.019903
 7    -5.608199    0.906848      0.019305
 8    -5.700633    0.945032      0.012408
 9    -5.642226    0.936323      0.016766
10    -5.650321    0.938713      0.016162
5.126309    0.605643    
2.821291    2.962431    0.444420    0.430250    
2.104706    2.744896    2.265274    0.464460    0.357981    0.251382    
2.099604    2.433686    1.904002    4.967958    0.504519    0.426006    0.352174    0.236741    
2.064432    2.424225    1.961267    5.115019    3.350741    0.520836    0.429755    0.348911    0.244167    1.518987    
2.002821    2.389891    1.997958    4.932741    4.279144    1.000027    0.540215    0.454907    0.368794    0.425344    1.156964    0.444929    
1.997977    2.404291    2.003389    5.004330    4.331633    0.973944    2.776074    0.536700    0.448166    0.371012    0.426168    1.153307    0.448681    0.027466    
1.864362    0.012142    2.228337    2.049970    2.743680    2.161424    5.366961    5.427556    0.586551    1.548679    0.446420    0.336353    0.202849    0.291364    0.173067    0.053573    
1.994489    2.413664    2.025526    5.004124    4.323683    1.107333    2.776251    6.283185    6.283185    0.548744    0.448902    0.367758    0.429871    1.185445    0.407081    0.047343    0.000000    1.517158    
1.995039    2.397421    2.022787    4.982007    4.254305    1.181894    2.403217    6.283185    6.283185    4.590949    0.549602    0.453616    0.369824    0.432378    1.186390    0.392545    0.034272    0.000000    1.499347    1.535141    
