10    -6.849463    7.139012    0.012890
2.630205  0.331635  -0.987540  1.196508  1.705176  0.144573  -0.224789  0.221373  2.062121  2.356455  2.345444  -0.973641  -0.211556  -0.499396  -1.075603  -1.606699  1.315930  1.240364  2.464476  -1.954646  1.271019  0.863438  0.072479  1.632104  -0.754646  0.547447  -0.965586  -1.436375  1.354380  -1.247308  -0.210762  -0.761023  -0.015116  0.345782  -0.982598  -1.408368  -1.197403  1.452509  0.497301  -0.253196  1.510801  0.809795  -2.199108  -0.496101  -1.183128  
0.185390  -0.169507  0.187029  -0.061277  -0.203520  -0.084260  -0.120625  -0.172655  -0.169608  -0.198932  
 1    -2.985125    0.180948      0.276252
 2    -5.142297    0.529845      0.122041
 3    -6.367203    0.754217      0.034476
 4    -6.694560    0.838825      0.011074
 5    -6.778565    0.878149      0.005068
 6    -6.816181    0.948350      0.002379
 7    -6.835187    0.969872      0.001021
 8    -6.839207    0.988696      0.000733
 9    -6.844978    0.994983      0.000321
10    -6.847101    0.997457      0.000169
5.056136    0.698843    
4.037608    5.475782    0.816287    0.441557    
3.566360    3.909945    4.463393    0.741474    0.571429    0.333972    
2.571306    3.666810    3.584636    4.030759    0.683475    0.595574    0.452729    0.238795    
1.936393    3.476547    3.174147    3.439127    3.902387    0.707525    0.570223    0.498715    0.384788    0.184045    
1.899492    3.407242    3.183114    3.416723    3.746836    4.715063    0.699764    0.570539    0.507646    0.407991    0.277562    0.092570    
1.655832    3.009755    2.888225    2.960586    3.186735    3.584555    4.548850    0.684809    0.531106    0.486147    0.412981    0.332247    0.221103    0.091759    
1.697258    3.083223    2.933648    3.030938    3.239431    3.617200    4.478277    5.142494    0.692704    0.538304    0.493573    0.419513    0.343094    0.236670    0.140661    0.036174    
1.593844    2.816033    2.729558    2.685268    2.804444    2.998775    3.434792    4.117672    5.166748    0.674643    0.511542    0.465017    0.398002    0.337630    0.270117    0.191991    0.134043    0.043084    
1.439479    2.578881    2.618487    2.534883    2.560627    2.689336    3.052469    3.579456    3.949215    4.834972    0.658053    0.504620    0.453365    0.394630    0.337196    0.288584    0.237146    0.174028    0.111861    0.042852    
