10    -6.198353    5.504148    0.460879
0.955418  0.440712  -0.478419  -0.682530  -0.793871  0.427983  -0.773764  2.050114  -0.211533  1.453954  -0.061595  1.474451  0.824645  0.581223  -1.225692  -2.162298  -0.516786  2.092389  0.053569  -0.047480  -1.708678  -0.500262  0.711233  1.329977  0.011977  -0.672960  -0.318454  -0.998683  -0.053772  -0.592295  0.142000  -0.639746  0.914216  0.910784  -0.128097  -1.150461  1.546654  -1.746708  -1.072730  -0.319699  0.642645  -1.279342  -0.803169  -0.694490  -0.535920  
-0.068701  0.164952  -0.138394  0.118901  -0.114830  -0.517780  -0.118636  0.125903  0.144869  0.105856  
 1    -1.753252    0.060331      0.379842
 2    -4.661142    0.458149      0.131357
 3    -5.336321    0.577443      0.073662
 4    -5.835903    0.736471      0.030972
 5    -5.850228    0.769896      0.029748
 6    -5.885672    0.830833      0.026719
 7    -5.916734    0.864477      0.024065
 8    -5.942194    0.893469      0.021889
 9    -5.960661    0.906494      0.020311
10    -5.973089    0.903754      0.019249
2.876336    0.752856    
2.788905    3.956366    0.561588    0.459708    
2.466547    2.703922    3.994888    0.577976    0.482851    0.293591    
2.265434    2.636482    2.245530    4.223216    0.617242    0.481055    0.356011    0.293804    
2.271478    2.635530    2.206865    4.217795    6.281857    0.610947    0.482546    0.346080    0.314541    0.034244    
2.201741    2.595327    2.196396    4.999682    6.026544    4.068823    0.597407    0.471303    0.403712    0.306429    0.058079    0.081152    
2.190839    2.567219    2.218121    5.235762    6.016902    4.946823    5.089712    0.589364    0.474625    0.410706    0.308772    0.103352    0.056110    1.491147    
2.147901    2.565488    2.234166    5.240382    5.982048    6.283185    4.379541    1.221459    0.590355    0.474570    0.419145    0.323174    0.114277    0.116740    1.344639    0.181617    
2.169173    2.557774    2.206053    5.217491    6.283185    6.283185    4.158788    1.726777    4.561546    0.595285    0.468772    0.409640    0.336066    0.091026    0.125955    1.304558    0.199048    1.490203    
2.150919    2.572607    2.202298    5.112092    6.272761    6.283185    4.038335    2.614573    4.925188    2.375907    0.595174    0.468984    0.405910    0.332322    0.085732    0.127618    1.366412    0.148238    1.451012    0.078815    
