10    -7.613120    6.199361    0.451105
0.120886  0.610718  -0.940969  -1.296675  -0.444179  -1.381420  0.602617  -0.815498  1.472935  -0.054761  0.049716  -1.540904  -1.109380  -1.381756  3.932359  -0.255963  1.355360  -0.172457  -0.880102  0.905413  0.530236  0.473998  -0.589417  -0.877020  0.452247  -2.293872  0.450996  -0.950069  1.582639  -1.208071  0.558386  -0.141408  -1.126877  -0.168347  1.173746  0.844190  0.039212  0.008737  0.498031  0.395026  -1.077446  1.203820  -0.397368  -0.565155  0.879084  
-0.110832  -0.096597  -0.609772  0.097983  -0.127645  0.119872  -0.141059  0.135200  -0.114708  0.181509  
 1    -3.635399    0.199278      0.287980
 2    -5.518186    0.511472      0.151670
 3    -6.541442    0.633762      0.077588
 4    -6.549696    0.630839      0.076990
 5    -6.810926    0.659138      0.058077
 6    -6.784119    0.817758      0.060018
 7    -6.807512    0.846430      0.058325
 8    -6.924866    0.815502      0.049828
 9    -6.877458    0.874385      0.053261
10    -6.940527    0.881324      0.048695
4.782865    0.752999    
2.524354    3.952495    0.547664    0.481567    
2.307268    2.575198    4.087697    0.578200    0.490706    0.322508    
2.295157    2.587073    4.081470    6.283185    0.576166    0.494309    0.311546    1.549974    
2.248149    2.631175    4.275102    4.275016    1.158515    0.602682    0.531493    0.406646    0.784136    0.779546    
1.885945    2.571199    2.483402    6.282190    4.707292    6.283185    0.553241    0.446272    0.397515    1.570796    1.301871    1.492399    
1.874757    2.589341    2.542353    6.184681    4.908921    5.648716    2.762962    0.557055    0.451688    0.392476    1.570796    1.301380    1.509073    1.514656    
2.282509    2.655981    4.445725    3.917560    1.137479    3.597301    3.751573    3.788161    0.607242    0.539288    0.418319    0.850818    0.682120    1.474836    1.525562    1.550271    
1.915231    2.616865    2.566285    6.083319    5.167868    5.981773    3.093970    1.864602    6.283185    0.569231    0.459215    0.383907    1.570796    1.300506    1.570796    1.439091    0.029851    1.480322    
1.851007    2.588287    2.609170    5.028849    6.056662    4.344854    6.283185    4.625087    4.442431    2.645390    0.555368    0.469620    0.387080    1.570796    1.323242    1.534778    1.481562    0.105062    1.484912    0.153967    
