10    -7.036096    5.820438    0.382236
0.993539  -0.758112  -0.351157  0.938245  -1.000467  -1.201973  2.034609  0.008307  0.258243  0.446007  -0.069812  -0.033584  -0.685347  1.140189  -1.653406  0.232497  -0.203918  -1.100841  1.758511  -0.430515  1.327838  0.925540  0.184446  1.811597  2.076887  -0.405200  0.515850  -1.207827  1.824501  -0.403212  0.578353  0.335270  -1.066069  -0.213213  -1.180237  0.789907  -0.729684  0.052067  -0.866032  0.311705  0.792536  0.482946  -0.172584  0.264629  -1.409215  
-0.165945  0.109609  -0.124628  -0.109890  0.100314  0.753211  -0.088539  0.106347  0.122938  0.149738  
 1    -4.135633    0.236937      0.225602
 2    -5.684368    0.556474      0.105139
 3    -6.131253    0.747679      0.070380
 4    -6.755662    0.858404      0.021813
 5    -6.873680    0.852553      0.012633
 6    -6.883729    0.884362      0.011851
 7    -6.897373    0.938281      0.010790
 8    -6.979182    0.942696      0.004427
 9    -6.944210    0.981771      0.007147
10    -7.026635    0.998059      0.000736
4.121336    0.744679    
1.979596    3.511071    0.393809    0.546461    
1.900474    2.316507    2.575085    0.450075    0.382543    0.283906    
1.894098    2.004297    1.681980    4.212151    0.561389    0.456197    0.351016    0.341223    
1.508543    1.802233    1.674209    1.683564    3.419945    0.535427    0.415771    0.377661    0.202052    0.307072    
1.532168    1.798721    1.693361    1.798378    3.293434    6.197734    0.543646    0.418927    0.376642    0.203613    0.276107    1.538398    
1.582203    1.817641    1.706388    1.951502    2.938617    6.283185    5.686580    0.554226    0.428107    0.371175    0.191022    0.289095    1.499637    1.508410    
1.047738    1.649865    2.105798    1.697294    1.784055    1.724064    3.315919    6.157629    0.986185    0.843280    0.520902    0.353469    0.352098    0.238309    0.201879    1.536787    
1.410965    1.778567    1.702288    1.884517    2.920325    6.283185    5.573587    4.862707    5.806831    0.556083    0.435944    0.377862    0.233824    0.306225    1.473453    1.527893    0.140643    0.078434    
0.970270    1.640519    1.596229    1.660665    1.677755    1.838288    2.563233    4.976475    1.321563    5.663141    0.612277    0.431542    0.374126    0.314139    0.285199    0.189087    0.199314    0.054162    1.459417    1.506903    
