10    -4.457973    5.189128    0.185954
1.197643  -0.714573  -0.331470  0.595437  0.338292  0.659938  -0.500032  0.115505  -0.342145  -0.596453  -0.067084  1.545699  -0.413591  0.960188  -0.016378  0.482895  -0.638031  0.569905  -2.400921  0.158575  0.180194  -0.618764  0.041434  1.062451  0.299904  0.768707  0.849697  -0.345409  1.072250  -0.226294  -0.705384  -1.052540  0.599254  0.049440  0.887364  1.871586  -0.882463  0.029645  0.117220  -0.350653  0.707747  0.302475  0.694216  -0.851537  -0.341028  
0.015068  0.165484  -0.129635  0.121338  -0.121605  0.491110  -0.134177  0.121115  -0.072060  0.194728  
 1    -2.215969    0.127490      0.232402
 2    -3.366800    0.333709      0.113109
 3    -3.819656    0.440769      0.066167
 4    -4.171934    0.516624      0.029650
 5    -4.295474    0.570320      0.016844
 6    -4.323263    0.628571      0.013964
 7    -4.326544    0.613527      0.013624
 8    -4.342364    0.653725      0.011984
 9    -4.389348    0.661167      0.007114
10    -4.375328    0.679909      0.008567
6.105538    0.716410    
2.907702    3.581997    0.543504    0.430854    
2.469991    2.815956    3.172953    0.573269    0.411323    0.254223    
2.342193    2.804887    2.524514    3.767272    0.638543    0.498097    0.309727    0.254774    
2.119557    2.454685    2.268041    2.754405    2.774266    0.609795    0.454590    0.368450    0.206843    0.188462    
2.143170    2.442936    2.266788    2.898702    2.597736    6.261849    0.600769    0.456019    0.368897    0.201542    0.257594    0.089310    
2.091431    2.398979    2.262699    2.771531    2.668821    6.283185    2.790121    0.597987    0.454847    0.376047    0.217504    0.265423    0.087593    1.545540    
1.907777    2.318789    2.224787    2.514679    2.709405    5.654787    4.757540    0.787077    0.600276    0.456904    0.394356    0.261063    0.304425    0.186717    1.313399    0.293554    
1.273235    2.158753    2.095072    2.144793    2.263047    2.620664    2.572936    3.191368    2.958599    0.634137    0.455927    0.394899    0.341921    0.284670    0.219530    0.180406    0.067057    0.077294    
1.286899    2.469191    2.369071    2.351747    2.595859    2.842331    5.949028    0.084191    4.174616    1.571317    0.651566    0.497513    0.412493    0.348945    0.228071    0.252596    1.570796    0.164891    1.505297    0.101545    
