10    -7.602327    5.629047    0.515570
0.286737  -1.614226  -2.273977  -0.592228  0.483037  0.143706  -2.061878  -0.378867  -1.044350  -0.467956  -1.944020  -0.360842  -0.845624  -0.393506  -0.128412  1.699103  -0.205102  -1.353236  0.078569  -0.912648  0.287707  0.720950  2.542370  1.214664  -0.456812  -0.948636  -0.651693  1.089899  0.792231  -0.326891  -0.526344  -0.326621  -2.338225  -1.775788  0.054964  2.505928  1.392925  -0.322259  0.174289  -0.189117  -0.312944  -0.256387  -0.951540  -1.782891  0.251961  
0.046610  0.137378  0.122367  0.104550  -0.634139  0.107428  -0.110995  -0.132772  -0.149172  -0.109424  
 1    -4.161032    0.078356      0.260086
 2    -5.676620    0.178126      0.145541
 3    -6.306063    0.208505      0.097969
 4    -6.778186    0.167312      0.062287
 5    -6.868097    0.221144      0.055492
 6    -7.109374    0.186183      0.037256
 7    -7.114453    0.628568      0.036873
 8    -7.198861    0.583722      0.030493
 9    -7.198861    0.583902      0.030493
10    -7.257942    0.873996      0.026028
5.644291    0.788254    
2.610410    3.204519    0.443232    0.465260    
2.123999    2.646457    2.395860    0.474927    0.368328    0.249788    
2.168257    2.385808    1.991118    4.232194    0.586004    0.469456    0.320232    0.287879    
2.135993    2.397364    2.050399    4.918521    3.577028    0.583860    0.463027    0.338811    0.265157    1.478085    
1.319532    2.021649    2.038095    2.125377    2.496101    2.387827    0.563356    0.459391    0.391805    0.281674    0.191251    0.153238    
1.967366    2.424476    2.055210    5.198109    3.412886    5.583458    5.564911    0.548760    0.462159    0.343696    0.222003    1.308982    1.309989    1.425999    
1.839366    2.418075    2.101581    4.729466    4.070197    1.652445    4.520125    5.905402    0.593322    0.462195    0.412117    0.384200    1.118116    0.285250    1.262626    1.441233    
0.000000    1.838431    2.418406    2.102269    4.729309    4.069698    1.653036    4.519121    5.903710    1.410517    0.593355    0.462246    0.412161    0.384148    1.117957    0.285274    1.262553    1.441193    
2.017624    2.368693    2.008107    5.279669    3.413773    5.635929    5.645040    3.173102    5.884587    5.807629    0.567756    0.460885    0.364120    0.290707    1.286019    1.321054    1.423720    0.166380    0.217125    0.128382    
