10    -6.029379    6.162103    0.106708
0.158384  -2.469081  -1.367974  0.135415  1.363801  -0.059990  -0.573970  0.521582  -0.633190  -0.989024  -1.811767  -0.207563  0.278757  1.736000  1.327823  -0.349844  0.156643  -2.476514  0.480148  -0.972058  1.202101  0.714467  0.655365  0.348766  0.662913  -0.184703  -0.262322  -0.376450  -0.853822  0.404938  0.329897  -1.820386  -0.261047  -2.927611  0.447633  -0.376779  0.975689  -0.178248  -0.767951  -1.339360  0.842751  1.068030  1.261188  -1.053283  -0.796309  
0.183992  0.143733  0.182172  0.178000  -0.171424  -0.045526  -0.193557  -0.168758  -0.114428  -0.165853  
 1    -2.482281    0.144937      0.290949
 2    -4.689637    0.525692      0.109892
 3    -5.631650    0.740234      0.032624
 4    -5.880958    0.812376      0.012174
 5    -5.941064    0.843658      0.007244
 6    -5.982644    0.915496      0.003833
 7    -6.001877    0.934867      0.002256
 8    -6.013465    0.980993      0.001305
 9    -6.021097    0.991437      0.000679
10    -6.025508    0.996991      0.000318
4.575913    0.378618    
4.137143    5.289289    0.809332    0.429900    
3.735551    3.796982    4.318795    0.744798    0.548751    0.317018    
2.624519    3.526892    3.517983    3.938363    0.674505    0.588908    0.438683    0.230491    
1.905673    3.342712    3.100022    3.384895    3.883010    0.683950    0.568765    0.485804    0.376157    0.173012    
1.848092    3.295540    3.087635    3.427795    3.787302    4.883386    0.680241    0.564079    0.499484    0.400880    0.268319    0.094646    
1.585297    2.992780    2.861019    2.951327    3.224314    3.638254    4.617471    0.686120    0.537895    0.486035    0.412042    0.326997    0.214094    0.092135    
1.665384    3.132091    2.931176    3.080397    3.354687    3.762553    4.740841    5.592256    0.698439    0.542353    0.494137    0.408352    0.327624    0.213879    0.155297    0.056818    
1.578981    2.884157    2.794480    2.808571    3.053230    3.340505    3.893533    4.090381    5.106278    0.682299    0.526504    0.474945    0.405575    0.335806    0.257304    0.174533    0.132842    0.060590    
1.479811    2.771523    2.656319    2.611663    2.737907    2.947154    3.369748    3.929162    4.327714    4.754571    0.673462    0.518347    0.457330    0.394938    0.331004    0.266370    0.206049    0.167001    0.113610    0.051230    
