10    -4.856665    5.458716    0.055760
0.108446  0.858697  -0.303699  -1.112064  2.308893  -1.048867  0.947621  0.883204  0.070424  0.041427  -0.289262  -0.204524  -0.044850  -0.477368  -1.277278  -0.027820  0.445678  0.686520  0.828148  0.253911  1.334424  -0.953863  -1.115720  -0.769460  0.716565  0.511641  -1.385294  -0.167641  0.823762  0.012481  -0.696414  -0.512203  0.856974  -0.204107  0.094714  0.067776  1.292029  2.018994  0.851697  -1.461167  0.354284  0.710400  0.988461  -1.161396  1.943400  
0.098068  0.493274  -0.105414  0.110351  0.048086  -0.136786  0.150808  0.164109  -0.184060  0.196130  
 1    -1.425784    0.088772      0.332599
 2    -3.501224    0.470935      0.131400
 3    -4.146208    0.620268      0.068874
 4    -4.586846    0.758734      0.026157
 5    -4.719714    0.825997      0.013276
 6    -4.792932    0.870256      0.006178
 7    -4.823425    0.904812      0.003222
 8    -4.843132    0.935775      0.001312
 9    -4.849590    0.944322      0.000686
10    -4.851781    0.950513      0.000473
2.487045    0.551170    
3.011214    3.941800    0.611695    0.401073    
2.577771    3.072285    3.815998    0.659081    0.494125    0.312205    
2.222626    3.115153    2.888998    3.634711    0.690561    0.555748    0.381325    0.261090    
1.888015    2.719662    2.561346    2.840150    3.184412    0.655045    0.515862    0.427590    0.289711    0.178216    
1.559021    2.625154    2.487085    2.512205    2.769454    3.275323    0.658260    0.529010    0.437006    0.352188    0.241022    0.130717    
1.441117    2.511153    2.420980    2.442090    2.612478    3.014526    3.505408    0.653829    0.523292    0.445890    0.366132    0.292681    0.184275    0.076497    
1.340780    2.366960    2.315132    2.349028    2.467336    2.824453    3.012235    3.636103    0.650314    0.507052    0.444232    0.381004    0.311010    0.241484    0.129865    0.064116    
1.228242    2.150878    2.117748    2.141553    2.213539    2.412905    2.601563    2.953722    3.358742    0.637240    0.480345    0.424896    0.371518    0.323953    0.250558    0.199231    0.105845    0.056875    
1.069544    1.945730    2.051509    2.058579    2.085137    2.207168    2.399988    2.623334    3.062082    3.206646    0.625230    0.476453    0.428811    0.372758    0.333837    0.275491    0.222750    0.166890    0.089642    0.041260    
