10    -6.240766    6.034776    0.233825
-0.772544  -0.339930  -0.892330  0.660013  0.253680  1.573258  -0.578790  -1.557856  0.295479  -0.485479  -0.903351  1.664279  1.799863  -0.172902  0.933821  1.747385  0.371031  0.012570  -1.686818  -0.572064  2.587576  0.465445  2.027005  -0.111384  2.192230  0.297053  0.082519  -0.149784  -1.221516  -0.206999  -1.227459  -0.603719  -0.310550  -0.132111  0.180602  0.228241  2.277130  0.937931  0.107194  -1.292019  0.886636  0.347568  -0.030284  1.527172  -1.788130  
-0.106420  -0.202420  0.137085  -0.185832  0.185695  0.167106  -0.150270  -0.166177  0.175729  0.235421  
 1    -2.865783    0.013210      0.274936
 2    -4.265437    0.000216      0.160916
 3    -5.166936    0.000495      0.087477
 4    -5.402520    0.000270      0.068286
 5    -5.447319    0.000008      0.064636
 6    -5.458889    0.000001      0.063694
 7    -5.465630    0.000006      0.063145
 8    -5.466084    0.000011      0.063108
 9    -5.467488    0.000018      0.062993
10    -5.466590    0.000018      0.063067
5.090456    0.704635    
3.552505    4.584349    0.823225    0.433324    
3.289425    3.144571    3.765474    0.763453    0.569722    0.341963    
2.135312    3.095798    3.017935    3.380478    0.691545    0.629626    0.460396    0.252501    
1.606536    2.850150    2.563725    2.877179    3.242757    0.701634    0.579495    0.503888    0.394091    0.186402    
1.431395    2.582588    2.475465    2.647590    2.787310    3.256300    0.688272    0.556486    0.511609    0.418300    0.290225    0.106546    
1.329953    2.432101    2.342193    2.382772    2.520750    2.796932    3.622029    0.686649    0.538369    0.491168    0.414713    0.330020    0.216463    0.076804    
1.308334    2.384652    2.301267    2.314385    2.451001    2.692554    3.067300    6.283185    0.684085    0.533333    0.483268    0.412031    0.329826    0.215224    0.067809    1.552794    
1.188836    2.175014    2.156874    2.098426    2.086920    2.238007    2.761748    6.283185    2.887955    0.669474    0.517208    0.458722    0.397077    0.319985    0.254934    0.146533    1.540611    1.538579    
1.262762    2.305802    2.278816    2.240020    2.378738    2.724210    6.282889    1.246300    4.018117    6.065937    0.675070    0.530430    0.475229    0.408262    0.322995    0.214404    1.570796    1.465454    1.520726    0.004872    
