10    -6.262780    6.267416    0.147785
-1.271091  0.176137  -0.296216  0.326929  -0.973419  0.227681  -0.819328  0.107223  0.975278  0.081974  -0.476623  -1.492172  -0.403465  0.694778  0.212153  0.090990  -1.548855  -0.044827  1.556763  1.947111  -0.785140  -2.139212  -1.264259  0.294987  0.806489  0.277670  -1.243845  0.787274  0.752030  0.172980  -0.737836  0.969191  -0.646371  1.811095  -0.990445  -1.369113  0.072485  0.408327  0.168774  -0.586701  -1.517338  0.720409  -2.149864  -1.233102  -0.121225  
0.123031  0.131172  -0.120604  -0.485855  0.128186  0.137745  -0.136840  -0.137182  -0.175794  0.079379  
 1    -2.763625    0.141615      0.279258
 2    -4.800797    0.479378      0.116677
 3    -5.539370    0.597428      0.057733
 4    -6.017495    0.759385      0.019576
 5    -6.117128    0.844027      0.011624
 6    -6.179771    0.884397      0.006625
 7    -6.207080    0.938910      0.004445
 8    -6.211758    0.951094      0.004072
 9    -6.216695    0.965706      0.003678
10    -6.221231    0.973088      0.003316
5.030582    0.462538    
2.755147    3.895912    0.596783    0.444300    
2.439179    2.693058    4.047593    0.609790    0.507633    0.305162    
2.185034    2.598690    2.259674    3.960779    0.634575    0.492782    0.367762    0.296986    
1.757597    2.212778    2.140837    2.255039    3.330259    0.598048    0.450689    0.405071    0.263699    0.245967    
1.340582    2.297859    2.174100    2.182395    2.273077    3.360058    0.648950    0.499295    0.408623    0.346815    0.254199    0.191071    
1.285154    2.313972    2.252832    2.241944    2.509669    2.677101    5.077487    0.632023    0.504355    0.424898    0.348450    0.238413    0.236620    0.091547    
1.263433    2.340531    2.278611    2.232817    2.502845    2.586387    5.231319    6.180246    0.635049    0.508816    0.426874    0.350447    0.234470    0.244138    0.130338    0.036867    
1.282566    2.361044    2.263550    2.241038    2.492532    2.690541    5.717718    6.265725    6.283185    0.644015    0.510317    0.422629    0.348604    0.233035    0.234330    0.113033    0.000000    1.526689    
1.267046    2.317603    2.228250    2.212164    2.476159    2.666413    5.610088    5.828855    5.816841    4.642195    0.635968    0.504882    0.423176    0.350457    0.237909    0.231430    0.097352    0.000000    1.502497    1.525098    
