10    -5.212021    6.318864    0.057179
-0.270164  0.934725  -0.978179  1.679502  -0.282496  -2.137573  -0.087249  -0.115780  1.694825  0.442736  0.904835  -0.777380  -0.167235  0.549352  0.270288  -0.407457  0.289694  -0.826243  0.196590  -0.202494  -0.952162  -0.713718  -1.209645  1.367745  -1.526735  -1.657416  0.561338  -0.300495  1.356880  0.349474  1.041995  -0.848362  -1.767157  -1.281304  0.645754  -0.422787  -0.097442  1.412235  -1.452052  -0.184732  -1.801668  0.860888  1.356345  0.784619  0.299533  
0.018054  -0.101391  -0.171813  0.097796  -0.162407  0.134947  -0.121493  -0.486370  -0.109573  0.141821  
 1    -2.492492    0.009932      0.235847
 2    -3.865949    0.010406      0.116736
 3    -4.380751    0.004155      0.072091
 4    -4.766576    0.001311      0.038631
 5    -4.879949    0.000833      0.028798
 6    -4.935706    0.000318      0.023963
 7    -4.956520    0.000064      0.022158
 8    -4.967619    0.000001      0.021195
 9    -4.978288    0.000008      0.020270
10    -5.007881    0.000001      0.017704
4.466313    0.681037    
2.895950    3.599247    0.556178    0.430085    
2.481644    2.829022    3.467991    0.583632    0.434781    0.254772    
2.270274    2.803703    2.553289    3.810994    0.633864    0.495285    0.321700    0.253916    
1.955424    2.444073    2.345017    2.726630    2.949486    0.605309    0.457307    0.382640    0.225127    0.186326    
1.359475    2.421147    2.362283    2.395887    2.681684    3.037783    0.626321    0.490482    0.408609    0.328055    0.208484    0.139405    
1.286848    2.212073    2.203481    2.279819    2.426275    2.845512    2.958932    0.626130    0.469304    0.405736    0.343882    0.272789    0.169608    0.086241    
1.197307    2.179726    2.179090    2.254969    2.401438    2.762124    2.798872    3.553920    0.628676    0.469255    0.412709    0.356244    0.281685    0.222161    0.110891    0.057577    
1.212173    2.191202    2.153527    2.234301    2.367322    2.858184    2.845453    4.082965    6.283185    0.638283    0.463413    0.404867    0.354406    0.276189    0.207109    0.112626    0.000000    1.521549    
1.164211    2.257919    2.155421    2.268986    2.422602    2.921546    2.972980    3.947023    6.147275    6.283185    0.646742    0.475399    0.411174    0.364233    0.278794    0.232468    0.102299    0.000000    1.441249    1.486242    
