10    -5.221406    5.341148    0.362320
-0.097940  0.250080  -0.162508  -1.448517  0.785906  0.469623  -1.460382  -0.626218  -1.518771  0.467329  -2.420600  -0.078978  1.112255  -0.476275  1.653748  -1.018355  0.993027  0.591649  -0.259676  0.909999  -0.662858  -0.516306  0.406795  0.262560  0.527482  -0.719168  -0.106058  -0.747889  -0.250776  -1.582493  -0.508423  -0.669027  -1.159652  0.331337  1.101627  -0.459651  0.336801  0.879180  0.203744  -0.020732  -1.000277  1.811036  1.066917  -2.259726  -0.355279  
-0.147915  0.118454  -0.099622  0.604564  -0.104053  0.102666  0.119616  -0.159262  0.099018  -0.190924  
 1    -2.486600    0.240969      0.258915
 2    -3.823282    0.559692      0.132366
 3    -4.429652    0.764735      0.074959
 4    -4.838949    0.822542      0.036209
 5    -5.053551    0.941075      0.015892
 6    -5.140262    0.969576      0.007682
 7    -5.185975    0.984817      0.003354
 8    -5.201959    0.991514      0.001841
 9    -5.214159    0.997573      0.000686
10    -5.219089    0.999203      0.000219
6.205826    0.600241    
2.604771    3.371072    0.504919    0.445005    
2.223066    2.573217    2.637331    0.536509    0.376520    0.272702    
2.050540    2.474408    2.051953    3.765968    0.606455    0.484272    0.321347    0.277962    
1.894611    2.263001    2.024637    2.505194    2.397204    0.605835    0.458909    0.363190    0.192380    0.207553    
1.335141    2.128188    2.069785    2.110945    2.389557    2.463659    0.599465    0.479218    0.400924    0.307639    0.194300    0.159632    
1.197732    2.019132    1.943630    2.027341    2.048562    2.486912    2.357974    0.634424    0.469607    0.400139    0.340934    0.273953    0.163810    0.119288    
1.142710    1.854579    1.825131    1.884064    1.959854    2.108006    2.372642    2.371699    0.610334    0.449603    0.395935    0.331586    0.289631    0.215498    0.129581    0.078944    
1.094435    1.853815    1.819097    1.848363    1.882396    2.084862    2.186139    2.260973    2.913421    0.621828    0.449390    0.392659    0.339460    0.297561    0.215232    0.197305    0.076058    0.068537    
1.035005    1.682683    1.683061    1.719572    1.767144    1.836882    2.077228    2.100786    2.572185    2.498316    0.607448    0.425344    0.378991    0.331320    0.302292    0.239010    0.198915    0.166227    0.059847    0.062927    
