10    -4.989243    5.095437    0.380031
0.222694  0.208597  0.246924  0.946107  -0.909334  0.788368  -0.080894  1.422173  0.389988  0.123607  -1.079835  -0.395403  -0.699981  0.098276  0.313446  -0.796713  -0.589850  0.162628  -1.607047  -0.144173  0.291914  0.891598  0.976966  0.342951  -0.024824  0.176076  1.167915  2.243864  0.088625  0.392199  -1.642576  -0.350080  0.797930  -0.704644  1.104562  0.065223  -0.348273  -0.004393  -0.521782  -1.578039  1.046706  1.238654  0.223072  -0.451492  1.205438  
-0.137569  0.112901  0.099961  0.106178  -0.245571  -0.792434  -0.083275  -0.095067  0.107745  -0.103056  
 1    -2.881606    0.229257      0.208994
 2    -3.170584    0.245157      0.180339
 3    -3.229163    0.321173      0.174530
 4    -3.331503    0.245035      0.164382
 5    -3.487104    0.162646      0.148953
 6    -4.045406    0.238903      0.093591
 7    -4.050054    0.259605      0.093130
 8    -4.060833    0.271344      0.092061
 9    -4.340922    0.799444      0.064288
10    -4.135302    0.747721      0.084677
5.464483    0.789124    
1.204493    4.433973    0.201305    0.753010    
1.138271    4.497442    2.754281    0.235756    0.806747    1.479525    
1.304416    4.322461    2.753073    1.633682    0.286383    0.770085    1.337723    0.175280    
1.517606    4.007589    2.828254    1.947140    3.795728    0.344831    0.622751    1.274772    0.396501    1.357212    
2.307612    3.355250    3.133804    1.393267    4.179884    2.649735    0.424407    0.590282    1.065591    0.707184    1.190313    0.389249    
2.319246    3.372725    3.107791    1.423465    4.172596    2.644706    6.283185    0.424153    0.588466    1.069899    0.707085    1.199389    0.379164    0.024190    
2.242548    3.407699    3.111903    1.422812    4.164755    2.761870    6.283185    6.283185    0.412532    0.583961    1.074919    0.703472    1.184236    0.393351    0.019018    0.037462    
2.676306    3.555548    2.751062    1.889421    4.012122    2.360428    2.351626    3.327899    4.473745    0.563975    0.621490    0.974319    0.794175    1.018922    0.241723    0.511293    1.215219    0.184948    
1.617260    3.782640    6.272087    6.272081    5.698262    1.669853    5.381852    1.727668    6.247578    0.933673    0.372120    0.678692    0.000000    1.552826    1.046278    0.489098    1.087967    0.455941    1.157665    0.290310    
