10    -4.118599    5.675091    0.011012
-0.253089  -0.637147  -1.909595  -0.106139  0.001714  -0.962448  0.254333  -1.112221  0.210460  1.389632  0.656688  -0.053128  0.415673  0.704063  -0.896223  0.479744  1.144388  2.050119  0.674869  -0.860506  0.399698  -0.648903  0.244611  -0.701113  -0.574387  -0.681646  0.402290  1.027078  -0.136619  -1.196395  0.197572  -0.799100  1.102346  1.290502  0.409749  -0.691141  -0.771587  -0.926313  -0.050683  0.021199  0.120615  1.060513  0.376282  1.308774  0.202730  
0.152022  -0.155224  0.105026  0.150902  -0.104051  0.104212  -0.582078  -0.104953  0.114564  0.158693  
 1    -1.889030    0.174142      0.227654
 2    -3.097124    0.527502      0.104299
 3    -3.578045    0.650683      0.055194
 4    -3.915056    0.811851      0.020783
 5    -4.010266    0.904371      0.011062
 6    -4.071967    0.945210      0.004761
 7    -4.098558    0.985727      0.002046
 8    -4.107813    0.992574      0.001101
 9    -4.114257    0.997127      0.000443
10    -4.116989    0.999342      0.000164
4.110737    0.735712    
2.592909    3.778645    0.552311    0.467738    
2.260746    2.518149    3.793651    0.563837    0.476502    0.304928    
2.024462    2.448114    2.073243    4.001904    0.606940    0.476847    0.358145    0.305468    
1.732906    2.192537    2.037007    2.173546    3.104558    0.596989    0.447276    0.388985    0.226171    0.250229    
1.257647    2.213044    2.094710    2.105950    2.123397    3.113553    0.644894    0.494796    0.399547    0.340999    0.218965    0.204858    
1.200307    2.009029    1.934925    2.019540    2.055783    2.395093    2.580189    0.635935    0.466249    0.403070    0.343994    0.284248    0.170181    0.137478    
1.131545    1.844273    1.825296    1.874575    1.937343    2.095332    2.332539    2.537222    0.615232    0.446996    0.396452    0.336399    0.295020    0.217205    0.144199    0.085801    
1.095872    1.836140    1.807854    1.838379    1.879243    2.042973    2.216913    2.191953    3.193690    0.621431    0.446726    0.392688    0.340991    0.302866    0.221580    0.197406    0.093853    0.066501    
1.024965    1.665778    1.692316    1.726367    1.782718    1.846530    2.071671    2.148330    2.500350    2.682688    0.604005    0.426415    0.382552    0.336124    0.305480    0.246764    0.201568    0.168974    0.065132    0.059293    
