10    -6.326468    5.452917    0.761020
0.054388  0.066855  -0.313268  -0.714383  0.437518  -1.693630  -1.272009  -1.185710  -1.177596  0.719244  -0.728957  1.291943  0.025615  -2.176068  -0.111670  -1.228390  0.600072  -0.060992  1.393044  -0.406947  1.332656  0.430316  2.726738  -1.551158  -0.821410  -0.160150  -1.142316  -0.558194  0.147042  1.593731  0.620259  0.539776  -1.157280  0.402325  -0.447798  -0.231301  0.464690  -0.295161  0.065138  -1.376821  -0.137233  -0.435171  1.506742  0.716247  -0.880856  
-0.150430  -0.116549  0.133349  -0.117711  -0.100236  0.671820  -0.103949  -0.124899  -0.087279  0.139038  
 1    -2.478804    0.164269      0.326644
 2    -4.834545    0.537292      0.126655
 3    -5.397684    0.724938      0.078848
 4    -6.013243    0.842260      0.026591
 5    -6.026091    0.867332      0.025500
 6    -6.156767    0.962994      0.014407
 7    -6.160539    0.963593      0.014086
 8    -6.163813    0.962545      0.013808
 9    -6.194749    0.969867      0.011182
10    -6.198938    0.974641      0.010827
3.224671    0.611769    
2.334022    3.446107    0.446485    0.507048    
2.088730    2.453202    2.743890    0.492553    0.388165    0.275814    
2.053172    2.234893    1.842339    4.330736    0.568588    0.458620    0.348891    0.314200    
2.040735    2.254631    1.876991    4.531027    3.186503    0.572163    0.457584    0.350873    0.312710    1.533117    
1.901128    2.283314    1.943826    4.496114    4.012224    1.025581    0.581975    0.474084    0.384096    0.464115    1.071355    0.506641    
1.918254    0.582835    2.029404    2.015527    4.426478    4.004644    1.063993    0.993436    1.067167    0.523486    0.399174    0.465443    1.064667    0.505351    
1.905337    0.612899    2.028710    2.031086    4.413588    3.956766    1.037018    5.987069    0.990103    1.066112    0.526179    0.400889    0.460813    1.070753    0.460168    1.533190    
1.916734    2.331107    1.960119    4.389165    4.021187    1.354440    4.667730    5.641983    4.540933    0.598433    0.468412    0.391574    0.441587    1.124247    0.381743    1.373176    1.451569    1.534090    
1.903194    2.298921    1.937870    4.364440    4.017298    1.035754    5.650326    5.332767    3.572722    2.769725    0.585534    0.463988    0.392511    0.450333    1.092151    0.421920    1.409178    1.452795    1.528088    1.546210    
