10    -5.243522    5.086072    0.593923
0.430938  -0.542637  0.194046  0.385938  -0.267642  0.217277  -0.090503  -1.006812  0.651659  0.164604  -0.647003  0.385322  1.784355  -0.112984  1.501999  0.249831  0.201717  -0.118379  -2.445190  -0.479024  -0.094391  0.396033  -0.461941  -0.823301  -1.196468  -0.730448  -0.438865  -1.367512  -0.588236  -0.004564  -0.043706  1.223881  -1.818261  -0.360588  -2.257409  -0.648768  0.718660  0.689590  0.110640  1.422068  0.347202  -1.202314  -0.046522  -0.439211  0.371152  
-0.096579  0.144989  -0.140383  -0.125787  -0.144897  -0.075639  0.478041  -0.121279  -0.084064  -0.146681  
 1    -2.253160    0.173052      0.289495
 2    -3.906567    0.488430      0.129430
 3    -4.550094    0.643552      0.067130
 4    -4.976749    0.804970      0.025826
 5    -5.097101    0.903619      0.014175
 6    -5.135192    0.947727      0.010487
 7    -5.142691    0.952139      0.009761
 8    -5.161026    0.966307      0.007986
 9    -5.169740    0.975138      0.007143
10    -5.178535    0.980434      0.006291
5.073037    0.491422    
3.162000    4.305532    0.594878    0.431682    
2.770796    3.095495    4.345208    0.599683    0.480204    0.286817    
2.493130    3.053728    2.674353    4.252748    0.627936    0.492428    0.341757    0.270713    
2.208236    2.704409    2.474806    2.778062    3.304596    0.605391    0.452552    0.380941    0.228739    0.204080    
2.296155    2.754721    2.513779    2.965355    2.946366    6.226592    0.611952    0.463722    0.381466    0.219301    0.256214    0.079675    
2.219566    2.726381    2.525007    2.905642    3.006219    6.283185    3.759202    0.612349    0.464721    0.385662    0.238514    0.257947    0.071669    1.543997    
2.089018    2.673774    2.532947    2.876420    3.084543    6.283185    3.650408    6.283185    0.607948    0.466414    0.392621    0.261693    0.236277    0.045769    1.465295    1.495786    
1.998741    2.645926    2.536951    2.856846    3.199359    6.283185    3.936322    4.813895    3.078436    0.605992    0.467572    0.399687    0.275551    0.241655    0.033466    1.453167    1.513865    1.512811    
1.936420    2.650716    2.582984    2.910418    3.204650    6.283185    3.816422    5.077466    2.322509    5.204878    0.611975    0.475439    0.407371    0.292542    0.236571    0.015169    1.412478    1.473697    1.475292    1.514019    
