10    -4.491912    5.842370    0.261689
-0.913186  0.596383  0.783402  -0.561723  -0.291456  1.049971  0.974512  -0.630528  -0.053466  1.690651  -0.015440  0.065761  -0.867256  -0.327027  -0.371583  -0.194330  -0.448940  -1.491343  1.642849  0.599594  -0.460096  -2.010617  0.502082  1.134824  -1.005218  -1.249696  -0.871701  0.020682  -0.788147  -0.522394  0.775097  0.634871  -0.673511  0.471438  -0.921861  0.449032  0.416270  -0.233352  -0.641085  0.326641  1.049163  -0.496667  -1.593433  -1.207052  0.410623  
0.192552  0.163510  -0.193978  0.042456  0.176382  0.134440  -0.170707  0.187403  0.175102  0.154424  
 1    -2.170508    0.222848      0.224631
 2    -3.399721    0.526423      0.105686
 3    -4.152533    0.724642      0.032840
 4    -4.368200    0.794951      0.011971
 5    -4.422861    0.827475      0.006682
 6    -4.451048    0.894238      0.003954
 7    -4.465269    0.919409      0.002578
 8    -4.477200    0.977643      0.001424
 9    -4.485450    0.996109      0.000625
10    -4.488840    0.997887      0.000297
5.063346    0.483421    
3.951879    5.245247    0.814503    0.442430    
3.507379    3.635027    4.303134    0.746644    0.569610    0.339407    
2.417659    3.455195    3.430419    3.940959    0.685315    0.608716    0.458898    0.247172    
1.837043    3.276305    3.004136    3.341258    3.856843    0.709167    0.579799    0.503993    0.393876    0.185479    
1.766476    3.253019    3.013670    3.355884    3.700248    4.826226    0.705505    0.579118    0.515688    0.417728    0.281890    0.098426    
1.588588    2.921135    2.764463    2.894291    3.155750    3.565842    4.542939    0.695952    0.542658    0.495521    0.419376    0.334702    0.216894    0.097047    
1.663889    3.060133    2.806846    2.989452    3.245671    3.689592    4.585059    5.368239    0.711221    0.545910    0.498641    0.410131    0.329759    0.213170    0.168482    0.065876    
1.595926    2.944995    2.778581    2.873619    3.123246    3.556201    4.288564    4.424471    4.832926    0.696706    0.547356    0.494619    0.413408    0.333787    0.239896    0.185502    0.136855    0.065535    
1.495411    2.690164    2.535962    2.500967    2.611026    2.784654    3.254658    3.863306    4.268899    4.712425    0.679981    0.513718    0.461060    0.388445    0.319652    0.251949    0.194975    0.172621    0.132179    0.062113    
