10    -6.381211    6.737206    0.670336
1.280115  -0.016914  1.288989  -1.524326  0.398734  0.280433  -0.312277  -1.152803  0.120756  -0.404666  1.486642  0.080295  -1.019572  -0.430669  0.541674  1.054699  1.378783  -1.434888  0.590506  0.855630  1.783113  -0.286104  0.756642  -0.847527  -0.569789  -0.195802  1.186094  1.019666  -2.608798  -0.137581  -0.439699  -0.423520  -0.612113  0.225944  -0.175011  -0.477333  0.280019  1.659889  0.998186  -0.241837  -0.713382  0.902004  -0.647497  0.298577  -0.479636  
-0.130547  0.145722  -0.124715  -0.123083  -0.505982  0.115401  0.136246  -0.065899  -0.143430  -0.160631  
 1    -2.167201    0.144945      0.321229
 2    -4.731006    0.498587      0.125793
 3    -5.491476    0.650970      0.067823
 4    -6.047626    0.789558      0.025429
 5    -6.211432    0.898755      0.012942
 6    -6.291456    0.928223      0.006842
 7    -6.330403    0.950548      0.003873
 8    -6.356633    0.983487      0.001874
 9    -6.359206    0.983710      0.001677
10    -6.365713    0.992308      0.001181
3.281639    0.549800    
2.806901    3.894524    0.566648    0.454878    
2.493598    2.704994    3.736644    0.584709    0.458144    0.288387    
2.281070    2.700984    2.310037    4.055297    0.631723    0.492601    0.347061    0.288214    
2.041616    2.422966    2.198263    2.501589    2.931848    0.614812    0.456656    0.383750    0.209221    0.221216    
1.367953    2.384130    2.291909    2.278751    2.491233    2.949292    0.629251    0.499483    0.412050    0.332445    0.208735    0.170130    
1.294371    2.205080    2.121254    2.177486    2.251905    2.683978    2.709065    0.642730    0.476167    0.408304    0.348453    0.281583    0.174435    0.111884    
1.305389    2.209669    2.080408    2.133144    2.165150    2.746805    2.312309    5.583005    0.654646    0.470913    0.398258    0.349750    0.283349    0.188280    0.186078    0.085668    
1.303719    2.190420    2.068320    2.119596    2.168479    2.649265    2.419873    5.851544    3.053795    0.649341    0.469716    0.398340    0.347178    0.287919    0.193776    0.191745    0.084220    1.549035    
1.289233    2.212890    2.061493    2.121324    2.151398    2.561381    2.371852    5.424835    4.354884    0.892608    0.658338    0.468117    0.398654    0.354384    0.297434    0.211288    0.217479    0.163050    1.461533    0.134540    
