10    -4.415832    5.076933    0.080379
-0.579335  -0.256799  -1.403429  0.787643  -0.286088  0.092368  0.611031  -0.920969  -0.368623  0.503275  -0.321653  -0.481067  0.552648  -0.557544  0.445270  -1.708090  -0.378939  -0.515746  -0.074162  0.108905  -0.032169  -1.117253  -1.123964  0.887982  -1.546497  -1.978429  -0.450414  0.033444  -0.710081  0.783386  3.122988  -0.625987  0.381826  -0.138658  0.407728  0.190208  0.229626  0.583875  1.378285  -0.820730  0.706594  0.532963  -0.096434  0.214887  0.819726  
0.117277  0.123918  0.122916  0.127427  0.133521  -0.556993  0.106936  0.093931  0.118798  -0.157778  
 1    -1.464820    0.117986      0.310870
 2    -3.334077    0.521751      0.113956
 3    -3.779426    0.679473      0.067041
 4    -4.184877    0.825550      0.024330
 5    -4.310474    0.942896      0.011099
 6    -4.358178    0.966135      0.006073
 7    -4.388609    0.982030      0.002868
 8    -4.400075    0.990174      0.001660
 9    -4.410701    0.997254      0.000541
10    -4.414060    0.998965      0.000187
3.211316    0.435402    
2.663669    3.783937    0.512612    0.462018    
2.380671    2.647283    3.618595    0.559245    0.435411    0.283393    
2.234229    2.567525    2.150719    4.155612    0.597812    0.479190    0.328412    0.292406    
2.043760    2.365908    2.117016    2.594685    2.647775    0.592885    0.451933    0.362119    0.185235    0.217890    
1.328903    2.234774    2.185813    2.211119    2.530022    2.665901    0.584406    0.473140    0.400967    0.304776    0.195117    0.160825    
1.226656    2.145513    2.067435    2.133954    2.158888    2.646708    2.515237    0.643932    0.463810    0.396610    0.342244    0.269213    0.164069    0.118010    
1.196765    2.012220    1.994190    2.049845    2.147376    2.362529    2.497969    2.837116    0.608484    0.455914    0.398104    0.334069    0.278436    0.215242    0.118598    0.067284    
1.146202    1.981146    1.927554    1.961388    1.999508    2.242505    2.343120    2.363899    3.265095    0.625385    0.446845    0.390448    0.338064    0.293237    0.209056    0.198160    0.069936    0.068523    
1.066117    1.771883    1.791645    1.825428    1.881538    1.973067    2.228592    2.265678    2.773831    2.699247    0.606800    0.424475    0.380339    0.333014    0.301218    0.238570    0.199960    0.164428    0.058840    0.061343    
