10    -5.023792    4.655697    0.329387
0.522022  0.069947  0.869230  0.424554  -0.220960  -0.632086  -0.455699  -0.681874  0.387163  -0.009748  -1.344962  -0.010275  0.704485  -1.958639  0.153709  1.233067  -0.504342  1.349764  0.731516  1.011621  -0.637194  -0.194763  1.103719  -0.072570  -1.162580  0.324676  -0.032394  0.351848  -1.702749  -0.089254  -0.822555  -1.831628  -0.537568  -1.319745  0.014571  2.606340  -0.531054  1.379970  -0.740361  -1.332955  0.110074  -0.127004  -0.600323  -0.892693  0.462145  
0.150334  -0.180057  0.152495  -0.169230  -0.157299  0.209533  -0.180669  -0.137521  -0.220181  -0.064484  
 1    -1.710154    0.098193      0.342336
 2    -3.952961    0.557796      0.110629
 3    -4.700770    0.765895      0.033372
 4    -4.898019    0.830403      0.012994
 5    -4.943731    0.864308      0.008271
 6    -4.977453    0.937092      0.004787
 7    -4.993996    0.977571      0.003078
 8    -5.011904    0.989798      0.001228
 9    -5.017735    0.993869      0.000626
10    -5.020570    0.997759      0.000333
2.913298    0.690111    
3.747218    4.706640    0.809460    0.426584    
3.437454    3.327215    3.844274    0.750669    0.545985    0.318748    
2.347369    3.198191    3.119507    3.553121    0.688084    0.598866    0.442606    0.236270    
1.856014    2.963677    2.781183    3.045959    3.513786    0.684918    0.572185    0.484299    0.372646    0.166046    
1.765920    2.933816    2.743886    3.107928    3.424069    4.473440    0.674051    0.564518    0.491868    0.394289    0.262216    0.102547    
1.832223    2.934046    2.726571    3.116292    3.458771    4.354402    4.565820    0.665119    0.564361    0.482049    0.393725    0.262486    0.171853    0.069472    
1.465808    2.798916    2.584302    2.735656    2.968323    3.366229    4.029216    4.574936    0.697748    0.545606    0.494176    0.406307    0.323073    0.212122    0.172283    0.071512    
1.385589    2.596256    2.411043    2.375523    2.501616    2.737761    3.285009    3.537528    4.332149    0.690631    0.523389    0.465127    0.384742    0.317532    0.251553    0.179961    0.152384    0.069257    
1.370800    2.536459    2.388057    2.343836    2.419624    2.595966    3.050218    3.479150    3.928181    4.148216    0.684145    0.523409    0.464531    0.390489    0.323716    0.259891    0.198300    0.166534    0.111541    0.041661    
