10    -5.330333    6.670067    0.506247
-0.337545  -0.225671  -0.825266  -1.519911  0.236885  -0.567556  1.783642  0.438508  -0.234935  0.649691  0.120339  -1.428240  -0.086604  1.572401  0.256997  0.257998  0.610064  -0.238371  -0.607507  0.311573  1.282436  2.512872  -0.260945  0.680088  -0.107376  -0.015426  1.702213  -0.941800  -0.734058  -0.195777  0.768347  0.857076  -1.473879  -1.988438  -0.563131  1.071466  0.111449  -0.379456  -0.452851  -1.808791  -0.149954  0.189505  -0.094223  0.724651  -0.081891  
-0.179365  -0.105077  -0.148449  -0.132281  -0.124548  -0.100683  0.110665  0.085419  -0.707873  -0.077785  
 1    -2.360886    0.146170      0.247446
 2    -3.782773    0.547946      0.128959
 3    -4.420690    0.745845      0.075801
 4    -4.889351    0.823129      0.036747
 5    -5.134180    0.930528      0.016346
 6    -5.248703    0.966620      0.006802
 7    -5.296907    0.982531      0.002785
 8    -5.312315    0.988796      0.001501
 9    -5.321514    0.995828      0.000735
10    -5.326719    0.998445      0.000301
5.990066    0.846660    
2.700217    3.364789    0.471491    0.448620    
2.214064    2.774164    2.741086    0.528535    0.372127    0.275776    
2.068876    2.623351    2.277980    3.627076    0.602797    0.491631    0.288920    0.276464    
1.879123    2.407239    2.195583    2.683029    2.542823    0.598339    0.468956    0.367723    0.199355    0.208302    
1.402005    2.280662    2.193887    2.264574    2.559021    2.585149    0.598349    0.480121    0.407467    0.311847    0.189464    0.167568    
1.216036    2.116757    2.054201    2.138229    2.192429    2.663644    2.445949    0.618222    0.467725    0.404150    0.347221    0.270919    0.167958    0.123721    
1.144484    1.936108    1.897982    1.956373    2.020580    2.192907    2.505601    2.366646    0.604273    0.445129    0.392157    0.334144    0.294421    0.212145    0.140539    0.086918    
1.103641    1.928675    1.913973    1.945195    1.998102    2.193874    2.323115    2.440312    2.951896    0.605188    0.449431    0.395314    0.342467    0.299013    0.225685    0.197423    0.083523    0.065219    
1.031261    1.773822    1.795190    1.843395    1.895830    1.992900    2.196707    2.257453    2.719949    2.679233    0.595187    0.430077    0.385180    0.338821    0.305524    0.243366    0.205158    0.166229    0.062476    0.061576    
