10    -5.539107    5.669785    0.005716
1.106323  0.363394  -0.936566  0.047962  0.263298  -0.084500  -0.391316  0.255723  0.376680  -0.973780  0.143114  -1.327974  2.457710  1.226160  -0.086657  -0.573588  -0.182010  -2.922650  1.607104  -0.050218  -0.684451  0.899178  -1.532244  0.367452  -1.576856  -0.121400  -0.714569  -1.170924  -0.583232  0.267610  1.852324  1.060063  -0.838641  -0.070460  -0.661715  -1.365817  -0.081495  -0.163926  0.908927  0.961960  -0.483184  -1.761778  -0.674152  0.411467  0.044028  
0.034418  -0.215787  -0.136236  -0.164101  -0.184091  0.180761  0.170750  -0.167097  -0.143092  0.156608  
 1    -2.708668    0.104950      0.252517
 2    -4.417255    0.241991      0.100086
 3    -5.252708    0.285927      0.025551
 4    -5.429730    0.276669      0.009758
 5    -5.463311    0.269684      0.006762
 6    -5.475941    0.239613      0.005635
 7    -5.481821    0.221447      0.005111
 8    -5.494612    0.497545      0.003970
 9    -5.511009    0.770953      0.002507
10    -5.523741    0.898368      0.001371
5.633127    0.436565    
4.044924    5.126363    0.830077    0.440983    
3.648428    3.462869    4.038875    0.745679    0.538193    0.319187    
2.424513    3.231602    3.247153    3.675646    0.661007    0.586692    0.431498    0.230693    
1.592186    3.182978    2.862907    3.180537    3.607579    0.707406    0.570732    0.500055    0.387258    0.185239    
1.555212    2.991908    2.835799    3.083063    3.326786    4.029670    0.696881    0.557303    0.509206    0.407946    0.269834    0.080843    
1.402585    2.665052    2.579184    2.581353    2.778638    3.126493    4.111120    0.682677    0.524486    0.473144    0.397460    0.314739    0.204206    0.069195    
1.512588    2.810403    2.770417    2.924879    3.306422    2.898628    5.755263    4.873677    0.686064    0.538960    0.503478    0.401555    0.274273    0.000000    1.420002    1.483833    
1.520288    2.778067    2.621068    2.679364    3.099755    2.658791    5.419181    4.013551    4.265220    0.692342    0.528611    0.474566    0.392222    0.299963    0.000000    1.353997    1.357792    1.457540    
1.443706    2.737838    2.570618    2.540042    2.551775    2.476714    6.283185    3.558109    3.689731    4.183431    0.691555    0.535822    0.466537    0.387456    0.283662    0.155063    1.391467    1.319137    1.341910    1.463648    
