10    -8.077059    6.033468    1.827934
0.238444  0.083739  -0.285309  0.820320  2.772535  1.922071  0.717749  0.194126  -1.362224  1.075911  0.656403  0.149734  0.320614  0.914567  -1.547847  2.150050  0.871377  -0.892210  0.312259  0.446726  -0.424200  1.268882  -0.513329  0.799139  1.440468  0.658850  0.837964  -0.497161  0.986576  -0.773761  -0.411618  -0.228449  -0.773643  1.023479  0.746771  -2.181157  -0.009004  0.341714  -0.707264  0.480961  1.081449  2.124352  0.237081  0.302034  -0.074544  
-0.498614  0.282465  -0.363627  -0.436410  0.405959  0.420834  0.432439  0.323359  -0.316750  -0.470965  
 1    -2.360808    0.086446      0.405105
 2    -6.102791    0.672493      0.139915
 3    -7.560221    0.916549      0.036628
 4    -7.653766    0.928955      0.029998
 5    -7.749123    0.950561      0.023241
 6    -7.761058    0.954100      0.022395
 7    -7.759099    0.953257      0.022534
 8    -7.772279    0.956854      0.021599
 9    -7.777335    0.958206      0.021241
10    -7.793480    0.962413      0.020097
0.694041    0.816503    
0.688116    0.883828    0.828865    0.450300    
0.631164    0.636609    0.721290    0.773357    0.573899    0.332920    
0.591815    0.607408    0.680856    1.554449    0.752092    0.579473    0.387110    1.482900    
0.563532    0.589150    0.672245    1.561081    1.791413    0.732181    0.590869    0.408877    1.411131    0.078006    
0.562269    0.590968    0.674155    1.577378    1.813710    3.828584    0.732123    0.594575    0.412545    1.406192    0.077276    1.549334    
0.566873    0.589993    0.675041    1.570325    2.733234    2.805756    2.626091    0.734176    0.590294    0.411658    1.426143    1.493798    1.520875    1.546360    
0.563747    0.589339    0.676035    1.565750    2.712021    2.817588    2.663322    3.762122    0.732392    0.592785    0.415615    1.426548    1.480744    1.514014    1.541172    0.026460    
0.563743    0.589648    0.676378    1.565269    2.696720    2.810441    2.601704    3.820471    6.247235    0.732543    0.593409    0.417540    1.425192    1.476907    1.518250    1.534807    0.029015    1.553032    
0.549305    0.587994    0.671650    1.527089    1.752964    3.604096    2.585586    4.041488    6.177069    5.878423    0.725925    0.599819    0.425587    1.395702    0.108050    1.546539    1.532927    0.040995    1.550503    0.025528    
