10    -6.605551    6.356322    0.304303
0.284659  -1.315573  -0.206194  -1.485032  -0.567317  1.520115  0.523557  0.024520  -1.685001  -0.604265  -0.469087  0.473629  0.909703  0.246694  0.447508  -0.673319  0.623387  0.470458  0.175019  0.545834  -1.600765  -1.239361  -0.603169  0.650523  -0.163636  2.189504  -1.149463  -1.317210  1.304923  0.273049  0.987929  -0.389575  -1.808348  -0.808738  -0.089142  -0.621119  1.484950  0.215611  -0.907590  -1.917414  -0.295296  2.987971  -0.930392  -0.862405  -1.764976  
-0.111693  0.108352  0.093280  0.671227  0.082024  -0.119150  0.134038  0.137198  0.053341  -0.187485  
 1    -3.260828    0.253713      0.258043
 2    -4.948994    0.486736      0.127802
 3    -5.696236    0.657954      0.070153
 4    -6.120406    0.767369      0.037429
 5    -6.209977    0.755546      0.030518
 6    -6.374783    0.894949      0.017804
 7    -6.381198    0.897200      0.017309
 8    -6.386465    0.876488      0.016902
 9    -6.391443    0.791869      0.016518
10    -6.394001    0.860152      0.016321
6.228507    0.626063    
2.769971    3.117012    0.460726    0.445333    
2.166110    2.709375    2.338310    0.484081    0.363365    0.256588    
2.192025    2.424217    1.911698    4.681361    0.548020    0.448855    0.341636    0.261368    
2.132149    2.433798    1.988850    5.085375    3.462639    0.557911    0.449453    0.341855    0.254876    1.488262    
1.984431    2.449256    2.071119    4.803285    4.313495    1.066593    0.580968    0.467254    0.375804    0.440229    1.120235    0.455907    
1.977019    2.448082    2.069153    4.801386    4.331393    0.771929    0.563905    0.577499    0.464799    0.380419    0.437182    1.040907    0.351602    0.187905    
1.908431    2.425810    2.068612    4.688358    4.194002    0.770935    1.354714    1.239870    0.573763    0.472115    0.387168    0.430534    0.960734    0.498284    0.170437    1.496633    
1.943092    2.419179    2.073802    4.682206    4.312671    0.902694    0.731708    4.732573    6.283185    0.579875    0.466386    0.384026    0.429902    1.092336    0.262667    0.154647    1.433664    1.523012    
1.896855    2.408346    2.059020    4.575362    4.150662    0.725705    1.565818    1.450175    4.358857    1.388153    0.572287    0.475587    0.386303    0.418395    0.901521    0.547842    0.251032    1.394562    0.078251    1.491082    
