10    -5.819419    6.149523    0.033151
-0.736260  0.440260  0.731900  0.254316  -1.807715  1.053235  -2.661686  -1.076339  0.484691  0.170791  0.129711  -0.386408  1.199626  -1.070269  -1.157811  -0.271514  -0.071525  -0.862646  -0.789977  0.300384  -0.166081  0.298657  1.737711  0.311688  1.138495  0.966284  0.786999  0.293484  1.821675  0.389296  -0.421461  -1.009982  -0.778994  0.523633  2.114998  0.015515  -0.630578  0.759480  0.275519  0.859215  -0.542371  -1.217062  -1.654564  -1.821078  0.796693  
0.205643  0.101817  -0.111050  -0.122437  0.092209  0.635266  0.083862  0.120957  0.145243  0.033743  
 1    -3.251293    0.207972      0.214566
 2    -4.533033    0.411680      0.107477
 3    -5.052821    0.553945      0.064049
 4    -5.474720    0.620602      0.028799
 5    -5.656047    0.697907      0.013650
 6    -5.731927    0.723740      0.007310
 7    -5.769861    0.746402      0.004141
 8    -5.784237    0.768332      0.002939
 9    -5.797194    0.802667      0.001857
10    -5.800900    0.859974      0.001547
6.102567    0.660018    
2.667964    3.383160    0.465674    0.459288    
2.206847    2.683047    2.629755    0.495428    0.374611    0.252508    
2.173560    2.491445    2.086038    4.184233    0.585054    0.465382    0.313687    0.276819    
1.934037    2.288434    2.117544    2.633993    2.547386    0.588999    0.444368    0.351497    0.180781    0.207149    
1.322629    2.148149    2.132764    2.208568    2.523878    2.580454    0.578031    0.462458    0.387856    0.291036    0.187184    0.150638    
1.200046    2.039424    2.008381    2.114622    2.176076    2.609023    2.518781    0.617183    0.451135    0.385874    0.325869    0.259601    0.152786    0.108498    
1.162090    1.909638    1.917400    1.996906    2.116690    2.298789    2.528647    2.663687    0.593383    0.440145    0.384296    0.319501    0.273077    0.206114    0.112480    0.068238    
1.123754    1.907080    1.896135    1.946969    2.007157    2.254182    2.385608    2.403758    3.178854    0.611067    0.436977    0.379602    0.326165    0.285180    0.203007    0.187365    0.062151    0.067761    
1.135151    1.968236    1.930891    1.967105    2.018804    2.285036    2.304892    2.551862    2.818671    5.646229    0.616799    0.443488    0.383451    0.333108    0.288463    0.219879    0.207993    0.078831    0.137521    0.050507    
