10    -6.055436    8.624987    0.603528
-0.377364  0.166759  0.682802  1.921379  -0.197037  -0.759879  -2.089066  -0.036373  -1.217749  -1.428905  -0.170528  1.160940  -1.061140  -1.408500  0.839550  -0.099625  -1.736265  -0.307186  -0.080870  0.834319  1.885460  0.440898  0.439874  1.070767  0.404252  0.133472  1.937107  1.002275  -0.047000  1.153260  0.019985  -1.579930  -0.197842  -0.220196  -0.267084  -0.412130  1.049545  1.663777  0.603633  0.231452  0.368404  -0.497894  1.567452  0.469145  0.545377  
0.111053  0.084363  -0.733723  -0.089544  -0.102724  0.113762  0.137754  0.106052  -0.123242  0.174766  
 1    -1.829058    0.123547      0.287892
 2    -4.405907    0.556786      0.112362
 3    -5.086793    0.777494      0.065982
 4    -5.565829    0.847295      0.033351
 5    -5.638738    0.892804      0.028385
 6    -5.814982    0.955386      0.016379
 7    -5.824400    0.957628      0.015738
 8    -5.862385    0.962703      0.013150
 9    -5.872012    0.965865      0.012494
10    -5.878699    0.967868      0.012039
4.516026    0.356128    
2.493261    3.298627    0.419815    0.484655    
2.075065    2.707366    2.283366    0.463029    0.350537    0.275907    
1.995223    2.307813    1.874349    4.618719    0.543496    0.451816    0.352984    0.293579    
1.943076    2.346124    1.966787    4.931804    3.289872    0.554764    0.453422    0.346226    0.293995    1.490551    
1.836700    2.338831    2.044156    4.629978    4.091634    1.043990    0.574400    0.481519    0.377744    0.467192    1.087642    0.476492    
1.794751    2.310576    2.055394    4.536240    3.955998    0.978406    5.937868    0.572696    0.481389    0.376921    0.453607    1.106950    0.389543    1.499442    
1.899352    2.235526    1.974343    4.402807    3.873692    1.408370    4.210144    4.631325    0.568945    0.464786    0.372990    0.430372    1.156245    0.291993    1.373045    1.467260    
1.946165    2.246605    1.950685    4.399257    3.923257    1.540626    4.166976    4.708616    2.512712    0.570909    0.463300    0.373344    0.431816    1.146437    0.320676    1.321630    1.468075    1.520941    
1.929507    2.236401    1.946134    4.383575    3.919199    1.606447    4.103782    4.650631    2.529972    2.714057    0.568581    0.463014    0.371862    0.440650    1.130102    0.336495    1.306849    1.378127    1.562162    1.485689    
