10    -5.074326    5.051595    0.217677
-0.564163  -0.238681  -0.774429  0.260315  -1.294135  1.222583  -0.293067  -0.331231  -0.351750  0.464535  1.249793  2.165466  1.597250  0.090560  -0.645840  -0.492307  -1.035561  -1.291473  0.005765  -0.351684  -0.950603  -1.362077  -0.202985  0.794999  -1.815096  1.199073  -0.102739  0.222348  -0.070067  0.926698  -0.427322  -0.369258  -0.512363  -1.928618  0.161842  -0.549214  0.236189  -0.250762  -1.619075  1.547925  -1.644999  -1.079383  -1.130843  0.254932  -0.419155  
-0.071546  0.210913  -0.142319  -0.158392  -0.150796  -0.127748  -0.145847  0.437483  -0.109152  -0.140736  
 1    -2.047782    0.000358      0.298891
 2    -3.612175    0.000499      0.144397
 3    -4.175705    0.000069      0.088745
 4    -4.458294    0.000045      0.060837
 5    -4.523213    0.000007      0.054426
 6    -4.555998    0.000002      0.051188
 7    -4.591948    0.000002      0.047638
 8    -4.600777    0.000002      0.046766
 9    -4.607663    0.000002      0.046086
10    -4.670207    0.000013      0.039909
4.272289    0.412550    
2.920645    4.096175    0.675009    0.422216    
2.443268    2.713212    4.027826    0.638903    0.543953    0.330216    
2.043680    2.613248    2.311925    3.755343    0.648970    0.512031    0.403520    0.293854    
1.386855    2.438254    2.387425    2.376876    3.626181    0.669551    0.529795    0.448064    0.369132    0.247223    
1.645519    2.321529    2.184397    2.342575    2.710033    4.143832    0.625868    0.496977    0.430512    0.315897    0.302392    0.117929    
1.292768    2.312535    2.238622    2.191598    2.373858    2.803283    4.548307    0.671866    0.517020    0.439283    0.377738    0.277361    0.265409    0.113725    
1.277768    2.338840    2.294148    2.213003    2.441802    2.628858    4.360392    4.908385    0.665794    0.520686    0.450394    0.375401    0.275613    0.257775    0.156698    0.041151    
1.259877    2.358526    2.300357    2.185397    2.440893    2.603489    4.551705    4.621213    4.481906    0.671097    0.522559    0.447446    0.374967    0.264421    0.263640    0.153266    0.058247    0.031896    
1.953811    0.000000    2.725756    2.311104    3.545732    1.600817    3.509509    2.500986    2.026103    6.283185    1.164348    1.071084    0.523165    0.396050    0.586445    1.244359    0.392120    1.213163    0.154654    1.558229    
