10    -6.039762    6.522355    0.758420
0.820438  1.229717  -0.763083  1.311323  -0.551206  2.015658  0.939756  -0.160168  -0.856489  0.569047  -0.021903  0.634637  0.393135  0.478060  2.245525  -1.140656  1.852895  -0.015412  -1.308539  -0.218185  0.112809  -1.249093  0.224914  0.503418  0.092632  -0.864026  -0.516825  -0.704061  -0.588868  1.260356  0.002991  2.394856  0.965658  1.259467  -1.286387  -0.172135  -0.364273  -1.031104  0.073835  0.938565  0.643774  1.416282  0.061437  -1.880283  -1.077355  
-0.078182  -0.193310  0.125322  -0.117952  0.149112  -0.070029  -0.126057  0.094530  -0.617792  0.089284  
 1    -1.903154    0.016049      0.329292
 2    -4.294182    0.447043      0.138956
 3    -4.965295    0.623143      0.085532
 4    -5.517376    0.754618      0.041584
 5    -5.764574    0.849929      0.021906
 6    -5.893616    0.899800      0.011634
 7    -5.950074    0.934606      0.007140
 8    -5.994361    0.972433      0.003614
 9    -6.017635    0.985919      0.001761
10    -6.025096    0.994294      0.001167
5.953840    1.041250    
2.920332    3.433990    0.489010    0.437103    
2.376906    2.930407    3.128485    0.546559    0.393897    0.265000    
2.188279    2.854724    2.600115    3.667258    0.617748    0.495385    0.298993    0.260650    
1.937220    2.594628    2.436086    2.840267    2.887648    0.604744    0.470891    0.379849    0.218258    0.191285    
1.545798    2.520819    2.405480    2.494541    2.725483    2.971131    0.620972    0.484879    0.401762    0.319161    0.192442    0.148456    
1.413318    2.385962    2.319939    2.415452    2.523908    2.863528    3.055493    0.618655    0.482277    0.407952    0.332912    0.266462    0.158044    0.095123    
1.340183    2.347300    2.305600    2.371021    2.482270    2.863003    2.687452    3.734160    0.622652    0.476450    0.412534    0.348253    0.262611    0.228469    0.095906    0.080335    
1.262045    2.198683    2.169896    2.219417    2.288696    2.597010    2.627075    2.979043    3.128128    0.617503    0.461739    0.400764    0.344259    0.289380    0.220297    0.187400    0.068292    0.076741    
1.256090    2.199689    2.165906    2.208533    2.275091    2.571282    2.537664    3.023107    2.800994    5.937654    0.618998    0.461898    0.402111    0.348140    0.293567    0.234200    0.202442    0.079308    0.125648    0.042975    
