10    -6.749951    5.714943    0.197293
-1.708201  -0.685090  0.474089  1.287810  -0.074869  0.118065  0.501762  1.971941  -1.543012  1.101359  0.513531  1.303107  -0.039411  -0.404673  0.646122  0.367776  0.305231  -1.148064  -0.678943  -0.668388  -0.482080  0.743054  -0.008128  -1.277238  -2.272334  -0.698613  -0.453450  0.203009  -2.375496  -0.205393  -0.246886  0.350648  0.547968  -0.331325  -1.254338  1.786278  -1.149308  -0.272608  -0.161077  -0.122062  -0.661026  -0.258694  0.943699  0.783945  -0.817001  
-0.171403  -0.144995  0.137393  0.138753  0.121791  -0.429083  0.144422  -0.135197  0.145059  0.150504  
 1    -2.550159    0.087702      0.336930
 2    -5.129339    0.568104      0.130014
 3    -5.987174    0.740151      0.061194
 4    -6.503648    0.867420      0.019760
 5    -6.646567    0.960581      0.008294
 6    -6.712231    0.982972      0.003026
 7    -6.736456    0.995459      0.001083
 8    -6.742344    0.997078      0.000610
 9    -6.746768    0.999093      0.000255
10    -6.747943    0.999460      0.000161
4.873122    0.863130    
2.887177    4.065529    0.654062    0.443608    
2.512745    2.696647    3.715744    0.643881    0.499013    0.316641    
2.234299    2.735483    2.395960    3.686466    0.679368    0.531355    0.379599    0.287644    
1.992059    2.369991    2.123553    2.365610    2.934142    0.648543    0.476634    0.407642    0.253909    0.220090    
1.308581    2.377511    2.250491    2.173010    2.362778    2.925298    0.667318    0.535452    0.439322    0.361461    0.242946    0.177145    
1.243694    2.126757    1.998609    2.048177    2.142327    2.518619    2.592404    0.664368    0.491051    0.425609    0.375724    0.305411    0.198092    0.115316    
1.179269    1.897544    1.833104    1.871506    1.912744    2.041412    2.361995    2.504225    0.639757    0.457536    0.409104    0.358270    0.309914    0.232291    0.162603    0.077856    
1.151383    1.939795    1.868497    1.879553    1.934899    2.074596    2.236079    2.489448    3.120374    0.645927    0.468416    0.414805    0.366164    0.319715    0.247475    0.205937    0.105879    0.055245    
1.092622    1.807178    1.782052    1.818956    1.850719    1.948011    2.210712    2.469419    3.035698    6.090447    0.632594    0.450000    0.408963    0.361381    0.318826    0.255027    0.206463    0.132195    0.010369    1.532316    
