10    -6.497798    6.272997    0.469916
-0.387979  1.027428  -0.161652  -1.247563  0.865654  -0.059300  -0.902750  -0.009563  0.619805  0.494273  0.241427  -0.782034  -0.710795  0.554494  0.314347  0.665382  0.619601  0.789661  0.478173  -0.066191  0.159553  -1.213747  -1.279232  -1.144129  -0.167654  0.087212  -3.364413  -1.137771  -0.301603  1.668635  1.337528  0.118905  0.775811  -2.252921  0.313550  1.304715  1.780733  -2.420355  0.248468  -1.087792  1.728022  -0.265995  -1.030269  -0.188304  -0.625750  
-0.195077  -0.036460  0.125477  -0.117553  -0.527715  0.114965  -0.132494  -0.113660  0.115419  0.203843  
 1    -3.506690    0.184821      0.234215
 2    -4.955397    0.431437      0.120776
 3    -5.599218    0.534762      0.070362
 4    -6.123625    0.663560      0.029299
 5    -6.250353    0.754964      0.019376
 6    -6.293603    0.840162      0.015989
 7    -6.348757    0.937690      0.011670
 8    -6.393011    0.968376      0.008205
 9    -6.399687    0.969044      0.007682
10    -6.400627    0.967490      0.007609
5.567820    0.688956    
2.668751    3.700484    0.547765    0.452077    
2.349474    2.625514    3.775845    0.582147    0.470394    0.285851    
2.175524    2.540665    2.192278    3.998170    0.622318    0.483921    0.345589    0.293109    
1.906887    2.249151    2.096333    2.363202    2.926334    0.601647    0.446591    0.383313    0.208596    0.230564    
1.965818    2.317995    2.146274    2.627061    2.518693    5.756173    0.602712    0.459362    0.378087    0.206702    0.279479    0.091410    
2.052787    2.402934    2.123700    2.590314    2.498559    5.826713    6.019893    0.609395    0.453966    0.370725    0.191692    0.280708    0.196356    0.112014    
1.995666    2.362684    2.126766    2.595225    2.439410    5.505054    5.305531    5.371015    0.612923    0.464538    0.385541    0.206462    0.294078    0.178597    0.185886    0.115152    
1.952334    2.331024    2.113352    2.495891    2.490444    5.547950    5.436968    3.796588    2.174890    0.609418    0.463008    0.389247    0.215401    0.295114    0.175999    0.182375    0.053252    0.085075    
1.948430    2.317327    2.106435    2.483178    2.489367    5.544616    5.434817    3.455498    2.313097    2.705965    0.608211    0.462085    0.389824    0.216944    0.296410    0.174207    0.177095    0.061488    0.084279    0.019460    
