10    -4.751304    5.230813    0.115384
0.045279  -0.499267  -1.271602  -0.517983  0.510143  -0.288202  -0.237575  -0.498752  -0.734063  1.241094  0.074512  0.214214  0.209978  -1.570645  -0.863728  1.809023  0.669490  -0.298024  -0.167692  -2.031620  1.059673  -2.258756  -0.929584  -0.955863  1.005101  0.164662  0.974701  0.318961  0.884123  1.323747  -0.590289  0.275798  -1.551299  -0.529185  0.183199  0.274387  0.337787  0.284713  1.344580  -0.199527  0.494162  -0.858161  1.624182  -1.246189  0.170451  
-0.062558  0.151897  -0.153910  0.104019  -0.118787  -0.530031  0.097746  -0.128569  -0.109571  -0.151160  
 1    -2.390864    0.208368      0.236467
 2    -3.601563    0.466209      0.115180
 3    -4.114294    0.610638      0.063815
 4    -4.513836    0.737005      0.023789
 5    -4.625308    0.836976      0.012622
 6    -4.677100    0.865160      0.007434
 7    -4.704516    0.892406      0.004687
 8    -4.724095    0.947009      0.002726
 9    -4.731069    0.977148      0.002027
10    -4.735666    0.981243      0.001567
5.989736    0.679292    
2.886579    3.849570    0.554777    0.452328    
2.476617    2.760837    3.611996    0.567312    0.442526    0.275527    
2.310933    2.728253    2.334674    4.136952    0.619971    0.481756    0.335860    0.280612    
2.078678    2.433129    2.214245    2.562827    2.959089    0.602688    0.445130    0.372048    0.202461    0.214608    
1.377354    2.368352    2.305775    2.317534    2.543352    3.007234    0.610672    0.486276    0.401124    0.320787    0.207123    0.160264    
1.322995    2.205598    2.148724    2.228506    2.313957    2.710781    2.846581    0.627827    0.465316    0.399883    0.337323    0.274244    0.169709    0.103999    
1.296384    2.219841    2.107065    2.182551    2.209929    2.782557    2.359718    5.520548    0.646708    0.459544    0.392603    0.345470    0.278602    0.184056    0.180193    0.083540    
1.322684    2.252328    2.099903    2.192937    2.197933    2.777611    2.322877    5.670189    6.283185    0.656270    0.459294    0.386600    0.344073    0.280472    0.182186    0.201840    0.152231    0.053173    
1.315126    2.226523    2.073380    2.170863    2.192777    2.694846    2.353662    5.627054    5.693763    4.378154    0.649996    0.456972    0.384771    0.343088    0.284357    0.185767    0.210566    0.157381    0.068712    0.031775    
