10    -5.949231    4.817194    0.056885
0.865590  -0.505806  0.978056  0.089766  -0.313105  -0.997138  -0.062213  -0.719255  0.387988  0.285235  -2.107092  1.542011  -0.122495  -0.217374  1.046019  1.691346  1.035376  -0.154498  0.326185  -1.045922  -0.085956  -0.631021  -1.049734  0.551428  0.243106  -1.882774  1.321947  -0.329868  -1.139055  1.343185  -1.124240  0.546957  1.477139  -1.810112  -1.513006  1.365347  -1.338040  -1.542118  -0.593121  -0.131517  0.364986  -1.757442  0.250294  -0.717445  2.366310  
0.212073  -0.171262  -0.121646  -0.191428  0.102829  -0.182067  0.194211  -0.117274  -0.169725  0.214374  
 1    -1.674323    0.063200      0.397059
 2    -4.506604    0.645191      0.133993
 3    -5.517666    0.869947      0.040084
 4    -5.816147    0.938483      0.012361
 5    -5.887355    0.965645      0.005747
 6    -5.926913    0.993270      0.002073
 7    -5.942818    0.997930      0.000596
 8    -5.938029    0.994798      0.001040
 9    -5.947614    0.999439      0.000150
10    -5.942593    0.997821      0.000617
3.625645    0.246196    
3.671782    4.780819    0.807546    0.430006    
3.331479    3.523704    3.999946    0.761338    0.581120    0.335218    
2.294663    3.369738    3.255718    3.615034    0.698394    0.627250    0.466710    0.251224    
1.767108    3.187283    2.860859    3.096960    3.461902    0.716735    0.597759    0.506833    0.391762    0.181223    
1.695669    3.063385    2.821416    3.106512    3.357073    4.287790    0.703490    0.585349    0.521954    0.419280    0.282582    0.095801    
1.462553    2.687341    2.557735    2.613574    2.784867    3.101155    4.051195    0.692120    0.542942    0.497884    0.418748    0.334356    0.224157    0.092462    
1.452003    2.703947    2.593412    2.644263    2.813742    3.278268    6.133108    2.802732    0.694982    0.550115    0.501711    0.418601    0.314879    0.173373    1.570796    1.522695    
1.353826    2.467891    2.337691    2.243278    2.271321    2.397707    2.807258    3.475678    4.026003    0.681290    0.522006    0.461326    0.394654    0.336653    0.284298    0.215542    0.135345    0.035222    
1.437279    2.650904    2.562689    2.607996    2.791341    3.234222    6.069390    2.737791    4.289048    6.283185    0.692143    0.546902    0.498238    0.425040    0.332061    0.195774    1.570796    1.485744    1.543613    0.012212    
