10    -6.747910    6.694807    0.630871
-1.243488  -2.264139  0.865807  -1.336708  -1.279517  1.240628  -0.033184  -0.820098  1.200778  0.918955  -1.424009  2.450503  -0.537670  0.570585  0.081665  1.937139  -0.584177  -0.168090  0.839135  -0.710069  0.423163  -0.202745  0.808552  -0.285661  0.982600  -0.669389  -0.243496  0.163524  1.908285  0.632913  0.836553  1.256575  0.458119  0.538028  -0.143029  -0.484930  2.048962  2.163819  -0.538143  0.467530  0.064413  0.664333  -0.329523  0.794305  0.406870  
0.117879  -0.165281  0.063517  -0.139740  0.121981  -0.120432  -0.084228  0.677818  0.089701  -0.088950  
 1    -3.419648    0.246474      0.247588
 2    -4.868187    0.477798      0.139832
 3    -5.622346    0.660171      0.083730
 4    -6.157266    0.786586      0.043938
 5    -6.441631    0.866130      0.022784
 6    -6.463208    0.924594      0.021179
 7    -6.549391    0.942278      0.014768
 8    -6.474597    0.901191      0.020332
 9    -6.503685    0.912093      0.018168
10    -6.607309    0.924961      0.010459
6.144568    0.650753    
2.836848    3.352830    0.451182    0.447922    
2.252998    2.880476    2.577296    0.491217    0.359356    0.265053    
2.181274    2.558561    2.043397    4.950652    0.534618    0.446673    0.351517    0.268249    
1.979052    2.443102    2.210469    2.856265    2.511525    0.576159    0.450969    0.344656    0.176961    0.200220    
2.036993    2.581402    2.193830    5.057500    4.560340    1.113704    0.566288    0.463603    0.381059    0.431549    1.111870    0.473087    
1.883317    0.000000    2.374991    2.185828    2.758305    2.389355    5.678589    0.632645    1.512202    0.455034    0.354282    0.213019    0.284300    0.112025    
2.043578    2.559163    2.197206    5.023562    4.511122    1.178315    5.022395    4.411052    0.564132    0.460959    0.368710    0.408637    1.189339    0.337750    1.498189    1.533007    
2.047162    2.500366    2.163094    4.978615    4.367598    1.520311    4.400937    5.369284    6.159385    0.558846    0.461286    0.371877    0.420949    1.174587    0.324527    1.398075    1.410348    1.487910    
1.547002    0.000000    2.240531    2.204527    2.499540    2.508150    5.714166    3.027594    6.283185    2.796103    0.895956    1.262723    0.457544    0.380414    0.282942    0.276462    0.167121    1.426403    1.524402    1.505923    
