10    -6.075876    6.833041    0.368257
-0.994205  -0.671251  -0.887883  0.195603  1.382997  0.888781  -0.060407  -0.573972  0.071070  -1.079800  1.842317  -1.375264  1.536962  1.111330  0.582643  0.988356  0.304395  -0.174480  0.961648  -1.968457  2.608949  1.927321  -0.187514  1.218037  -2.363810  1.078523  1.704040  -1.534157  1.152590  -0.030215  -0.203973  -0.700638  -0.231525  0.013304  0.164172  -0.133719  -0.773512  0.097549  0.916264  -1.072608  -1.287118  0.271469  -0.583656  0.196905  1.741085  
-0.190942  -0.144500  -0.130718  -0.198180  -0.195822  0.148049  0.163346  0.141677  0.172449  -0.191692  
 1    -2.568731    0.218676      0.271684
 2    -4.646180    0.673974      0.110753
 3    -5.692827    0.911748      0.029673
 4    -5.969194    0.965698      0.008264
 5    -6.032399    0.984198      0.003368
 6    -6.059017    0.995333      0.001306
 7    -6.061032    0.996231      0.001150
 8    -6.068400    0.997859      0.000579
 9    -6.071021    0.998589      0.000376
10    -6.072696    0.999245      0.000246
4.270693    0.407612    
3.798654    5.039370    0.835648    0.455828    
3.447855    3.471535    4.058238    0.769924    0.576530    0.340085    
2.302934    3.302036    3.258017    3.720276    0.695646    0.631407    0.469749    0.257064    
1.702270    3.117150    2.835272    3.143281    3.554757    0.716305    0.598019    0.521274    0.402044    0.194302    
1.544541    2.904229    2.768666    2.939308    3.132736    3.736001    0.711047    0.583582    0.532315    0.433781    0.304094    0.110724    
1.531127    2.882314    2.759531    2.908736    3.082342    3.387261    6.283185    0.709686    0.581462    0.530920    0.430418    0.295433    0.093760    1.549109    
1.400728    2.633424    2.525729    2.491097    2.673876    3.109345    6.177514    2.320867    0.699001    0.552227    0.492564    0.415926    0.327746    0.189636    1.570796    1.525840    
1.373310    2.579028    2.464556    2.388482    2.524013    2.940329    5.969586    2.073804    4.351763    0.695246    0.548988    0.479988    0.410665    0.332126    0.223348    1.570796    1.457159    1.514463    
1.352378    2.543201    2.437555    2.404386    2.553643    2.935036    5.916285    1.764916    3.737040    3.828625    0.691465    0.545438    0.480541    0.420119    0.344142    0.237662    1.570796    1.417036    1.439170    1.515519    
