10    -6.953800    6.707522    1.466554
-0.497271  0.107765  1.882873  -1.069230  -1.527741  -1.511618  0.386228  0.482651  2.007500  -0.509702  -0.890950  0.223526  0.045737  1.275074  0.981557  -1.357761  0.467119  -0.566509  2.345418  -0.477393  -0.310067  1.301076  -0.166463  0.935313  1.558391  -0.933234  0.168355  0.230982  -0.599004  0.442476  0.782476  1.961281  0.745696  0.456744  0.636113  -2.370204  -0.726879  -0.116714  0.426946  0.869133  -0.911036  1.145228  -0.002807  -0.669404  -0.803439  
0.137595  0.087180  0.142814  0.124107  -0.136084  0.117561  0.100113  0.730078  0.075362  -0.103239  
 1    -1.358362    0.021979      0.409582
 2    -4.342463    0.183108      0.191148
 3    -4.798234    0.181286      0.157786
 4    -5.290664    0.526014      0.121740
 5    -5.802090    0.726387      0.084304
 6    -5.917903    0.745947      0.075827
 7    -5.954935    0.759998      0.073116
 8    -6.192168    0.796037      0.055751
 9    -6.369212    0.853007      0.042791
10    -6.441962    0.889343      0.037466
2.566529    0.974283    
1.840000    3.868772    0.397393    0.590586    
1.985424    2.573500    3.818871    0.500972    0.499350    0.300861    
1.888855    2.674886    4.134978    1.440760    0.438763    0.513557    0.586625    1.209235    
1.983825    2.623356    4.311326    1.566537    2.155232    0.478483    0.482368    0.554746    1.065507    0.241624    
2.034343    2.541890    4.175512    1.558922    2.073012    5.336543    0.503215    0.467129    0.518883    1.138884    0.313905    1.448868    
2.043004    2.516792    3.968574    1.504833    2.128187    5.424247    5.108413    0.522475    0.469927    0.511489    1.181160    0.318503    1.383104    0.064464    
2.066585    2.330886    2.054249    2.188956    2.328063    5.129361    5.120977    1.956140    0.543414    0.473713    0.354847    1.397184    0.470366    1.483230    0.313363    1.226600    
1.984320    2.324417    1.988539    2.552745    1.972233    5.137728    5.127943    1.974142    5.455675    0.558241    0.461051    0.353836    1.464726    0.471225    1.495589    0.317414    1.132493    0.116230    
1.951739    2.295492    1.991570    2.680040    1.996444    5.101858    5.109129    2.052281    5.360820    5.259551    0.556777    0.463100    0.361797    1.491553    0.446653    1.480447    0.314389    1.148846    0.165512    1.489701    
