10    -6.725067    6.700902    0.221135
-1.416842  1.141139  -0.062071  0.221127  -1.024472  -0.338375  2.052339  -0.303012  -1.444028  -2.597116  -2.753540  -1.642764  0.524421  -0.364225  -0.637291  0.086793  -1.483513  1.732859  0.351637  0.585125  -0.091862  0.001853  0.595091  -0.665807  0.793773  -0.278339  0.412654  -2.365867  1.255806  -1.336100  -0.537524  2.357279  -0.418594  1.781215  2.487691  -0.598725  -0.789933  0.603959  -0.148886  -0.076616  -1.293745  -1.102144  -1.363879  -0.432163  -1.196886  
-0.143673  -0.099238  0.469046  -0.121915  0.120440  -0.129857  -0.150975  -0.138039  -0.122275  -0.200121  
 1    -2.142675    0.130679      0.341308
 2    -4.948100    0.521424      0.132353
 3    -5.923026    0.671141      0.059738
 4    -6.446249    0.833133      0.020767
 5    -6.601468    0.909009      0.009206
 6    -6.680555    0.960550      0.003315
 7    -6.704778    0.988326      0.001511
 8    -6.714014    0.989412      0.000823
 9    -6.720379    0.997070      0.000349
10    -6.722708    0.999028      0.000176
2.945740    0.619690    
2.966426    4.332382    0.652209    0.440255    
2.529327    2.826285    4.175084    0.631006    0.525399    0.337923    
2.148771    2.802975    2.474800    3.970176    0.649807    0.522955    0.396346    0.299433    
1.755115    2.472453    2.324351    2.449398    3.477228    0.632037    0.488110    0.429643    0.302214    0.241007    
1.405355    2.430743    2.298851    2.278950    2.390638    3.356437    0.661323    0.517749    0.430179    0.363325    0.262733    0.194622    
1.296094    2.195880    2.132880    2.182291    2.272945    2.604240    2.985724    0.644101    0.488167    0.430124    0.372188    0.305329    0.207672    0.120259    
1.213581    2.084051    2.061503    2.100330    2.178966    2.413813    2.528454    3.404194    0.634811    0.478434    0.426512    0.374793    0.319257    0.240778    0.166029    0.072188    
1.173038    1.992852    1.972855    1.993334    2.041404    2.181027    2.355642    2.534386    3.457473    0.631108    0.465598    0.414823    0.366005    0.321778    0.250033    0.207136    0.115457    0.062563    
1.067035    1.780957    1.838185    1.872716    1.912108    1.963556    2.152996    2.336005    2.708751    3.108648    0.610323    0.443005    0.403532    0.360152    0.322067    0.267351    0.223272    0.176936    0.089498    0.051058    
