10    -5.901012    5.757641    0.280536
-1.130571  0.696200  -0.432293  0.741020  -0.478137  1.386040  0.125180  1.148860  -2.350259  0.183293  -0.311386  -0.294066  0.400061  1.005500  0.501643  -0.000668  1.303972  1.073324  -0.515345  1.662900  0.551817  -0.579494  -0.848800  -0.410862  2.160625  -1.557699  0.134852  0.005454  0.646549  -0.592073  0.551924  1.378349  0.504470  -0.117452  -0.835364  1.302395  1.956960  0.577368  0.163496  0.603344  -0.601698  -0.586945  0.483114  0.647956  -0.733215  
-0.185898  -0.124547  0.146083  -0.146901  0.119573  -0.123226  0.505726  0.090946  0.134875  0.080206  
 1    -2.536561    0.181653      0.288580
 2    -4.371412    0.520964      0.131199
 3    -5.083092    0.701810      0.070156
 4    -5.572135    0.807606      0.028209
 5    -5.761991    0.892893      0.011924
 6    -5.836673    0.920951      0.005519
 7    -5.867902    0.938809      0.002840
 8    -5.878816    0.964786      0.001904
 9    -5.891149    0.983312      0.000846
10    -5.895475    0.989328      0.000475
3.770248    0.563319    
2.854501    3.634781    0.567660    0.422497    
2.476339    2.783001    3.217289    0.599721    0.424268    0.272989    
2.244380    2.826058    2.543261    3.522011    0.655898    0.516380    0.329271    0.257234    
2.042362    2.485094    2.247601    2.617125    2.751736    0.627321    0.470614    0.385125    0.225744    0.191389    
1.379855    2.394656    2.315970    2.297123    2.573987    2.809091    0.627916    0.505636    0.421663    0.334492    0.215570    0.148746    
1.275052    2.208517    2.118044    2.174986    2.255470    2.688982    2.634476    0.645740    0.480751    0.414137    0.357516    0.286364    0.180264    0.102155    
1.250020    2.184157    2.140144    2.183219    2.290241    2.608205    2.648804    3.327003    0.633599    0.484038    0.422620    0.362375    0.291012    0.228483    0.114732    0.054704    
1.227472    2.098631    2.017153    2.044533    2.120446    2.362220    2.422812    2.722696    3.171185    0.632619    0.466787    0.404733    0.352282    0.302275    0.226555    0.193166    0.076282    0.066277    
1.133881    1.890918    1.882409    1.913314    1.967218    2.079179    2.294271    2.401456    2.986124    2.795814    0.614682    0.442392    0.396092    0.344911    0.306511    0.244272    0.208002    0.155733    0.072120    0.055545    
