10    -5.546055    5.626134    0.040206
1.011944  0.346745  -0.230357  -0.433349  -0.627075  0.791468  -0.598915  -0.869797  -0.788798  -0.724587  -0.092965  -1.456969  0.201143  -0.592222  0.822629  -1.629775  1.174757  2.386508  -0.728570  -0.271611  -1.366432  -0.545020  -0.308100  -1.794647  1.810442  -0.040052  -1.391488  -1.741249  -0.824328  0.888951  -1.114523  1.365967  0.558312  0.855175  -0.596318  -0.278357  1.481615  -0.498983  0.319215  -0.241319  -0.983080  -0.280740  1.096625  -0.619007  1.435954  
-0.130056  0.118773  0.144356  -0.141600  0.123503  0.505276  -0.109790  -0.121119  -0.132215  0.167106  
 1    -2.745996    0.000042      0.250628
 2    -3.745422    0.000177      0.161171
 3    -4.140011    0.000090      0.125852
 4    -4.524423    0.000013      0.091444
 5    -4.630893    0.000008      0.081914
 6    -4.666131    0.000005      0.078760
 7    -4.683325    0.000001      0.077221
 8    -4.688699    0.000001      0.076740
 9    -4.692205    0.000001      0.076426
10    -4.694382    0.000001      0.076232
5.158224    0.608601    
2.698044    3.495019    0.535465    0.430146    
2.320710    2.587943    3.244208    0.568351    0.432195    0.259448    
2.261698    2.585846    2.250455    3.726274    0.658708    0.498839    0.342847    0.293327    
2.035933    2.241205    2.067488    2.365626    2.703922    0.624906    0.452353    0.381882    0.213025    0.225475    
1.372599    2.042021    2.101417    2.104889    2.442705    2.551408    0.570150    0.479893    0.410187    0.313890    0.218301    0.153588    
1.159547    2.059947    1.941893    2.020855    2.098781    2.494207    2.438195    0.638412    0.470200    0.406392    0.357032    0.286428    0.181879    0.115809    
1.142044    1.849378    1.802739    1.840639    1.882651    2.002478    2.348615    2.351025    0.624034    0.439499    0.392213    0.336910    0.297666    0.218536    0.152498    0.080473    
1.130294    1.911970    1.848759    1.875132    1.925817    2.098550    2.265833    2.371557    3.189961    0.628853    0.452263    0.397467    0.347128    0.304389    0.224991    0.195997    0.086999    0.053279    
1.074749    1.741782    1.735446    1.754627    1.806576    1.879418    2.120156    2.203779    2.645378    2.727895    0.613792    0.430142    0.385858    0.338995    0.306044    0.248803    0.207759    0.167422    0.067973    0.054604    
