10    -4.916345    7.285886    0.129051
1.412241  2.337697  1.611915  1.649743  0.798248  -0.038336  -0.416919  0.573888  0.379333  0.395861  -0.639797  -0.622015  -1.097253  -0.040995  0.406483  1.850516  0.371162  -0.024252  0.881849  1.684386  -0.044589  -0.971817  -0.680023  -1.209145  0.695044  0.691764  0.203673  -0.572106  0.621362  -0.836067  -0.261789  0.241504  -0.153626  -0.948075  0.199662  -0.560836  -2.803511  0.893301  0.423962  0.633647  0.019574  1.092465  0.627957  0.383323  1.381928  
0.230700  -0.131022  -0.170167  -0.166908  -0.028880  -0.171936  0.144011  -0.181904  0.156244  -0.181384  
 1    -2.356987    0.192934      0.209745
 2    -3.759023    0.478828      0.094845
 3    -4.576858    0.653843      0.027822
 4    -4.807775    0.716271      0.008898
 5    -4.862579    0.742147      0.004406
 6    -4.879839    0.787344      0.002992
 7    -4.889877    0.820666      0.002169
 8    -4.897966    0.915199      0.001506
 9    -4.908107    0.985552      0.000675
10    -4.912009    0.996811      0.000355
4.955855    0.452249    
4.103806    5.383016    0.810698    0.438551    
3.684989    3.722564    4.434603    0.741667    0.566057    0.339894    
2.487902    3.611566    3.566315    4.058158    0.682922    0.611154    0.460580    0.246166    
1.836376    3.368551    3.110789    3.453414    3.945121    0.704163    0.575761    0.508563    0.396060    0.187503    
1.754821    3.276374    3.094151    3.378070    3.672790    4.579126    0.700856    0.572672    0.517546    0.422162    0.284343    0.092871    
1.627569    2.982426    2.837276    2.960426    3.207765    3.624299    4.604991    0.692311    0.538203    0.491391    0.420964    0.337328    0.218277    0.089838    
1.714424    3.198027    2.914001    3.135220    3.393092    3.907589    4.859774    5.612942    0.709019    0.547529    0.497059    0.409400    0.320790    0.202032    0.161891    0.067700    
1.670675    3.090680    2.877410    3.004535    3.302116    3.997360    5.035761    4.722657    4.789760    0.695741    0.545461    0.488382    0.403283    0.303199    0.194366    0.174695    0.164096    0.087152    
1.622206    2.979286    2.866808    2.944700    3.217515    3.759984    5.010640    4.973926    4.358732    4.604963    0.689267    0.543328    0.491490    0.417184    0.331986    0.205684    0.149068    0.158624    0.149017    0.067823    
