10    -4.856680    5.165599    0.593068
-1.121427  0.552710  -0.128515  -0.098978  0.525132  0.641744  1.041625  -0.042823  1.512432  -1.412685  -0.643521  0.264371  -1.049341  1.305647  0.713874  1.167148  0.704935  -0.414135  0.073798  1.057499  0.449541  0.053513  -0.031501  0.826730  0.584970  -0.994272  0.246403  0.018999  -0.868504  -0.660261  1.376680  0.324936  -0.561555  1.042115  0.370079  -1.074197  0.622274  -0.945610  1.262395  -0.076625  -0.077631  0.329898  -0.770322  0.515408  -0.316707  
0.164878  0.135290  0.129279  -0.126428  0.137243  -0.122806  -0.098046  -0.612325  -0.100718  -0.101986  
 1    -2.422029    0.245245      0.242924
 2    -3.471773    0.525897      0.138183
 3    -4.094913    0.640125      0.076007
 4    -4.132982    0.707332      0.072209
 5    -4.293710    0.758625      0.056172
 6    -4.790379    0.966559      0.006615
 7    -4.447494    0.890537      0.040828
 8    -4.475776    0.906631      0.038006
 9    -4.491210    0.905743      0.036466
10    -4.510609    0.911659      0.034530
4.970623    0.699959    
2.467181    3.847669    0.517339    0.482336    
2.328021    2.562092    4.114903    0.583878    0.482589    0.318526    
2.360223    2.600758    4.752912    3.447629    0.575197    0.509801    0.317973    1.499960    
2.344203    2.606792    4.511821    4.324953    1.199600    0.600143    0.530347    0.433517    0.880128    0.662681    
1.312115    2.238821    2.153866    2.176923    2.364483    2.792881    0.616109    0.489288    0.410087    0.329925    0.196190    0.191911    
2.443586    2.654093    5.104691    3.456074    1.718092    4.415043    1.564637    0.629780    0.521395    0.508212    1.072869    0.567123    1.098147    0.386754    
2.396221    2.669022    5.225264    3.346726    1.883321    4.177059    2.265416    0.658812    0.637907    0.523542    0.517113    1.089361    0.552717    1.137279    0.637074    1.251475    
2.361294    2.677863    5.203666    3.453426    1.972839    4.011464    2.715120    0.546652    3.630978    0.633645    0.521650    0.528616    1.076282    0.544048    1.127115    0.674463    1.166855    1.466779    
2.380744    2.686519    5.232285    3.454967    1.956931    4.120777    2.639162    0.565184    4.049484    6.283185    0.631843    0.523271    0.531511    1.079751    0.542793    1.130000    0.687567    1.151347    1.387447    1.475592    
