10    -5.555968    4.803093    0.614948
-0.944526  -0.876067  0.826348  -0.320301  -1.080067  1.307439  -0.072256  1.633084  1.209046  -0.966583  -1.493422  -0.523997  0.003965  -0.293546  0.062105  -0.430417  0.109365  -0.063731  0.741933  -0.730128  -1.295282  0.584340  0.263752  0.919100  -0.028440  -0.286742  2.014533  1.437291  -1.871341  -0.033665  0.017098  -0.669845  -0.390340  0.270122  0.528851  -0.003812  0.320729  0.897765  0.128169  0.651621  0.324340  0.271396  -1.723973  -1.159735  -0.335052  
-0.175777  -0.076571  -0.131395  0.112530  -0.546116  -0.112340  -0.135735  0.128718  0.154789  0.147375  
 1    -2.775462    0.230276      0.268413
 2    -4.184243    0.524039      0.132418
 3    -4.800393    0.689135      0.072939
 4    -5.266208    0.800766      0.027972
 5    -5.415255    0.912971      0.013584
 6    -5.485617    0.943311      0.006791
 7    -5.520362    0.963396      0.003437
 8    -5.532415    0.975209      0.002274
 9    -5.545796    0.991228      0.000982
10    -5.551166    0.996083      0.000464
4.969621    0.568573    
2.599149    3.652891    0.549456    0.457733    
2.292654    2.499983    3.277936    0.565466    0.436470    0.286606    
2.118752    2.498116    2.114804    3.846270    0.628970    0.491188    0.348938    0.293809    
1.912009    2.251018    2.027347    2.326527    2.715097    0.615639    0.456299    0.381769    0.204151    0.226226    
1.292862    2.175075    2.107833    2.110497    2.317710    2.692387    0.618645    0.494328    0.409474    0.326637    0.205991    0.171691    
1.200414    2.037346    1.946849    2.012179    2.067697    2.477828    2.453707    0.641508    0.473400    0.405133    0.346838    0.280843    0.171837    0.117746    
1.145347    1.915269    1.888360    1.935648    2.028174    2.240018    2.380409    2.719174    0.619367    0.462566    0.407361    0.345883    0.291945    0.222776    0.129474    0.068660    
1.157067    1.939977    1.855650    1.884323    1.934053    2.173635    2.232542    2.317753    3.144376    0.636908    0.458408    0.395508    0.342949    0.299066    0.214506    0.199649    0.069364    0.075040    
1.104408    1.769578    1.740822    1.774955    1.832165    1.927749    2.160666    2.189865    2.824189    2.527789    0.619136    0.435349    0.387301    0.334866    0.302418    0.235381    0.202492    0.157086    0.061453    0.064432    
