10    -4.753721    4.906298    0.054999
-0.804458  0.320932  -0.025483  0.644324  -0.300797  0.389475  -0.107437  -0.479983  0.595036  -0.464668  0.667281  -0.806116  -1.196070  -0.405960  -0.182377  0.103193  -0.138422  0.705692  1.271795  -0.986747  -0.334835  -0.099482  0.407192  0.919388  0.312118  1.533161  -0.550174  -0.383147  -0.822941  1.600083  -0.069281  0.083209  -0.326925  -0.045797  -0.304460  1.923010  -0.078659  -0.582066  -1.617982  0.867261  -1.040437  0.650421  2.699646  0.802025  -1.096921  
0.025492  -0.167608  -0.031681  0.163757  -0.093852  -0.131108  0.111676  -0.564992  0.080582  -0.121841  
 1    -2.032112    0.000729      0.281740
 2    -3.560786    0.000513      0.123492
 3    -3.994346    0.000040      0.078610
 4    -4.314008    0.000152      0.045519
 5    -4.475250    0.000038      0.028827
 6    -4.528328    0.000009      0.023333
 7    -4.527882    0.000023      0.023379
 8    -4.584966    0.000018      0.017469
 9    -4.611881    0.000003      0.014683
10    -4.617726    0.000001      0.014078
4.960962    0.446645    
3.189196    3.345258    0.478723    0.411285    
2.408972    3.050452    2.866385    0.506271    0.377458    0.234621    
2.362299    2.960768    2.743417    3.752953    0.601385    0.479212    0.260265    0.225454    
2.130232    2.606951    2.452104    3.120203    2.820176    0.579725    0.447964    0.347005    0.192201    0.173617    
1.407653    2.535368    2.485715    2.561536    2.930111    3.032733    0.602343    0.465999    0.387811    0.302635    0.181129    0.131515    
2.197324    2.597143    2.434285    3.256864    2.592469    6.283185    6.283185    0.567039    0.455247    0.352228    0.197438    0.262966    0.157980    0.066073    
2.170148    2.646683    2.457881    3.247614    2.607816    6.283185    6.103716    6.283185    0.579458    0.453654    0.349393    0.193101    0.259693    0.178704    0.166652    0.103899    
2.106401    2.587581    2.441950    3.119829    2.670308    6.283185    5.796140    5.987263    6.283185    0.581324    0.452686    0.358089    0.202932    0.268125    0.159720    0.153446    0.170841    0.076930    
2.061488    2.570363    2.449879    3.103549    2.675842    6.283185    5.708895    5.843805    6.283185    5.950694    0.578969    0.454964    0.360653    0.213860    0.274573    0.156647    0.136601    0.176804    0.111842    0.032173    
