10    -4.159944    6.743091    0.050795
1.388700  1.788755  0.578529  -1.270554  -1.258753  -0.139977  -0.346450  -1.133400  0.839501  -1.195614  -0.891264  0.056036  -0.382613  -1.776864  -0.436097  0.527447  -0.499284  0.978743  -0.462637  -0.235565  0.134705  0.247562  -0.517419  -0.054777  0.724381  -0.410012  0.210369  -0.298181  -1.063472  0.189191  0.456209  -0.417063  1.802967  0.102135  0.327872  -2.098674  1.606367  -0.421692  0.959022  -1.376463  -0.601378  -0.557004  1.270642  0.601003  -1.169584  
0.199963  -0.173271  -0.183367  -0.106966  0.043378  -0.192948  -0.171136  0.146292  -0.180992  -0.180867  
 1    -1.728760    0.123289      0.222982
 2    -3.200926    0.521142      0.087959
 3    -3.854327    0.707591      0.028030
 4    -4.056173    0.785527      0.009518
 5    -4.105144    0.822037      0.005026
 6    -4.131795    0.900720      0.002582
 7    -4.143476    0.922628      0.001510
 8    -4.148636    0.963410      0.001037
 9    -4.153279    0.987376      0.000611
10    -4.156310    0.993102      0.000333
4.625635    0.757446    
3.955743    5.150886    0.785610    0.416513    
3.529594    3.695957    4.377493    0.741300    0.578033    0.342084    
2.481391    3.489890    3.488809    3.935099    0.680063    0.604951    0.457872    0.241753    
1.859800    3.294833    3.061890    3.373552    3.870083    0.698999    0.575182    0.501804    0.391809    0.182228    
1.840706    3.302853    3.070628    3.427828    3.793131    4.914130    0.693066    0.577057    0.508368    0.412448    0.274620    0.099542    
1.626173    2.965144    2.793230    2.945592    3.181403    3.589290    4.545840    0.685469    0.537984    0.489885    0.414355    0.326387    0.213110    0.096635    
1.695936    3.072174    2.847287    3.016032    3.251038    3.672259    4.529238    5.382701    0.694114    0.547652    0.493352    0.419448    0.337689    0.227012    0.154529    0.048636    
1.597545    2.945738    2.833068    2.928603    3.150771    3.561215    4.163959    4.439383    5.045166    0.681673    0.545417    0.494426    0.420089    0.350023    0.258395    0.185721    0.116963    0.052089    
1.521900    2.774438    2.588947    2.569253    2.684558    2.868456    3.321627    3.841538    4.468444    4.917466    0.674067    0.516739    0.459161    0.391559    0.331051    0.265340    0.206399    0.169442    0.113796    0.050248    
