10    -5.699035    5.596456    0.029555
1.584050  0.306209  -0.722096  0.029006  -2.123688  -1.829934  0.920972  -0.910938  0.595995  2.324745  -0.049952  -2.065527  0.045791  0.106866  -0.384576  -0.676318  0.195727  -0.449039  -0.653854  -0.236046  1.792894  -0.558148  -2.057404  -0.646124  -0.252330  0.356522  0.378152  -0.871000  -0.687169  -0.223007  -1.301475  0.287603  -1.024622  -1.447560  1.407380  -0.085809  1.403127  0.445683  1.428056  -0.906907  -0.512210  -0.555439  1.847181  -1.237290  0.062837  
-0.205209  0.171608  -0.172178  -0.117401  -0.149575  -0.181080  0.146943  0.186897  -0.145645  0.192699  
 1    -2.794148    0.310578      0.257172
 2    -4.306103    0.673891      0.123318
 3    -5.320430    0.902069      0.033518
 4    -5.602338    0.966455      0.008561
 5    -5.665853    0.985484      0.002938
 6    -5.685124    0.994578      0.001232
 7    -5.695004    0.998665      0.000357
 8    -5.695341    0.998468      0.000327
 9    -5.695509    0.998119      0.000312
10    -5.697807    0.999516      0.000109
4.613840    0.625311    
3.801194    4.995974    0.825334    0.443246    
3.479473    3.577777    4.110215    0.775476    0.587571    0.345198    
2.304656    3.435340    3.349717    3.769704    0.704201    0.641678    0.482214    0.260344    
1.718924    3.191235    2.895915    3.209763    3.573844    0.727170    0.597651    0.531890    0.412012    0.199288    
1.587702    2.944637    2.806332    2.991216    3.149874    3.724493    0.713196    0.579899    0.534448    0.437437    0.306004    0.109739    
1.466006    2.690867    2.584812    2.614104    2.754056    3.050110    3.937285    0.700035    0.547191    0.504012    0.425572    0.345986    0.231979    0.088532    
1.439612    2.642153    2.549312    2.556137    2.693324    2.959860    3.516691    6.283185    0.695865    0.542709    0.497844    0.422181    0.342134    0.226097    0.071392    1.553547    
1.406995    2.578529    2.499373    2.423631    2.556924    2.943208    5.866736    2.278121    4.382822    0.689514    0.536988    0.483603    0.407304    0.330359    0.222392    1.570796    1.457206    1.513811    
1.332761    2.449626    2.350960    2.283987    2.328456    2.502584    3.096199    6.056993    2.701403    5.020440    0.686928    0.524162    0.466033    0.405588    0.343913    0.276905    0.176554    1.570796    1.487542    1.538219    
