10    -6.923396    5.649174    0.927241
0.678844  0.916339  -0.121169  -1.154417  -0.271141  0.472377  1.269233  0.984344  -1.327064  -1.593114  -2.256591  -0.017827  -1.976864  1.137158  -0.490799  1.221608  -1.529330  1.045777  -0.322531  -0.944890  0.158779  0.166864  1.468873  0.158110  -0.907787  0.187829  -1.010326  -2.628436  1.190634  0.133431  -0.956012  1.028075  -1.682459  -0.402121  0.227379  0.154679  1.045232  -0.658396  0.802881  0.217468  -0.482234  0.786533  0.470663  -0.830895  1.811713  
0.031272  0.205155  0.103864  0.146337  0.127916  0.078120  -0.583499  0.111171  -0.128253  0.156781  
 1    -3.421971    0.170346      0.278497
 2    -5.035790    0.386998      0.150137
 3    -5.729868    0.515984      0.094931
 4    -6.240913    0.593346      0.054283
 5    -6.493093    0.668234      0.034226
 6    -6.581867    0.759158      0.027165
 7    -6.644723    0.839443      0.022165
 8    -6.733420    0.927698      0.015110
 9    -6.784752    0.971280      0.011027
10    -6.792343    0.971652      0.010424
5.641362    0.688526    
2.626096    3.149878    0.497098    0.435425    
2.163023    2.577168    2.576525    0.532707    0.383074    0.254090    
2.078551    2.512667    2.217171    3.436619    0.622464    0.488274    0.293989    0.255924    
1.910500    2.238884    2.055426    2.555339    2.429586    0.603427    0.453900    0.359788    0.194774    0.192254    
1.895731    2.231072    2.061469    2.641833    2.292511    5.588248    0.591966    0.456055    0.360438    0.202242    0.274277    0.110080    
1.985293    2.270431    2.042481    2.603555    2.304079    5.554318    5.701919    0.596005    0.451078    0.359567    0.193253    0.286046    0.206223    0.102227    
2.001769    2.296836    2.072096    2.653303    2.274047    5.445494    5.360683    5.509839    0.603129    0.456361    0.359709    0.197605    0.286625    0.218260    0.202440    0.112884    
1.966176    2.256972    2.076850    2.656977    2.274461    5.538329    5.543176    5.666827    5.724767    0.606201    0.461902    0.363500    0.206897    0.277013    0.189519    0.180395    0.180136    0.089142    
1.945190    2.243640    2.069970    2.607950    2.281806    5.481903    5.510093    5.691043    5.605273    3.230349    0.605255    0.463248    0.367762    0.213856    0.282230    0.186514    0.175824    0.179210    0.091795    0.023119    
