10    -4.994651    5.053504    0.029877
1.594854  -0.655138  1.016982  0.369841  -0.070009  -0.682898  -0.254259  -0.672071  0.295525  0.098739  -0.925285  0.296286  -0.202728  -0.416951  -0.139597  1.161232  -0.213925  -1.273170  -0.021132  0.436229  -0.325183  1.304758  -0.506358  -0.392422  -0.848370  -1.617793  -1.177994  -0.524107  -0.350363  -1.682789  0.256443  -0.872514  0.177065  -0.927713  1.373764  1.081309  1.786012  -0.881943  -1.925976  -0.016647  0.570341  0.019795  0.823394  0.767302  -0.735529  
-0.226700  0.181012  0.113079  0.189885  -0.046022  0.197729  -0.111117  -0.175693  0.122355  0.223375  
 1    -2.553267    0.002621      0.242968
 2    -3.784400    0.000444      0.120445
 3    -4.589724    0.000208      0.040299
 4    -4.825469    0.000081      0.016837
 5    -4.884058    0.000000      0.011006
 6    -4.925525    0.000001      0.006879
 7    -4.941174    0.000000      0.005322
 8    -4.950182    0.000000      0.004426
 9    -4.956745    0.000001      0.003772
10    -4.961152    0.000001      0.003334
5.995157    0.469643    
3.938085    5.146866    0.791305    0.419325    
3.529016    3.728570    4.331844    0.735696    0.569357    0.332967    
2.481870    3.563944    3.465976    3.872611    0.680299    0.600635    0.448503    0.239784    
1.924586    3.366493    3.054301    3.320765    3.786616    0.696330    0.573110    0.483603    0.376666    0.170876    
1.899319    3.321490    3.050121    3.397958    3.773675    4.934009    0.685276    0.568811    0.495304    0.395789    0.264787    0.101218    
1.619536    2.944576    2.804992    2.933005    3.195298    3.582771    4.524310    0.680185    0.532052    0.486151    0.410933    0.322258    0.211599    0.098426    
1.699980    3.084852    2.865981    3.038450    3.289186    3.668637    4.558326    5.455831    0.690244    0.540213    0.491299    0.411038    0.330547    0.219329    0.158670    0.053166    
1.602977    2.933587    2.812190    2.891345    3.121162    3.478479    4.083793    4.159683    4.926619    0.679617    0.534624    0.485125    0.409838    0.337806    0.253130    0.179992    0.117897    0.056496    
1.527959    2.781901    2.631283    2.604691    2.714701    2.916130    3.365795    3.824925    4.414818    4.755795    0.674063    0.513852    0.460893    0.389275    0.325378    0.261499    0.201234    0.168187    0.112381    0.050474    
