10    -7.342541    5.375525    0.111051
-1.450948  1.910953  0.711879  -0.247738  0.361466  -0.032950  -0.221347  0.477257  -0.691939  0.792006  0.073249  1.303286  0.213481  1.017349  1.911712  -0.529672  1.842135  -1.057235  -0.862916  0.237631  -1.154182  1.214984  -1.293759  0.822723  -0.332151  -1.281429  0.218538  2.083474  -0.248218  0.267460  0.712514  -0.653608  0.162280  2.213380  -0.665534  -1.009003  2.348051  0.604376  0.643829  -0.331752  0.069864  -0.014711  1.711069  -0.356445  0.643116  
0.152723  -0.133631  -0.136750  -0.151789  0.135156  -0.124021  0.490905  0.124903  -0.131367  0.149841  
 1    -2.629669    0.140334      0.370565
 2    -5.477222    0.533595      0.146667
 3    -6.472550    0.656447      0.068406
 4    -6.485768    0.655416      0.067367
 5    -6.502849    0.648961      0.066024
 6    -6.577711    0.717370      0.060137
 7    -6.580983    0.708726      0.059880
 8    -6.587515    0.706639      0.059366
 9    -6.805265    0.866424      0.042245
10    -6.640701    0.635921      0.055184
4.761936    0.432669    
2.687304    3.835134    0.614959    0.456374    
2.365505    2.571667    3.935605    0.617193    0.513271    0.318667    
2.337821    2.581329    3.857832    6.283185    0.613653    0.514563    0.304400    1.542480    
2.352477    2.589426    3.830352    6.283185    6.283185    0.614466    0.522548    0.297726    1.552633    0.033259    
2.299722    2.600277    3.469469    6.283185    6.004393    2.764758    0.621818    0.513721    0.330050    1.531156    0.000000    0.088323    
2.287187    2.601027    3.458525    6.283185    6.083471    2.843812    5.325473    0.621311    0.514146    0.332746    1.528244    0.000000    0.080677    1.554782    
2.297154    2.594503    3.522880    6.283185    5.886880    2.647344    6.283185    6.283185    0.618304    0.516656    0.326816    1.528488    0.000000    0.065887    1.570796    0.027763    
2.096232    2.511847    2.412854    5.738621    2.655180    5.045137    5.569235    3.501286    5.420792    0.582468    0.462610    0.331811    1.570796    1.282291    1.374794    1.523488    1.514917    1.544876    
2.308104    2.607387    3.562689    6.283185    6.241904    3.002518    6.283185    6.283185    5.120021    6.283185    0.627051    0.525333    0.350403    1.517224    0.000000    0.100558    1.537299    0.028516    0.050739    1.543730    
