10    -6.991107    5.265593    0.585746
-0.035920  -1.299604  0.889104  -0.585994  0.462999  -0.768262  -1.095189  -1.467687  1.944982  -0.321040  -0.414614  -0.035430  3.271529  -0.267381  0.734255  -0.297524  -0.216513  1.865483  0.718226  0.226963  -0.908634  1.313824  0.193337  1.572044  -1.879911  1.578469  -0.685577  -0.879810  0.464822  -1.564092  1.209342  0.987161  -0.700099  -0.423367  0.187833  0.288651  -0.559797  -0.532814  -1.248217  0.973253  0.434748  -0.563710  -0.704399  -1.723364  -1.217254  
-0.177653  -0.126388  -0.174817  0.186818  0.185267  0.127100  -0.156800  0.174956  0.125191  0.210621  
 1    -3.068543    0.212822      0.320034
 2    -5.348377    0.668252      0.134027
 3    -6.547645    0.906132      0.036181
 4    -6.857432    0.959914      0.010906
 5    -6.935640    0.979232      0.004525
 6    -6.968733    0.994667      0.001825
 7    -6.970437    0.995303      0.001686
 8    -6.984908    0.998582      0.000506
 9    -6.989938    0.999572      0.000095
10    -6.990461    0.999834      0.000053
6.003021    0.449692    
3.950743    5.076895    0.828580    0.447581    
3.608025    3.604211    4.103959    0.769807    0.570877    0.333450    
2.400541    3.393008    3.359709    3.802291    0.692146    0.624806    0.469271    0.250679    
1.791395    3.266352    2.922842    3.224909    3.631433    0.720582    0.596365    0.513967    0.397827    0.188775    
1.667582    3.085770    2.874092    3.134271    3.356497    4.136900    0.707954    0.582997    0.527659    0.426916    0.291251    0.096108    
1.652532    3.075187    2.869109    3.123220    3.348201    3.835608    6.283185    0.707741    0.581524    0.527643    0.423777    0.281564    0.073999    1.551510    
1.467238    2.712079    2.610851    2.638980    2.818483    3.132829    3.924958    6.254627    0.697132    0.542610    0.498141    0.422033    0.340032    0.224703    0.076769    1.561083    
1.204007    2.233438    2.313480    2.276766    2.235109    2.299057    2.604199    3.071503    3.764646    0.666227    0.518254    0.464503    0.410522    0.349963    0.300303    0.244745    0.162191    0.062806    
1.147936    2.130059    2.308590    2.308970    2.323469    2.351127    2.524725    2.972027    3.560203    4.281902    0.654574    0.515287    0.470433    0.426947    0.370830    0.313912    0.265275    0.202333    0.119657    0.030440    
