10    -6.266103    6.217917    0.174765
0.445292  -0.280395  -1.876685  -0.387690  0.596937  0.683369  0.232692  0.715544  0.804504  0.348361  -0.195662  -0.923606  0.598020  -1.569014  -0.119666  0.392834  1.194875  0.806525  1.582657  1.459610  -0.604105  -0.870248  -0.041871  1.678362  -0.365394  1.448301  0.201462  -1.036387  -1.578782  1.290704  0.082736  1.025227  -2.579276  0.602220  1.016007  -1.174483  -1.254937  2.600092  0.297553  0.355925  1.484548  0.789990  -1.406335  0.549093  -0.449371  
0.189728  0.099019  0.096767  0.156737  0.129559  -0.112859  -0.637897  0.111662  0.130158  -0.138810  
 1    -3.419910    0.219420      0.227987
 2    -4.839979    0.518576      0.114236
 3    -5.415271    0.708083      0.068154
 4    -5.911157    0.808830      0.028432
 5    -6.106796    0.920662      0.012761
 6    -6.189032    0.949133      0.006174
 7    -6.231826    0.968185      0.002746
 8    -6.247695    0.979214      0.001475
 9    -6.258176    0.993643      0.000635
10    -6.263358    0.997867      0.000220
4.472451    0.719572    
2.363551    2.946073    0.475579    0.458665    
1.939531    2.341901    2.336909    0.507677    0.380424    0.255013    
1.926345    2.171694    1.819377    3.695705    0.594793    0.473808    0.324775    0.289788    
1.731412    2.005174    1.839806    2.297357    2.204287    0.596142    0.452885    0.357132    0.181618    0.215104    
1.197545    1.848401    1.843375    1.904916    2.213664    2.201240    0.567547    0.464669    0.395957    0.290157    0.193870    0.155620    
1.043995    1.794428    1.743347    1.826938    1.877897    2.265402    2.151121    0.619964    0.456958    0.393193    0.336406    0.266571    0.160013    0.118200    
1.016477    1.639862    1.631996    1.686183    1.764478    1.887103    2.171964    2.114761    0.598089    0.437927    0.384559    0.322800    0.285539    0.209403    0.128723    0.081397    
0.961160    1.650856    1.639095    1.674613    1.722898    1.910168    2.027145    2.061712    2.680923    0.609234    0.440312    0.386781    0.334063    0.291221    0.213014    0.192962    0.073637    0.065162    
0.908781    1.503180    1.539521    1.576306    1.632712    1.716854    1.938980    1.964805    2.374010    2.317636    0.597601    0.422314    0.377179    0.329722    0.299619    0.237984    0.196489    0.163532    0.056031    0.061689    
