10    -6.869358    8.407183    0.003858
-0.016842  1.193143  0.399772  -1.002405  -1.181365  -0.378506  -0.714387  -0.865035  1.730648  -0.959349  -0.173111  -1.518304  0.611202  0.386043  0.675178  0.119889  1.049504  0.194760  0.715019  -0.416904  -0.306104  0.760458  0.887064  1.471282  -0.290232  -1.620485  -2.252044  -0.289965  -0.387475  1.377674  -1.817218  -0.321535  0.621941  -0.265941  1.511721  -0.481059  -0.653998  -2.419391  -1.698251  -1.579541  1.479380  0.368660  1.275330  3.132326  0.993627  
-0.116302  -0.069348  0.681163  -0.092694  -0.115697  -0.122717  -0.130272  -0.142748  -0.080981  0.201080  
 1    -2.716814    0.076587      0.271825
 2    -5.215667    0.495516      0.108250
 3    -5.910579    0.604175      0.062762
 4    -5.916794    0.618429      0.062355
 5    -6.154618    0.696776      0.046787
 6    -6.192650    0.763259      0.044297
 7    -6.221180    0.771676      0.042430
 8    -6.226121    0.800078      0.042106
 9    -6.321572    0.887587      0.035858
10    -6.379527    0.886135      0.032064
3.677795    0.841991    
2.343779    3.764535    0.477285    0.494462    
2.222813    2.524622    4.035774    0.550581    0.481205    0.303301    
2.225024    2.541192    4.237204    3.272355    0.545886    0.489341    0.305562    1.544356    
2.270857    2.524185    4.283298    4.074463    1.065351    0.579964    0.513819    0.404321    0.853248    0.707350    
2.293958    2.553302    4.371184    3.869387    1.197118    3.365347    0.593127    0.516054    0.423209    0.939645    0.620500    1.500264    
2.299955    2.552775    4.369768    3.819980    1.085690    3.657062    6.283185    0.592524    0.514096    0.416200    0.907679    0.650457    1.466606    1.513578    
2.294579    2.546157    4.365251    3.861400    1.146231    3.633405    6.283185    4.454999    0.591029    0.512553    0.419140    0.925059    0.640525    1.467188    1.509280    1.549931    
2.289562    2.497862    4.545377    3.931993    1.767579    3.656274    5.714374    5.521794    5.493487    0.601487    0.487856    0.480962    0.996806    0.480784    1.301831    1.281894    1.359726    1.507152    
2.231303    2.520822    4.640818    3.902078    1.851201    3.651987    5.862547    3.257497    5.228796    6.042304    0.605102    0.497747    0.494427    0.988887    0.504536    1.281536    1.352754    1.413143    1.536863    0.095331    
