10    -4.846124    5.040163    0.266986
-0.470129  0.670906  -0.822153  0.503401  -0.184276  0.514476  -0.472338  -0.433457  0.480020  -0.085906  -1.356367  -0.635875  -1.624491  0.912932  0.715495  -1.484308  -1.404396  0.367661  0.657626  -0.521781  1.926133  1.801852  0.194682  -0.105917  -0.523406  1.297764  1.918718  -1.313695  -0.787289  0.224448  -1.280910  0.661970  0.792979  0.234494  1.811687  -0.289991  0.762382  -1.205354  0.299321  -1.057172  -1.979885  0.025184  0.181882  0.568494  -0.065946  
0.123945  0.123083  -0.094340  0.667940  0.095329  0.121560  0.123862  0.078214  0.180479  -0.086802  
 1    -2.390702    0.000764      0.248366
 2    -3.300708    0.000244      0.156319
 3    -3.758722    0.000290      0.109991
 4    -4.174529    0.000179      0.067932
 5    -4.227140    0.000179      0.062610
 6    -4.259547    0.000211      0.059332
 7    -4.296617    0.000181      0.055583
 8    -4.352607    0.000106      0.049919
 9    -4.383956    0.000067      0.046748
10    -4.395388    0.000091      0.045592
4.708905    0.699132    
2.539052    3.309607    0.417247    0.480827    
2.127769    2.733790    2.323853    0.461924    0.354096    0.267785    
2.115384    2.339978    1.897661    4.849318    0.530110    0.444591    0.360307    0.286931    
2.146501    2.305578    1.835049    4.766527    5.333758    0.519092    0.446304    0.361009    0.331634    0.072761    
2.072987    2.272857    1.848365    4.936388    5.217600    3.450534    0.515712    0.436965    0.373601    0.345747    0.070604    0.053330    
2.014711    2.295408    1.851153    4.929518    5.246264    3.586497    5.013806    0.511593    0.432801    0.367698    0.345000    0.045556    0.016730    1.501217    
2.053003    2.289074    1.871920    4.861136    5.515156    3.910782    5.063744    0.602680    0.526206    0.440430    0.360395    0.369358    0.028655    0.050887    1.208025    0.323786    
2.095148    2.287024    1.872781    4.809629    5.737158    3.838494    4.655172    1.528080    4.312803    0.536295    0.446867    0.357337    0.376096    0.010192    0.038093    1.325714    0.150160    1.481584    
2.087427    2.278933    1.885251    4.835823    5.875421    3.869316    4.330930    2.026203    4.532292    5.135867    0.541922    0.448044    0.354171    0.371238    0.000000    0.051120    1.371414    0.114116    1.521038    0.050533    
