10    -6.590254    7.036222    0.265996
1.348629  1.991068  1.393069  -0.686884  -0.095791  -0.756370  0.561199  0.751012  -1.191746  -1.487929  -0.625148  0.282211  -1.079033  -0.515311  0.327559  0.879111  0.555377  0.181936  0.944846  -1.306168  0.341810  -1.393622  -0.032307  0.388868  0.028718  0.022139  -0.033604  -0.468688  3.177931  -0.641396  -1.818455  -0.212221  -0.738502  -0.033063  -0.072000  0.364808  0.262663  0.060916  -0.068572  1.609437  -0.292238  -1.553056  -2.575580  0.397995  1.665683  
-0.156430  0.109077  0.116057  -0.074433  0.694022  0.094810  -0.130707  0.123407  0.127368  -0.153726  
 1    -3.665768    0.232081      0.214618
 2    -5.267078    0.544918      0.097103
 3    -5.772477    0.661007      0.060014
 4    -5.801557    0.695515      0.057880
 5    -6.100157    0.846357      0.035967
 6    -6.209919    0.889176      0.027911
 7    -6.230720    0.907315      0.026385
 8    -6.235825    0.902907      0.026010
 9    -6.256017    0.911885      0.024528
10    -6.263741    0.918428      0.023962
4.162174    0.708457    
2.187848    3.630333    0.438536    0.517690    
2.078101    2.359118    3.381023    0.501163    0.440440    0.284563    
1.999466    2.429322    3.234085    6.283185    0.487029    0.444011    0.256371    1.525186    
1.644788    2.463934    2.337367    6.283184    3.988725    0.511902    0.457793    0.356252    1.570796    1.367619    
1.699552    2.348774    2.306985    6.226327    3.931829    5.830081    0.487007    0.451495    0.375849    1.570796    1.252598    1.436481    
1.725182    2.339286    2.246834    6.200072    3.905596    5.020139    4.519655    0.488890    0.438380    0.372752    1.570796    1.254545    1.400248    1.495754    
1.712009    2.337257    2.259780    6.195795    3.901402    4.948143    4.943790    4.440706    0.484235    0.440629    0.373213    1.570796    1.252109    1.401458    1.511838    0.031812    
1.680564    2.331078    2.262137    6.182512    3.888078    4.767926    5.302035    4.336981    6.044316    0.477295    0.440691    0.371579    1.570796    1.253178    1.359867    1.471404    0.108549    0.082122    
1.676102    2.308632    2.254477    6.176628    3.882014    4.736464    5.210845    4.656093    5.941068    5.892155    0.471866    0.437536    0.371494    1.570796    1.253331    1.343141    1.439679    0.095870    0.146444    0.061960    
