10    -4.234775    3.952146    0.217976
-0.934865  0.816632  0.671318  0.859880  0.640418  0.266168  -0.867070  -0.429947  0.784486  0.648298  -1.177462  -0.270474  0.982758  0.978122  -0.218039  -1.001104  0.680115  -0.061909  0.443576  -0.178919  -0.562895  -0.681361  1.251128  0.112286  -0.010073  -1.276786  0.717665  1.291600  -0.105187  -0.953890  -1.007958  -0.949926  -0.329737  0.157287  1.385215  1.187480  0.185674  0.723177  -0.024266  0.079668  -0.675992  -0.162050  0.490816  0.063395  -1.292414  
0.130946  0.147514  -0.125397  0.116919  -0.112080  -0.630987  -0.099647  -0.113594  0.135982  0.125269  
 1    -2.319480    0.270839      0.233946
 2    -3.275952    0.555929      0.117116
 3    -3.646262    0.757559      0.071885
 4    -4.019263    0.833221      0.026324
 5    -4.034871    0.873182      0.024417
 6    -4.129943    0.962000      0.012805
 7    -4.145346    0.959599      0.010923
 8    -4.165942    0.977358      0.008408
 9    -4.169234    0.978789      0.008006
10    -4.173877    0.980777      0.007438
5.484844    0.566838    
2.370628    3.543059    0.461259    0.492033    
2.136357    2.473440    2.741185    0.500600    0.384496    0.275681    
2.100626    2.291890    1.900557    4.190696    0.595172    0.469463    0.348448    0.316310    
2.087809    2.314303    1.940616    4.499957    3.286705    0.597967    0.466827    0.354830    0.310626    1.518698    
1.908968    2.346940    1.997833    4.504790    4.129148    1.091684    0.603438    0.482745    0.397999    0.471115    1.047158    0.527519    
1.898632    2.353067    2.040447    4.381393    4.033926    1.481220    4.589296    0.618621    0.476039    0.401813    0.440971    1.109735    0.370761    1.435076    
1.908458    2.380096    2.021061    4.329396    4.106376    1.507737    4.695945    6.064407    0.623841    0.469337    0.408652    0.437774    1.107032    0.371173    1.340852    1.479928    
1.853774    0.806573    2.185191    2.128347    4.275538    4.086456    1.595058    4.650502    6.053568    1.037824    1.042907    0.531939    0.433532    0.439834    1.088533    0.379174    1.345762    1.485416    
1.882489    2.362745    2.043653    4.343399    4.021989    1.619851    4.578997    5.282196    6.283185    5.345962    0.621522    0.469208    0.416786    0.432517    1.096003    0.359827    1.312368    1.536336    0.125265    0.075434    
