10    -7.233198    6.123004    0.102092
0.363580  1.314545  -1.146046  -0.488436  0.720190  -0.065189  1.841201  0.129148  1.689050  0.924599  -0.364502  1.552866  0.687094  1.868193  -2.101154  -0.860455  -1.583306  0.702538  1.232649  1.126887  -1.175439  -0.901862  -1.811378  0.775169  0.132982  1.972961  0.004686  -0.345795  -0.113918  0.131261  -0.202970  -0.681772  0.618107  -1.763596  1.099349  1.798983  -0.211299  2.114858  0.268974  -1.222359  -0.888213  -0.528165  -0.107994  -1.079499  -0.149241  
-0.135012  0.102954  0.094543  0.734112  -0.099166  -0.112742  0.113929  0.140734  0.112826  0.163724  
 1    -3.099693    0.219333      0.309482
 2    -5.598079    0.542999      0.122424
 3    -6.203116    0.661721      0.077124
 4    -6.230288    0.720319      0.075089
 5    -6.353927    0.804893      0.065832
 6    -6.449389    0.842032      0.058685
 7    -6.528617    0.839370      0.052753
 8    -6.567468    0.873146      0.049844
 9    -6.634784    0.889885      0.044804
10    -6.651524    0.899577      0.043551
3.611551    0.529390    
2.102884    3.532469    0.424224    0.527601    
2.092062    2.277093    3.748068    0.518826    0.466771    0.292087    
2.091049    2.318018    4.012275    2.777365    0.504324    0.474733    0.294205    1.521495    
1.983141    2.487209    4.482745    2.759216    4.347352    0.450172    0.483259    0.366775    1.505533    0.154604    
1.881997    2.708419    4.655158    1.846287    5.539913    2.203838    0.383142    0.506852    0.460584    1.358413    0.238106    1.407258    
1.857675    2.763666    4.586036    1.847073    5.134615    2.641733    6.283185    0.355566    0.509897    0.481061    1.346389    0.255077    1.334078    1.461844    
1.795674    2.976309    4.673418    1.581590    5.525164    2.796993    5.683218    3.546783    0.353410    0.512050    0.521598    1.297314    0.320595    1.330024    1.491975    1.467406    
1.796879    2.924213    4.598880    1.700934    5.198640    2.841037    5.969553    4.827604    6.279049    0.348909    0.513995    0.503314    1.326071    0.302541    1.319597    1.394589    1.570796    0.109734    
1.790440    2.960967    4.622549    1.623777    5.275415    2.833078    6.040670    4.821562    6.254766    6.283185    0.357331    0.507758    0.518052    1.299727    0.310012    1.327388    1.406173    1.570796    0.175829    0.071827    
