10    -6.039091    7.133466    0.172676
1.736738  1.897914  -2.106773  -0.148912  0.583062  -2.259233  0.137240  -0.701213  -0.620780  -0.479620  1.209739  -1.075184  0.806919  -0.290783  -0.220948  -0.169156  1.100834  0.082511  -0.004376  -1.722558  1.057556  -2.517913  -1.910640  1.306455  0.424398  -0.469168  -1.006073  -0.921923  0.626405  0.357177  -0.018719  0.221171  0.698604  0.834510  -1.665638  -2.901440  -0.048639  -0.045378  1.475334  -0.513693  -0.668443  -1.033327  2.505239  0.106624  0.363085  
0.204747  -0.151066  -0.137093  0.175274  -0.115093  0.186738  0.165451  0.180393  -0.204263  0.049611  
 1    -2.893014    0.001261      0.238836
 2    -4.421178    0.000911      0.122825
 3    -5.324236    0.000109      0.054269
 4    -5.547960    0.000061      0.037284
 5    -5.600408    0.000000      0.033303
 6    -5.643667    0.000006      0.030019
 7    -5.675284    0.000010      0.027619
 8    -5.696645    0.000001      0.025997
 9    -5.706460    0.000002      0.025252
10    -5.709901    0.000000      0.024991
4.472416    0.600007    
4.079681    5.367891    0.838454    0.452549    
3.604394    3.504265    4.237331    0.741718    0.557591    0.337701    
2.416920    3.396212    3.375766    3.857408    0.674022    0.603939    0.449852    0.241391    
1.807068    3.232768    2.984513    3.322521    3.823415    0.696714    0.577222    0.500886    0.391599    0.179980    
1.827928    3.346303    3.054943    3.528331    3.909611    5.268414    0.699121    0.585740    0.501934    0.395660    0.261356    0.117524    
1.713162    3.484157    3.044072    3.571648    4.020506    5.323649    5.111219    0.715676    0.596178    0.504146    0.395332    0.249956    0.200257    0.094742    
1.648031    3.112211    2.779917    3.060856    3.363363    3.898133    4.399601    4.975374    0.718547    0.544194    0.496659    0.398331    0.303448    0.187602    0.194173    0.095132    
1.577157    2.942881    2.767244    2.875554    3.137704    3.618839    4.459634    4.245999    4.476417    0.696293    0.542758    0.493203    0.400267    0.308133    0.211098    0.188294    0.150931    0.072227    
1.485508    2.682728    2.511425    2.444248    2.536137    2.729410    3.282106    3.993968    4.124386    4.442445    0.679772    0.508856    0.454227    0.373726    0.297365    0.231353    0.176576    0.178102    0.145442    0.068572    
