10    -5.493782    7.146173    0.287094
0.425188  -0.032820  0.989448  -1.579437  0.454097  0.217572  -1.497999  1.743353  -0.600091  -0.362574  1.672800  -0.356083  0.579311  -1.287199  -0.941917  1.686668  0.022534  0.530166  0.436340  -0.059709  0.772730  0.727365  -0.111376  1.309072  0.569217  0.248014  -1.875047  -0.291692  0.303654  0.201907  0.575408  -0.715979  1.107949  -0.585802  -0.688011  -2.668418  0.176056  0.298654  -0.069572  -0.450487  -1.755165  -2.059152  -0.733668  1.722038  0.480577  
0.154684  0.131443  0.137507  -0.143354  -0.013565  -0.121840  -0.108430  0.599931  -0.085218  -0.129056  
 1    -2.584562    0.104334      0.230161
 2    -3.942166    0.350754      0.122755
 3    -4.513506    0.467963      0.077554
 4    -5.019268    0.539277      0.037541
 5    -5.236002    0.602020      0.020394
 6    -5.334766    0.625172      0.012580
 7    -5.373087    0.639193      0.009549
 8    -5.389694    0.683576      0.008235
 9    -5.402386    0.754558      0.007231
10    -5.434468    0.860813      0.004693
4.458774    0.764049    
2.813683    3.421176    0.468690    0.446447    
2.297599    2.885148    2.989202    0.534881    0.381012    0.265662    
2.204965    2.746748    2.467808    3.764071    0.610592    0.489446    0.284338    0.272248    
1.929956    2.492078    2.342389    2.853905    2.730541    0.593859    0.465708    0.369862    0.203806    0.202468    
1.379949    2.432888    2.344347    2.405582    2.722514    2.810563    0.615263    0.481706    0.406698    0.321226    0.188042    0.162468    
1.259817    2.197975    2.177674    2.267287    2.333029    2.862137    2.652178    0.626768    0.460429    0.400671    0.346960    0.270427    0.165059    0.115462    
1.273006    2.192139    2.139680    2.219771    2.268599    2.835923    2.522893    6.166070    0.627422    0.456675    0.392017    0.342299    0.276453    0.179260    0.192119    0.080531    
1.261141    2.208971    2.128954    2.236106    2.268909    2.897090    2.483831    6.102806    6.283185    0.633369    0.454872    0.387595    0.340918    0.276055    0.171099    0.208397    0.165544    0.074467    
1.264968    2.221460    2.160450    2.285269    2.345643    2.839358    2.712151    6.283185    6.209078    6.281565    0.630916    0.462112    0.397127    0.341601    0.273891    0.174474    0.185649    0.168601    0.172601    0.095381    
