10    -5.499633    6.951424    0.125528
1.415251  0.219463  -0.718165  -0.944054  -0.116164  0.462922  0.910378  -0.360768  -0.283324  0.908532  -2.179756  0.817572  -0.543350  -0.058177  -0.193823  -1.548497  1.024911  -1.174386  1.714655  -0.665776  -0.677361  -2.201595  -0.396134  0.140625  -0.952711  -0.290926  -1.226109  0.732937  -0.346134  1.466360  0.202895  2.018910  -0.173823  0.958717  -0.066130  0.927002  -0.280829  0.495097  -0.034368  -0.031482  -0.900582  -2.460519  2.178519  -0.391757  0.547155  
0.131434  0.081986  -0.102271  0.650795  0.111902  0.007765  -0.137764  -0.139060  0.108515  -0.187146  
 1    -2.756301    0.164068      0.220329
 2    -3.999198    0.338420      0.120507
 3    -4.634777    0.443506      0.069460
 4    -5.016448    0.497333      0.038807
 5    -5.274119    0.548268      0.018112
 6    -5.365138    0.566010      0.010802
 7    -5.403503    0.600350      0.007721
 8    -5.411170    0.588025      0.007105
 9    -5.421727    0.611975      0.006257
10    -5.416546    0.520297      0.006673
5.603461    0.677292    
2.943656    3.000427    0.457858    0.423055    
2.196556    2.830294    2.458993    0.496542    0.363370    0.256122    
2.087086    2.657745    2.455842    3.175194    0.601982    0.474613    0.253454    0.236374    
1.952454    2.384005    2.188581    2.808842    2.420789    0.592332    0.455243    0.344572    0.189815    0.186319    
1.367810    2.270049    2.202383    2.279657    2.613077    2.570683    0.596353    0.467929    0.390672    0.295083    0.180720    0.146475    
1.295496    2.218794    2.178410    2.238645    2.595460    2.482244    5.818762    0.593918    0.465076    0.397181    0.306846    0.201831    0.227950    0.088327    
1.259398    2.197562    2.162317    2.232287    2.444103    2.666048    5.971816    2.315513    0.607880    0.466266    0.396692    0.321443    0.218827    0.226526    0.091585    1.532766    
1.201741    1.958793    1.981007    2.039853    2.233758    2.334363    4.868969    4.432056    0.763218    0.589941    0.444669    0.394013    0.316428    0.272444    0.257345    0.231550    1.244348    0.343184    
1.228302    2.146092    2.101579    2.180340    2.340179    2.719428    5.956564    2.716960    6.283185    3.391410    0.613213    0.461198    0.395112    0.326977    0.236581    0.226845    0.090721    1.463139    1.516426    1.552388    
