10    -6.330876    7.502229    0.087352
-0.022632  1.838848  2.505268  0.975403  1.654330  -1.869582  -0.764621  -0.785072  0.028540  -0.021013  -0.984052  -1.679671  -0.721709  0.394450  -1.455288  0.784736  0.940057  2.082766  1.098766  0.717849  0.395293  0.238120  -2.359960  -0.268181  0.140543  -0.061805  1.234644  2.880286  -0.663241  1.156916  -0.074428  -0.084615  0.532550  0.710465  0.245873  -1.360056  -0.229801  0.169341  -1.418934  -0.115028  0.751036  0.595308  1.521667  1.008367  -0.613458  
0.180487  0.105251  -0.124253  -0.125071  0.095339  0.633449  0.106422  0.122455  -0.139578  -0.114937  
 1    -3.656707    0.183728      0.193317
 2    -4.991999    0.536010      0.096788
 3    -5.560567    0.642885      0.055686
 4    -5.566196    0.655236      0.055279
 5    -5.809394    0.846792      0.037698
 6    -5.912858    0.877089      0.030219
 7    -5.918715    0.874857      0.029795
 8    -5.926547    0.907707      0.029229
 9    -6.217224    0.972447      0.008216
10    -5.942265    0.901370      0.028093
5.219954    0.814931    
2.342052    3.614560    0.476932    0.502332    
2.167150    2.421440    3.712324    0.534062    0.471736    0.290469    
2.122587    2.445264    3.595722    6.283185    0.526722    0.469701    0.278031    1.549492    
1.782872    2.482258    2.454245    6.283094    4.073363    0.533542    0.459793    0.367342    1.570796    1.371326    
1.756632    2.386288    2.378224    6.279555    4.280882    6.245472    0.501956    0.444006    0.387567    1.570796    1.253148    1.437358    
1.747936    2.383226    2.379393    6.271723    4.290927    6.211260    6.283185    0.503091    0.445788    0.388717    1.570796    1.247252    1.462905    0.032776    
1.757311    2.372829    2.367834    6.098542    4.421547    5.488386    6.283101    3.041688    0.502082    0.443447    0.392207    1.570796    1.247600    1.436776    0.000000    0.051166    
1.745876    2.184238    1.999535    4.542740    2.629534    1.184552    5.425028    0.644596    3.465103    0.581413    0.455460    0.429899    0.329700    0.370076    1.135746    0.395767    1.166236    1.493322    
1.756071    2.335172    2.365897    6.108277    4.428541    5.392386    6.283185    6.283185    3.183888    2.633790    0.489338    0.441485    0.397598    1.570796    1.240602    1.385465    0.000000    0.132205    1.479205    0.105236    
