10    -6.792325    5.068825    1.045290
0.277660  1.805239  -0.840097  -0.895218  0.561813  -0.478703  0.312600  -1.203183  -1.609399  -0.798519  -0.206177  -0.118149  0.223079  0.612972  1.086046  0.936871  -0.778794  1.019699  0.968641  1.117000  -0.644645  -0.159126  -1.731727  2.054992  -1.788954  -1.960834  0.559302  -0.342946  -0.961238  -0.595871  -0.255397  -0.446996  0.118446  -0.238217  -0.162742  1.358204  -0.794506  0.508499  -0.434576  -1.236406  0.184675  -0.878146  -1.192002  0.980606  0.819667  
-0.158210  -0.080898  0.144361  -0.122859  -0.107806  -0.093489  0.735268  0.087253  0.099841  -0.136401  
 1    -4.036550    0.314233      0.232336
 2    -5.190871    0.531242      0.135017
 3    -5.805302    0.750457      0.083215
 4    -6.364403    0.849113      0.036078
 5    -6.517565    0.909201      0.023165
 6    -6.616170    0.956689      0.014851
 7    -6.631159    0.952198      0.013588
 8    -6.743336    0.984181      0.004130
 9    -6.745430    0.986306      0.003954
10    -6.745936    0.987062      0.003911
5.721611    0.649270    
2.299851    3.373747    0.400723    0.506110    
2.005311    2.612283    2.162287    0.438257    0.351797    0.272867    
2.011769    2.181047    1.776231    4.596329    0.532120    0.447330    0.357706    0.303082    
1.855529    2.127227    1.908393    2.578193    2.216216    0.576250    0.448568    0.335202    0.152324    0.233340    
1.736643    2.028625    1.890007    2.441245    2.041130    4.841085    0.573834    0.454017    0.345996    0.209542    0.305134    0.121403    
1.623169    1.984333    1.882931    2.267772    2.195688    4.874718    2.213890    0.568898    0.450030    0.361167    0.220996    0.293544    0.137804    1.522451    
1.087934    1.925624    1.835098    1.918298    1.830902    4.274764    3.777349    0.936321    0.627991    0.451176    0.357090    0.335907    0.300065    0.377598    1.183407    0.397562    
1.112498    1.911755    1.818375    1.931108    1.839638    4.326121    3.792607    0.931488    2.047443    0.625619    0.447839    0.354234    0.332774    0.309089    0.384885    1.169483    0.406012    0.016193    
1.110026    1.905602    1.817676    1.922228    1.828290    4.315321    3.829232    0.887403    1.925795    2.585941    0.626820    0.446693    0.353925    0.334271    0.310284    0.387502    1.149057    0.445920    0.004438    0.020522    
