10    -5.534127    7.016844    0.241916
0.659883  0.275174  0.023310  -0.031400  -0.488760  1.769949  -1.057899  0.536744  0.252211  -0.359362  -1.231819  -1.621168  -1.835555  -0.398626  -1.042137  -1.006256  -0.611754  -0.682057  2.505280  1.717893  -0.361545  -1.074668  0.387961  -0.375003  1.636920  -0.270384  0.058092  1.352443  0.595227  1.041111  0.006024  0.096811  -0.832191  1.264057  1.087144  -0.365222  1.420302  0.617955  -0.317386  0.056075  1.400002  -0.646981  -0.857771  1.481337  1.492370  
-0.187387  0.140768  0.174549  0.173589  -0.180005  0.141660  0.155290  -0.169426  -0.154236  0.207097  
 1    -2.006244    0.150543      0.281084
 2    -4.260105    0.691317      0.101508
 3    -5.210851    0.919390      0.025757
 4    -5.459947    0.975534      0.005910
 5    -5.510701    0.990581      0.001866
 6    -5.523946    0.995902      0.000811
 7    -5.530702    0.999048      0.000273
 8    -5.531266    0.999146      0.000228
 9    -5.533462    0.999759      0.000053
10    -5.533374    0.999725      0.000060
3.313774    0.351508    
3.815091    4.940888    0.829248    0.441493    
3.546096    3.486283    4.059205    0.782692    0.583577    0.345716    
2.257928    3.356126    3.286255    3.704190    0.701184    0.645456    0.480513    0.263124    
1.659439    3.094540    2.827953    3.162598    3.531444    0.724392    0.595333    0.536543    0.416752    0.203676    
1.518975    2.782176    2.676275    2.822046    2.961853    3.454240    0.707447    0.567914    0.527069    0.434499    0.309210    0.123194    
1.443639    2.643092    2.515145    2.524650    2.621568    2.909136    3.781513    0.699715    0.547285    0.500059    0.417071    0.337213    0.228259    0.084937    
1.417842    2.594434    2.475392    2.464274    2.567790    2.827194    3.248550    6.283185    0.695745    0.542209    0.493097    0.414307    0.334944    0.222322    0.066172    1.549704    
1.324191    2.381477    2.248130    2.147038    2.179095    2.342268    2.818740    3.655178    6.096637    0.682869    0.513511    0.453436    0.390834    0.331715    0.282403    0.199707    0.078508    1.566495    
1.305417    2.380225    2.259409    2.200645    2.212759    2.397359    3.035295    5.190928    3.502012    4.995841    0.685278    0.517646    0.460065    0.399597    0.336101    0.279600    0.181091    1.570796    1.494060    1.544701    
