10    -6.498374    7.077760    0.391832
-0.000432  -1.841434  -0.203556  -0.624784  -1.219408  -1.390574  -1.150531  0.491366  0.054424  0.097679  0.567014  -0.634688  -0.084317  2.237933  1.307675  -0.653678  0.796986  0.879571  1.715826  -0.195418  -0.504751  1.175331  -1.889992  0.104471  -0.910703  -0.366799  -3.151341  0.559314  1.007451  0.443932  -0.758146  -1.414866  1.207394  -0.785814  -1.332247  -1.326884  0.613767  1.042741  -0.372457  1.089776  -0.607093  0.389649  0.250325  1.961828  -1.056800  
0.519244  -0.172131  0.286086  0.356560  0.380561  0.365979  0.355033  -0.358125  0.266609  0.445949  
 1    -1.959211    0.078355      0.334349
 2    -5.040016    0.626876      0.107421
 3    -6.109410    0.863054      0.028651
 4    -6.387236    0.925327      0.008186
 5    -6.407166    0.947887      0.006718
 6    -6.412434    0.948885      0.006330
 7    -6.422990    0.961426      0.005553
 8    -6.441681    0.982136      0.004176
 9    -6.438674    0.984416      0.004397
10    -6.441271    0.985264      0.004206
2.052075    0.453261    
0.866081    1.111542    0.827721    0.439866    
0.788600    0.783972    0.901270    0.760810    0.561763    0.327067    
0.540202    0.754049    0.729068    0.825739    0.696406    0.614545    0.454435    0.244967    
0.548945    0.757432    0.735949    0.836542    2.234269    0.700255    0.616606    0.455097    0.274645    1.527505    
0.532355    0.764573    0.725690    0.818313    2.170415    5.433734    0.703140    0.619525    0.459286    0.281763    1.516310    1.548253    
0.515163    0.762414    0.703545    0.787904    2.032819    5.649837    2.223777    0.706585    0.614701    0.463001    0.300957    1.501122    1.512777    0.041334    
0.503353    0.765919    0.704664    0.802804    1.987959    1.180856    2.477396    2.252945    0.703175    0.619521    0.463080    0.294277    1.455451    1.470758    0.068331    1.528960    
0.499014    0.762565    0.696554    0.778935    2.017637    5.601976    2.166988    2.152753    2.162874    0.704680    0.615938    0.462941    0.304002    1.495682    1.505444    0.068844    1.511486    0.034173    
0.498039    0.761089    0.693267    0.774358    1.995018    5.636340    2.096843    2.083011    2.250383    5.452525    0.704306    0.614537    0.462188    0.303154    1.497421    1.506596    0.072166    1.507860    0.044964    0.017375    
