10    -6.942291    7.013649    1.354061
0.883490  -0.457785  -0.092110  -1.329808  3.064264  2.017759  0.917338  -1.485646  0.912503  -1.919773  -1.823598  -0.359470  -1.803942  0.538994  -0.087634  0.240699  0.057595  0.656237  0.850275  -0.592950  -0.088395  0.097974  0.060302  0.677781  1.689936  -0.224493  0.448526  1.783406  0.098638  -0.307988  0.184015  -0.121434  1.003841  1.061911  -0.633580  0.211638  -0.607976  0.373380  1.856199  0.846782  1.542654  1.084514  -0.637442  -1.454864  -0.334683  
0.160587  -0.136122  -0.117414  -0.118571  0.487135  -0.115797  -0.123140  0.132332  0.126508  0.181024  
 1    -3.276492    0.207621      0.262669
 2    -5.224022    0.588785      0.123121
 3    -6.006634    0.789142      0.067044
 4    -6.570148    0.863138      0.026666
 5    -6.802107    0.966124      0.010045
 6    -6.890625    0.987666      0.003702
 7    -6.928900    0.996942      0.000960
 8    -6.937467    0.998772      0.000346
 9    -6.939387    0.999244      0.000208
10    -6.941160    0.999710      0.000081
4.949459    0.727252    
2.864845    3.812854    0.571937    0.441901    
2.457297    2.716570    3.174169    0.588904    0.417632    0.284318    
2.283414    2.760155    2.394257    3.768719    0.666895    0.518747    0.345324    0.287274    
2.094462    2.430200    2.175458    2.559444    2.728713    0.640149    0.473048    0.390939    0.217731    0.216026    
1.376298    2.321073    2.257948    2.232166    2.518294    2.734702    0.627324    0.511419    0.426733    0.337592    0.216825    0.167330    
1.261323    2.159408    2.027910    2.102024    2.171000    2.626152    2.505872    0.653410    0.481304    0.414964    0.363958    0.292689    0.184141    0.120230    
1.210364    1.930457    1.831293    1.874086    1.919600    2.034696    2.428530    2.359030    0.632807    0.444447    0.393378    0.339848    0.301181    0.219256    0.156075    0.087722    
1.095056    1.766088    1.791202    1.808078    1.868045    1.954375    2.179592    2.429635    2.592514    0.609289    0.436194    0.395990    0.345551    0.306944    0.248527    0.191927    0.119384    0.049687    
1.047328    1.724486    1.728252    1.732156    1.794599    1.849728    2.053576    2.197725    2.564978    2.711125    0.612324    0.433518    0.385123    0.344652    0.312212    0.263025    0.221135    0.176405    0.086821    0.052643    
