10    -5.248051    5.933846    0.039530
0.779165  0.433715  -0.868448  0.416689  -0.606075  0.537735  -1.068886  0.371192  -1.583441  0.551922  -1.085115  0.775944  0.416375  0.780529  0.033247  1.286144  2.901189  0.521076  1.021167  -0.454762  -1.219863  -2.057769  0.471433  -0.316541  -0.748170  0.918634  -0.860999  -3.374013  -0.444010  -0.478795  -0.889080  0.608275  0.344794  0.236290  -0.185461  -0.433932  0.738915  0.028337  0.617541  0.860293  -1.203438  1.167589  2.826214  -0.760676  -0.701464  
0.218516  0.053755  -0.049204  0.127581  0.526585  -0.110831  -0.084984  0.164042  -0.136642  0.146407  
 1    -2.706414    0.000017      0.227299
 2    -3.770201    0.000126      0.132165
 3    -4.354593    0.000015      0.079902
 4    -4.718714    0.000015      0.047339
 5    -4.798924    0.000002      0.040166
 6    -4.862111    0.000002      0.034515
 7    -4.913123    0.000005      0.029953
 8    -4.921425    0.000010      0.029210
 9    -4.923909    0.000010      0.028988
10    -4.842346    0.000005      0.036282
5.699572    0.724969    
2.796122    3.867560    0.555561    0.441311    
2.544635    2.833597    4.334994    0.582859    0.496733    0.282002    
2.236161    2.697374    2.341908    4.176992    0.598697    0.469517    0.342445    0.276311    
1.769707    2.393634    2.301869    2.434487    3.431582    0.582972    0.442126    0.384209    0.241889    0.220354    
1.474569    2.446053    2.342324    2.412576    2.502046    3.608819    0.636010    0.479151    0.391522    0.316618    0.231108    0.152287    
1.344744    2.429755    2.362544    2.378390    2.670904    2.786569    5.231014    0.625538    0.483866    0.408935    0.331413    0.223660    0.221267    0.096464    
1.327877    2.474901    2.399265    2.384255    2.714866    2.668763    5.431823    6.283185    0.627084    0.487386    0.413406    0.332230    0.222998    0.235520    0.144645    0.040621    
1.331485    2.486721    2.408220    2.386291    2.712190    2.707953    5.648243    6.102164    3.846277    0.632780    0.487966    0.411436    0.333939    0.217934    0.243459    0.150177    0.049358    0.017099    
1.693027    2.383206    2.334221    2.478239    3.422583    4.155271    5.621003    3.099675    3.427970    0.606588    0.583235    0.451364    0.396479    0.249946    0.256199    1.570796    1.570796    1.483329    0.222056    1.359906    
