10    -6.426758    5.253356    0.056410
-0.200346  -0.722750  -1.006436  -0.435368  0.930336  -0.694714  -3.291892  -0.638987  0.114389  0.204070  -0.750726  0.169636  0.328819  -0.584229  0.753944  0.230280  0.240640  -1.494794  -1.133634  0.667369  -0.284219  -0.135895  -1.029348  -0.889640  -0.206062  0.312559  0.289747  -0.294751  1.042046  1.039606  -0.413697  0.161573  -2.458694  -0.152347  0.520745  -1.290890  -0.767226  -1.305284  0.885563  -0.594417  -1.358573  1.616048  0.537899  1.005481  0.173359  
0.120216  0.063612  0.627112  0.101784  0.116282  0.109407  0.133489  0.155510  0.091045  -0.181791  
 1    -3.187422    0.251479      0.277338
 2    -4.632498    0.521564      0.153617
 3    -5.395871    0.712794      0.088260
 4    -5.923575    0.802182      0.043080
 5    -6.203470    0.904444      0.019117
 6    -6.321008    0.939348      0.009054
 7    -6.375940    0.959388      0.004351
 8    -6.397565    0.974528      0.002499
 9    -6.415799    0.989957      0.000938
10    -6.422509    0.994466      0.000364
5.217819    0.658210    
2.753074    3.529469    0.498001    0.439468    
2.311357    2.785000    2.856539    0.543407    0.379119    0.274590    
2.107824    2.689210    2.345080    3.591908    0.603939    0.490828    0.292140    0.261477    
1.952098    2.444776    2.201412    2.701953    2.605590    0.597782    0.462137    0.366671    0.198679    0.200184    
1.437476    2.309803    2.223955    2.285695    2.592090    2.661802    0.597785    0.475857    0.402048    0.308022    0.192528    0.155462    
1.267037    2.171551    2.101269    2.178920    2.234704    2.688109    2.551666    0.621884    0.468196    0.400589    0.339944    0.269032    0.164238    0.113294    
1.208989    2.056601    2.023721    2.085206    2.179503    2.403117    2.573241    2.749299    0.607210    0.457155    0.401948    0.338488    0.283413    0.218737    0.120754    0.071254    
1.163164    2.018143    1.979675    2.010704    2.060704    2.300698    2.370212    2.532782    3.074323    0.614259    0.452334    0.393401    0.339729    0.292047    0.217194    0.194501    0.070678    0.070659    
1.083949    1.828401    1.836750    1.878666    1.930286    2.035830    2.257975    2.305707    2.862356    2.676865    0.600767    0.429320    0.382220    0.332926    0.299279    0.235431    0.199782    0.158072    0.060636    0.060849    
