10    -5.953411    7.363895    0.504883
-1.789561  -0.620432  -1.171035  0.148565  0.893654  -1.575155  -0.288518  -0.152455  -0.774642  -0.676979  1.407445  0.790398  -1.298069  -1.898607  -0.394314  -0.811435  0.276450  0.234359  -0.670887  0.533213  -0.724677  0.912850  0.602760  -1.331720  -1.004301  -0.549175  -1.811160  -1.036142  -1.130660  0.340955  0.095783  -1.201586  -0.285413  -0.224714  0.232842  -0.593356  0.076833  1.319069  0.474004  1.308074  -0.111644  -0.517875  3.211660  0.302174  -0.131927  
0.527657  0.301069  0.373863  0.455913  0.460463  -0.243182  0.430263  -0.435531  0.466504  0.295453  
 1    -1.259089    0.053205      0.352498
 2    -4.550714    0.625231      0.105329
 3    -5.552475    0.865563      0.030106
 4    -5.823166    0.933317      0.009780
 5    -5.858583    0.969977      0.007121
 6    -5.871259    0.975766      0.006169
 7    -5.884374    0.976489      0.005184
 8    -5.887002    0.978483      0.004987
 9    -5.888412    0.977897      0.004881
10    -5.891767    0.979729      0.004629
2.439100    0.802878    
0.652331    0.851152    0.829948    0.450599    
0.583970    0.595836    0.681366    0.758201    0.566581    0.329915    
0.408323    0.556232    0.553990    0.629456    0.686814    0.607008    0.458127    0.241080    
0.413409    0.552385    0.555101    0.633032    1.687882    0.685117    0.606984    0.454080    0.274028    1.517568    
0.398181    0.559916    0.547205    0.616999    1.658756    1.713641    0.689800    0.611746    0.460927    0.283466    1.491567    0.040168    
0.379476    0.558960    0.530560    0.596048    1.538427    1.777400    1.700475    0.690003    0.609686    0.465375    0.297799    1.479540    0.074422    1.527559    
0.376682    0.566811    0.530404    0.592995    1.562722    1.743119    5.720257    2.412394    0.694838    0.613188    0.463593    0.294176    1.481729    0.057035    0.041694    0.029396    
0.375863    0.567123    0.529477    0.592114    1.552657    1.750341    5.738407    2.434387    5.802564    0.695785    0.613065    0.464423    0.295958    1.477191    0.057314    0.041792    0.031979    0.009326    
0.368125    0.557815    0.519856    0.585218    1.489543    1.773497    1.689475    5.553409    2.375574    4.760896    0.692161    0.606562    0.468417    0.310697    1.469487    0.072895    1.516978    1.540045    1.544997    0.013201    
