10    -5.826770    6.120339    0.759229
0.339865  0.191300  -1.140822  0.778411  1.707351  1.008358  -1.292085  -0.473293  0.210802  -0.992069  0.924987  0.120085  -0.173989  1.086957  1.130888  -0.286387  0.510305  1.395815  -0.250652  0.675379  -1.229298  -0.628359  0.987545  0.796753  0.540241  2.103185  -0.631635  -0.040769  -1.225789  -1.681987  1.823664  -0.043823  0.285031  1.890161  -1.761424  1.752328  -0.384126  -0.004983  -0.721595  0.853557  -0.283416  0.446697  -0.795163  0.004331  -0.816047  
0.152349  -0.135464  -0.106065  0.119674  0.547815  -0.132129  0.128112  0.093521  0.138885  0.168023  
 1    -2.327788    0.001008      0.292873
 2    -3.968132    0.001590      0.155572
 3    -4.496648    0.000282      0.111334
 4    -4.504791    0.000141      0.110653
 5    -4.661511    0.000013      0.097535
 6    -4.705848    0.000477      0.093824
 7    -4.708178    0.000178      0.093629
 8    -4.931106    0.000025      0.074969
 9    -4.856317    0.000931      0.081229
10    -4.896737    0.001408      0.077846
5.852477    0.491403    
2.541534    3.713466    0.542861    0.465244    
2.260734    2.549290    3.944712    0.581070    0.497669    0.305747    
2.226008    2.572603    3.859809    6.283185    0.577758    0.499070    0.291360    1.543926    
1.920126    2.560300    2.601947    6.283179    3.501819    0.567781    0.474004    0.352551    1.570796    1.380959    
1.874578    2.517179    2.519454    5.578191    2.797123    4.293274    0.553560    0.470379    0.329704    1.570796    1.344460    1.426884    
1.827289    2.520382    2.580234    5.635956    2.854536    4.151695    6.283185    0.551609    0.477679    0.340979    1.570796    1.347104    1.453411    0.024098    
2.051362    2.359328    2.136459    3.626976    4.467418    3.793811    6.134398    4.791132    0.625177    0.478650    0.370270    0.318939    1.556734    1.491678    0.025150    0.066106    
1.958368    2.544459    2.264858    5.400987    2.616110    2.518265    2.840577    3.468520    6.283185    0.588546    0.454496    0.345213    1.570796    1.318051    1.305653    1.360947    1.437387    0.064324    
1.969706    2.471562    2.217165    5.132605    2.835052    2.506609    2.874946    2.910221    5.726289    4.713879    0.575921    0.439085    0.347984    1.570796    1.309434    1.294195    1.363858    1.409956    0.106417    0.108516    
