10    -4.694389    4.687670    0.023300
0.439265  0.438488  1.147810  -0.067318  1.282502  1.203008  1.135877  -0.804010  -0.355338  1.115535  0.416017  0.281031  0.602493  -0.502367  -0.360674  -0.046913  -0.271253  1.007771  0.968143  0.644780  0.042835  0.213668  0.719655  -0.648750  -0.936063  -0.101636  -0.105031  1.266631  -0.238285  0.066615  1.651279  0.144377  0.129436  1.300680  -0.440049  0.095592  -0.155674  0.856752  1.534517  -0.520720  1.099918  0.150728  0.327522  0.918164  -0.823295  
-0.252334  -0.016175  0.147551  -0.152815  -0.183390  0.176563  0.153209  0.166922  -0.144214  -0.202674  
 1    -2.358350    0.230390      0.248990
 2    -3.718443    0.434353      0.104023
 3    -4.477345    0.580752      0.023134
 4    -4.638719    0.617296      0.005934
 5    -4.670816    0.630434      0.002513
 6    -4.680167    0.655059      0.001516
 7    -4.685152    0.674538      0.000985
 8    -4.686484    0.680218      0.000843
 9    -4.687282    0.733244      0.000758
10    -4.690472    0.917360      0.000417
5.155552    0.587049    
4.000118    5.183275    0.832200    0.446796    
3.620661    3.432667    4.117746    0.741357    0.545151    0.329565    
2.324646    3.380316    3.276645    3.758427    0.674263    0.605679    0.441688    0.243498    
1.634809    3.211307    2.904957    3.230174    3.659310    0.719794    0.575678    0.510358    0.393808    0.190161    
1.575715    3.011716    2.870505    3.107703    3.342686    4.060093    0.703365    0.564168    0.515960    0.416647    0.279466    0.088663    
1.430080    2.715650    2.628129    2.691405    2.893567    3.222848    4.173950    0.686049    0.533369    0.485318    0.412446    0.328826    0.212105    0.081368    
1.355655    2.503717    2.347454    2.237597    2.271532    2.452922    2.964257    3.966273    0.671994    0.501306    0.435590    0.368274    0.306180    0.254442    0.176547    0.075463    
1.458526    2.687668    2.402492    2.286900    2.330042    2.503322    3.134334    4.111400    5.156547    0.690892    0.504469    0.439322    0.357291    0.294701    0.250731    0.180633    0.134596    0.043818    
1.444058    2.707830    2.624348    2.573494    2.742521    3.131544    6.283185    5.407565    3.962866    4.293643    0.687124    0.531420    0.474625    0.387007    0.296594    0.179234    0.070466    0.154925    0.162104    0.083743    
