10    -4.900340    4.945352    0.189832
-0.659308  -0.719588  -0.144427  -0.408353  0.227388  0.597708  -0.412917  -0.404949  0.066307  0.000811  -0.183957  1.244675  0.437136  -1.128792  -0.263570  0.076330  -1.121988  -0.142288  0.212140  -1.121190  1.833720  0.847114  0.872530  0.540815  1.087129  -1.317686  0.710090  -0.279298  2.268642  0.533366  -1.577294  0.101431  0.722313  -0.766399  0.378545  0.005866  -0.052208  0.768931  1.088784  1.151632  -0.292014  0.573181  0.829906  -0.592813  0.036111  
0.073912  -0.145449  0.142117  0.153213  0.097379  0.133299  -0.105818  0.536393  -0.108207  -0.117424  
 1    -2.457674    0.181113      0.248095
 2    -3.610044    0.434753      0.131052
 3    -4.264508    0.554716      0.064580
 4    -4.642240    0.730697      0.026215
 5    -4.643927    0.743961      0.026043
 6    -4.650322    0.793468      0.025394
 7    -4.763416    0.878105      0.013907
 8    -4.764621    0.886120      0.013785
 9    -4.769194    0.902828      0.013320
10    -4.787999    0.925409      0.011410
5.876990    0.732028    
2.801261    4.152063    0.578190    0.459816    
2.505026    2.848000    4.467163    0.592054    0.507904    0.313616    
2.179834    2.705417    2.342365    4.321527    0.599682    0.479933    0.358958    0.297006    
2.185269    2.708385    2.335075    4.294525    6.233217    0.599104    0.481201    0.354526    0.304996    0.012989    
2.182394    2.709478    2.388022    3.827413    6.283185    1.862702    0.605918    0.486557    0.341915    0.311353    0.062902    1.513461    
1.254064    2.660028    2.654414    2.474930    5.012058    4.837603    0.818141    0.667953    0.521949    0.430285    0.391194    0.348952    1.122385    0.456404    
1.243053    2.673424    2.663309    2.466329    5.001225    4.890540    0.829866    6.281560    0.672290    0.523400    0.432032    0.393884    0.353144    1.101417    0.495049    0.017197    
1.250012    2.666740    2.659814    2.466900    4.984958    4.879696    0.912052    5.398464    4.562842    0.670294    0.522136    0.432171    0.392546    0.355673    1.127644    0.468519    0.024763    0.028917    
1.254675    2.640250    2.644348    2.472505    4.969764    4.913192    0.908941    5.147965    5.275437    6.283185    0.666213    0.521839    0.430143    0.393575    0.356982    1.099902    0.493765    0.042880    0.000000    1.517375    
