10    -5.394183    4.021164    0.082276
-1.945109  0.620710  -0.432221  0.462573  0.020115  -0.392806  2.213288  1.454509  -1.097804  0.429880  0.343355  0.253077  0.832716  0.277569  -0.227005  0.024562  -1.309637  -0.479140  0.549007  -0.083391  0.370486  0.223746  -0.543539  -0.007769  -0.247837  -2.646761  -1.998196  -0.599280  -0.526701  -1.153541  0.319954  -0.002845  0.365779  0.084837  -0.581482  -2.112574  -0.502397  -0.045889  0.122986  0.230863  0.509666  -0.943317  -0.383884  -0.269842  0.010269  
0.191274  0.118213  -0.105195  0.138542  0.436259  0.136546  0.154203  -0.082549  -0.096877  0.208555  
 1    -2.034174    0.063463      0.356865
 2    -4.043933    0.509477      0.143409
 3    -4.730041    0.676025      0.070538
 4    -5.153573    0.826538      0.025555
 5    -5.267187    0.924728      0.013488
 6    -5.322670    0.949963      0.007595
 7    -5.355158    0.972923      0.004145
 8    -5.380150    0.991338      0.001490
 9    -5.389191    0.997574      0.000530
10    -5.391920    0.998760      0.000240
6.142154    0.428465    
2.978797    3.951854    0.622926    0.429141    
2.626120    2.814633    3.888902    0.625610    0.493848    0.294274    
2.338361    2.800394    2.471475    3.836710    0.653044    0.507113    0.363422    0.270622    
2.080792    2.469842    2.247799    2.505607    3.047283    0.627164    0.463140    0.390728    0.243495    0.201720    
1.468424    2.443842    2.333222    2.321631    2.547634    3.158736    0.637080    0.505095    0.418194    0.333064    0.237435    0.145326    
1.456316    2.323944    2.300724    2.315534    2.559984    2.706418    3.914186    0.617852    0.497250    0.426923    0.335671    0.270799    0.182783    0.079074    
1.285258    2.298123    2.204888    2.219353    2.345710    2.714009    2.612825    3.951565    0.653523    0.493457    0.425134    0.366371    0.284840    0.233202    0.125494    0.077329    
1.244291    2.108220    2.031275    2.051459    2.139996    2.381807    2.448760    2.762859    3.272943    0.641159    0.465722    0.407507    0.356683    0.303647    0.229232    0.192259    0.086628    0.069517    
1.142026    1.881412    1.892190    1.910842    1.957905    2.063095    2.299106    2.451356    2.982390    2.928601    0.618516    0.442765    0.397392    0.348170    0.305897    0.246684    0.208451    0.156420    0.078612    0.052141    
