10    -5.074299    4.633552    0.441493
-0.894779  0.121654  -0.763285  -0.481901  1.059032  0.356689  -0.392180  1.515508  -0.183340  -0.140353  -1.015118  -1.061475  -0.607602  1.142866  0.181214  0.037874  0.814313  -0.188506  0.959805  -0.357926  -1.180893  -0.575264  -0.207069  -0.544600  1.494800  -0.153919  -1.374320  0.848533  0.426362  0.235991  0.583620  0.009888  0.773765  -0.970134  0.187788  -0.565258  -1.174475  0.982607  -0.310552  0.148691  0.150205  0.729971  1.808813  1.031144  -0.973067  
0.190489  0.159214  0.148540  0.172446  -0.169314  0.168827  0.148008  0.171958  -0.174890  -0.163004  
 1    -1.353706    0.043889      0.383256
 2    -3.881139    0.687399      0.122907
 3    -4.779633    0.920840      0.030353
 4    -5.007357    0.976855      0.006896
 5    -5.051898    0.990787      0.002308
 6    -5.064006    0.995766      0.001060
 7    -5.070882    0.999094      0.000352
 8    -5.071322    0.999178      0.000307
 9    -5.073285    0.999585      0.000104
10    -5.073562    0.999755      0.000076
4.364403    0.220824    
3.843786    5.009201    0.834827    0.447418    
3.566221    3.562493    4.094835    0.783691    0.586255    0.342952    
2.323181    3.411897    3.317584    3.742024    0.705981    0.642553    0.479205    0.260314    
1.676848    3.141017    2.865976    3.189795    3.558052    0.722967    0.597015    0.534946    0.415178    0.202060    
1.532896    2.829336    2.718022    2.859163    2.988962    3.479040    0.708809    0.568951    0.528201    0.432405    0.306773    0.120210    
1.470416    2.701299    2.571161    2.594209    2.705118    3.007795    3.965111    0.701745    0.549302    0.504276    0.418424    0.336057    0.224323    0.082333    
1.452679    2.656996    2.534921    2.534984    2.657696    2.949004    3.473517    6.283185    0.698069    0.544229    0.497782    0.415060    0.333484    0.217574    0.060026    1.550695    
1.327647    2.399227    2.270567    2.171541    2.233919    2.439483    3.059922    6.245918    2.602663    0.681010    0.512406    0.451179    0.392045    0.329950    0.267002    0.161889    1.570796    1.529930    
1.320959    2.415952    2.270229    2.188836    2.258574    2.442265    3.077477    6.277329    2.619470    5.034267    0.684003    0.515378    0.452825    0.396953    0.336151    0.275336    0.176528    1.570796    1.496487    1.546279    
