10    -5.119598    6.036734    0.500996
-0.785379  0.950782  -0.027696  -1.235860  -0.578111  0.713701  -0.686916  1.087173  0.024415  -1.229610  0.309458  1.095729  1.452500  -0.108886  0.952027  -0.189320  -2.661238  -0.526750  -0.667293  1.206642  0.618741  -1.492365  0.431372  -0.099084  0.579067  -1.668932  1.581917  -0.023200  -0.209271  -0.394850  1.356881  -0.937906  -0.054275  -0.875412  -0.297727  -0.538700  0.490776  -0.949471  -0.059848  1.286921  -0.386661  -0.484130  -0.196702  1.074376  -1.771697  
-0.069668  0.187787  0.112668  -0.140051  0.139195  -0.114321  0.106469  -0.575174  0.097163  0.133531  
 1    -1.042516    0.022803      0.365450
 2    -3.688458    0.468739      0.128281
 3    -4.219852    0.633890      0.080649
 4    -4.668906    0.737961      0.040398
 5    -4.851642    0.848318      0.024018
 6    -4.944398    0.932116      0.015704
 7    -4.966652    0.948509      0.013709
 8    -4.983916    0.949810      0.012162
 9    -4.996451    0.958145      0.011038
10    -5.011014    0.960422      0.009733
6.177472    0.259137    
2.643981    3.526436    0.501070    0.450812    
2.248920    2.679834    3.053470    0.551926    0.400002    0.276413    
2.126153    2.589151    2.238753    3.893645    0.613395    0.491653    0.320803    0.284359    
1.920671    2.361833    2.179219    2.632999    2.682739    0.602510    0.464732    0.375403    0.204013    0.209598    
1.896533    2.379452    2.190015    2.754271    2.438086    5.831804    0.591907    0.467528    0.370757    0.216304    0.287308    0.121822    
1.938941    2.377580    2.167717    2.753632    2.364082    5.629949    5.776163    0.598422    0.467449    0.371400    0.217238    0.293632    0.184251    0.070840    
1.904095    2.303001    2.135003    2.576696    2.405008    5.503273    5.424587    3.750628    0.595901    0.468817    0.384222    0.241924    0.308440    0.192595    0.079135    0.055754    
1.884372    2.318592    2.146736    2.580527    2.445072    5.494206    5.238149    3.731693    6.262934    0.595266    0.466798    0.381757    0.229307    0.294347    0.164012    0.068278    0.000000    1.514751    
1.789216    2.268030    2.144756    2.493066    2.460203    5.377545    5.485773    3.905486    5.190027    5.161771    0.595123    0.470526    0.390140    0.249515    0.296097    0.151236    0.057767    0.011353    1.480773    1.512258    
