10    -5.042108    4.782097    0.009107
0.709056  0.857144  1.688367  2.164774  -0.970375  1.072576  1.688920  0.015477  -0.012332  0.213066  0.651998  -0.178201  -0.044454  0.014322  0.032892  -0.075229  0.562198  -0.798122  0.466570  -1.022600  -0.664590  0.718755  -0.118972  0.880513  -1.007053  -0.598255  1.452177  -0.683331  0.170553  0.251468  -1.086515  -0.127056  -0.801120  0.643634  -0.408132  0.304167  0.338234  0.760667  1.095421  2.321618  -0.843377  0.183920  -0.778467  -1.223337  -1.363832  
-0.163422  0.062544  0.410056  0.124673  0.136146  0.136627  -0.149041  0.166475  -0.134158  -0.141178  
 1    -2.528325    0.221804      0.255876
 2    -3.720667    0.528275      0.134509
 3    -4.432455    0.708339      0.062056
 4    -4.827465    0.845106      0.021848
 5    -4.943868    0.912838      0.010000
 6    -4.998134    0.940483      0.004476
 7    -5.017096    0.954867      0.002546
 8    -5.027772    0.980515      0.001459
 9    -5.034688    0.988806      0.000755
10    -5.037576    0.993481      0.000461
5.253839    0.623039    
3.183134    4.251291    0.647518    0.413991    
2.859383    3.131856    4.083104    0.669475    0.501929    0.310607    
2.402450    3.124189    2.896246    3.824302    0.675100    0.547053    0.376135    0.260586    
2.070974    2.735843    2.520789    2.823345    3.230517    0.641535    0.498468    0.417903    0.275176    0.189320    
1.505414    2.688021    2.550926    2.514859    2.793037    3.278907    0.658694    0.528757    0.444469    0.359416    0.248442    0.147224    
1.384488    2.441081    2.355353    2.372644    2.504664    2.935328    3.106229    0.657083    0.502436    0.436527    0.376904    0.304961    0.200645    0.093271    
1.378620    2.459336    2.396454    2.415117    2.559958    2.924323    3.055425    4.023967    0.655360    0.507480    0.445254    0.383992    0.308507    0.240920    0.124100    0.057321    
1.306529    2.268206    2.214733    2.239515    2.337020    2.573825    2.701360    3.090898    3.598162    0.644017    0.482822    0.426433    0.376307    0.322149    0.247482    0.196451    0.094214    0.058935    
1.180610    2.095710    2.166806    2.180138    2.227864    2.378909    2.557201    2.775402    3.314084    3.422190    0.632105    0.480032    0.432812    0.377551    0.334362    0.270195    0.218299    0.159894    0.085796    0.045761    
