10    -4.951722    4.769365    0.263131
0.458901  1.173661  0.398716  1.044500  0.584015  0.653871  1.328473  -0.097377  -0.441175  -0.278228  -0.389714  -0.718051  -0.625707  -0.346769  -1.994583  -0.832022  -1.447044  0.816843  0.281185  0.968107  0.519780  0.659102  -0.532252  -0.200280  0.512809  -0.394196  -0.439878  0.036976  0.693787  -1.913152  0.520066  1.505534  -0.868628  -0.236787  -0.378622  0.076066  -0.098226  1.081653  -1.026897  -0.691907  0.742134  1.022666  -1.031449  1.198064  0.301400  
-0.184043  0.120765  0.146421  -0.146290  0.139118  -0.119109  -0.502152  0.110893  0.131839  -0.143147  
 1    -2.445388    0.184837      0.257824
 2    -3.795761    0.555860      0.118913
 3    -4.356865    0.692149      0.061192
 4    -4.764649    0.832094      0.019244
 5    -4.862801    0.930011      0.009147
 6    -4.915603    0.963374      0.003716
 7    -4.936313    0.990758      0.001585
 8    -4.943145    0.994300      0.000882
 9    -4.948428    0.998154      0.000339
10    -4.950515    0.999494      0.000124
6.121115    0.579525    
2.669153    3.750111    0.589947    0.450032    
2.319356    2.547780    3.678572    0.604795    0.486950    0.307524    
2.121707    2.529189    2.188873    3.754869    0.653887    0.504974    0.369162    0.304799    
1.811971    2.177216    2.025583    2.185231    3.015128    0.620579    0.457760    0.403153    0.247436    0.245664    
1.247812    2.226913    2.108130    2.077879    2.181835    2.996660    0.651081    0.515908    0.419558    0.352581    0.238367    0.195978    
1.191513    2.012009    1.916370    1.987199    2.063723    2.397182    2.574162    0.645377    0.478261    0.416908    0.362288    0.297361    0.189662    0.126620    
1.130705    1.843446    1.806307    1.848281    1.917481    2.074635    2.308431    2.596582    0.625896    0.456884    0.407154    0.353008    0.307398    0.227774    0.156888    0.077476    
1.099633    1.852775    1.797912    1.822454    1.874143    2.026113    2.186680    2.315895    3.100749    0.632620    0.458849    0.405731    0.355956    0.313027    0.238174    0.203851    0.101159    0.061768    
1.025385    1.678976    1.677837    1.696238    1.745162    1.809298    2.017673    2.136523    2.527664    2.697039    0.615831    0.435798    0.392408    0.347172    0.312568    0.257387    0.216274    0.172714    0.078025    0.054348    
