10    -6.384258    8.646259    0.370261
-0.275434  0.009924  0.464788  0.342611  1.134445  -1.210976  -1.443573  -0.759583  0.937481  0.102493  0.591607  -0.425419  0.755324  -1.678499  -0.895253  0.458548  0.258016  -1.155983  0.649192  0.046318  0.348382  -0.652745  -1.665788  -0.809513  -0.563146  -1.429917  1.575949  0.753774  1.515370  1.255785  2.439973  -1.200436  1.098150  -1.406748  -0.390113  0.508771  -1.004111  1.108616  -0.224008  0.578104  1.259909  1.642607  1.321856  0.976932  0.966127  
0.170790  0.148724  -0.163961  -0.168009  0.174459  -0.175840  0.161418  -0.169665  0.167679  -0.163822  
 1    -2.997298    0.269785      0.225339
 2    -4.878551    0.686792      0.100177
 3    -6.007741    0.924323      0.025050
 4    -6.293950    0.972962      0.006008
 5    -6.348028    0.987294      0.002410
 6    -6.367443    0.995123      0.001119
 7    -6.379518    0.999041      0.000315
 8    -6.379700    0.999030      0.000303
 9    -6.382297    0.999416      0.000130
10    -6.383081    0.999725      0.000078
5.993057    0.488283    
3.779435    4.884281    0.827425    0.438972    
3.530292    3.530783    4.046398    0.778648    0.579813    0.338119    
2.332880    3.378698    3.253479    3.659532    0.704969    0.635618    0.470326    0.258804    
1.647370    3.166632    2.841874    3.132724    3.492636    0.728868    0.600015    0.529433    0.410495    0.200309    
1.594355    2.925998    2.767847    2.981995    3.135077    3.697676    0.715828    0.578282    0.534676    0.433940    0.297053    0.099301    
1.446641    2.671127    2.567647    2.599175    2.738368    3.044527    4.027814    0.699455    0.548941    0.506121    0.420998    0.336802    0.222760    0.082697    
1.433031    2.631583    2.547842    2.567011    2.714790    3.032956    3.888048    5.416001    0.694866    0.545088    0.502875    0.419026    0.333709    0.216499    0.061804    1.557396    
1.286747    2.396894    2.296511    2.183931    2.227598    2.428356    3.050748    6.283078    2.485667    0.681944    0.521063    0.456128    0.393890    0.327603    0.263470    0.157508    1.570762    1.530392    
1.299804    2.450784    2.326166    2.243421    2.292085    2.472439    3.104867    5.983993    2.779374    4.926911    0.689280    0.528691    0.464703    0.402810    0.339316    0.275907    0.175235    1.570796    1.486479    1.537653    
