10    -6.655104    5.457656    0.507897
-1.347907  0.938718  1.021825  0.788287  -2.600565  0.373243  -1.052956  0.132503  0.415469  -0.735163  2.955965  1.631560  -0.638114  -1.002116  -0.091526  -0.602506  -0.684845  -0.295842  0.911793  0.673155  0.771728  0.885360  -0.357356  0.310439  -0.297568  0.015547  -0.755597  1.064481  1.147830  -0.308416  0.280121  -0.869412  -0.171759  -3.018073  -0.884095  -0.436185  0.137967  -0.509285  -0.632609  0.859570  0.045425  0.242550  -1.030126  -0.431336  -1.409983  
-0.157589  -0.130353  0.112469  0.112429  -0.094781  -0.690529  -0.055220  -0.107116  -0.132826  -0.131385  
 1    -3.240387    0.221279      0.281911
 2    -4.977714    0.573308      0.138481
 3    -5.766894    0.767302      0.073328
 4    -6.048965    0.814478      0.050041
 5    -6.431856    0.904896      0.018431
 6    -6.551821    0.934419      0.008527
 7    -6.603706    0.950858      0.004243
 8    -6.630344    0.984723      0.002044
 9    -6.637833    0.985059      0.001426
10    -6.647681    0.993127      0.000613
4.783463    0.751575    
2.885662    2.974659    0.426580    0.440720    
2.161329    2.786766    2.157673    0.452360    0.351250    0.259260    
1.954747    2.533802    2.288725    2.897007    0.576695    0.450262    0.235040    0.225263    
1.999936    2.273821    2.046038    2.779505    2.159487    0.603276    0.453581    0.327343    0.178294    0.204275    
1.518614    2.016304    1.988089    2.106873    2.558907    2.187312    0.555506    0.444884    0.383950    0.246283    0.190303    0.151085    
1.140324    2.029378    1.943837    2.028556    2.066569    2.564856    2.209040    0.617205    0.457066    0.386212    0.328542    0.244915    0.155827    0.121716    
1.130427    2.005502    1.938603    1.984236    1.994493    2.445936    2.159612    5.287424    0.623720    0.454290    0.383138    0.330782    0.263614    0.184345    0.203093    0.090562    
1.056024    1.881996    2.250067    1.816105    1.964333    1.863384    2.355008    2.049325    5.215081    0.969186    0.805833    0.484602    0.374499    0.347940    0.266463    0.175286    0.211209    0.096122    
1.123733    1.811606    1.767498    1.838820    1.878018    1.983113    2.304851    2.084005    3.429521    1.961554    0.612061    0.426878    0.370163    0.315989    0.294677    0.213959    0.189852    0.160680    0.035116    0.081219    
