10    -7.508457    6.914425    0.212961
-1.485170  -0.260205  -1.424565  -0.891399  0.761163  -0.698757  -0.396650  1.243787  0.074518  -0.322948  1.461472  1.241821  0.259419  1.071688  -0.130218  1.885784  -0.705359  0.335575  0.568752  -0.916734  -1.059760  -1.918972  1.679736  -1.131580  -1.168810  -0.301069  3.244311  1.609465  -1.323539  -1.015974  -0.859412  1.091355  -0.047849  0.167719  1.658327  -0.051820  -1.070045  0.012548  -0.466637  1.137368  0.718743  -0.597138  -0.764962  -0.835288  1.229626  
-0.090609  -0.139584  -0.128986  0.128297  0.110276  -0.660382  -0.108689  -0.095498  0.129025  -0.151093  
 1    -4.562625    0.262538      0.204247
 2    -5.949179    0.500800      0.108111
 3    -6.554459    0.614150      0.066145
 4    -6.572096    0.622881      0.064922
 5    -6.896379    0.724919      0.042438
 6    -6.975015    0.764331      0.036986
 7    -7.018153    0.825645      0.033995
 8    -7.021817    0.837485      0.033741
 9    -7.029751    0.832311      0.033191
10    -7.064163    0.889804      0.030805
6.044973    0.692848    
2.225256    3.492040    0.442225    0.515092    
2.110482    2.365903    3.518075    0.518905    0.456481    0.278656    
2.041269    2.404721    3.372880    6.283185    0.505862    0.459160    0.258929    1.536860    
1.736866    2.429234    2.395443    6.283130    4.052205    0.528354    0.457207    0.368740    1.570796    1.369239    
1.683414    2.390027    2.312632    6.272874    4.047506    5.954108    0.504275    0.449140    0.376498    1.570796    1.277470    1.464319    
1.665377    2.389901    2.245914    5.921438    4.318327    4.983221    4.717965    0.502100    0.440405    0.373869    1.570796    1.274614    1.409040    1.481909    
1.680769    2.389650    2.228310    5.897422    4.340807    5.029639    4.490295    2.636608    0.505006    0.437913    0.374993    1.570796    1.273101    1.392210    1.482383    1.543587    
1.674274    2.380493    2.239148    5.908214    4.334800    5.048197    6.283185    2.519582    0.362558    0.500228    0.440972    0.378954    1.570796    1.274257    1.375320    1.502808    1.303929    0.314619    
1.591569    2.369771    2.326288    5.982596    4.256188    4.923670    5.598555    1.611855    2.536595    6.283185    0.479274    0.446236    0.381149    1.570796    1.274732    1.368295    1.485946    1.548258    0.146621    0.100337    
