10    -4.431128    4.888762    0.034755
-0.923498  -0.196534  0.260503  -0.102614  -0.289689  0.713549  1.119250  -0.355867  -0.124338  0.141519  0.018409  -0.366028  0.248184  -0.044728  -1.645756  0.499089  0.988699  -0.835499  -1.171304  0.700343  -0.401667  -0.034007  0.791615  1.123036  -0.257931  -0.761827  -0.188643  -0.265364  -0.121081  1.140362  -1.382377  -1.137642  0.134821  -0.174638  -0.251077  1.593456  1.234379  0.664667  -1.453542  -1.082215  -1.578643  -1.597395  -0.565669  0.315661  -0.671375  
0.139732  -0.106398  -0.130347  -0.103442  -0.617894  0.111868  -0.116085  -0.136966  -0.050997  0.183440  
 1    -2.133253    0.080012      0.246556
 2    -3.366318    0.469395      0.114251
 3    -3.769420    0.642570      0.071000
 4    -4.159948    0.744590      0.029097
 5    -4.176593    0.759971      0.027311
 6    -4.294810    0.898412      0.014627
 7    -4.308188    0.943311      0.013191
 8    -4.319369    0.960266      0.011991
 9    -4.325826    0.964952      0.011299
10    -4.331527    0.968715      0.010687
5.515032    0.923248    
2.520250    3.360134    0.462989    0.482810    
2.179020    2.566510    2.647468    0.500159    0.382056    0.260469    
2.175755    2.357818    1.952080    4.358820    0.581452    0.465304    0.339790    0.299620    
2.155639    2.366154    1.988811    4.688799    3.408485    0.583051    0.461211    0.349626    0.295229    1.521100    
2.029790    2.417492    2.038467    4.743041    4.325247    1.082873    0.590931    0.469005    0.389486    0.448412    1.102830    0.481501    
1.975031    2.405022    2.036828    4.789243    4.503298    1.078148    5.105460    0.576718    0.469221    0.404344    0.460503    1.020869    0.643041    0.089044    
1.932241    2.414263    2.039994    4.713749    4.544768    1.175832    4.689355    4.142666    0.571539    0.479418    0.409826    0.466150    0.984028    0.696086    0.119630    0.048729    
1.909565    2.394987    2.043359    4.711929    4.540670    1.274709    4.928873    3.469603    3.305864    0.563647    0.481196    0.419963    0.473948    0.956005    0.715438    0.151644    0.037146    0.052766    
1.924547    2.391883    2.037594    4.712156    4.514496    1.162967    4.765140    3.171252    3.702212    6.280716    0.572624    0.476094    0.412257    0.464609    0.973443    0.684551    0.126594    0.044851    0.000000    1.516320    
