10    -3.860432    5.197314    0.032526
-0.277191  -1.145218  1.062622  -0.870811  -1.755050  -1.015249  1.560385  0.481436  -1.006437  1.485005  -0.585905  -0.851112  0.591227  1.385524  1.787364  0.401825  0.404999  0.073697  0.025266  0.675647  1.116530  0.599057  1.417557  -0.488025  0.220577  -0.609157  0.015882  1.153928  0.627370  0.311363  1.364681  -0.776396  0.551247  0.156636  1.109462  0.377343  0.981329  -0.880291  0.005659  -0.441012  -0.008597  0.315943  0.493635  0.340181  -1.355582  
0.233353  -0.111676  0.181814  -0.088360  -0.164128  0.183125  -0.148546  -0.162986  0.150455  0.211512  
 1    -1.953737    0.243021      0.210504
 2    -2.985998    0.642628      0.096540
 3    -3.603415    0.859145      0.028375
 4    -3.787242    0.932382      0.008080
 5    -3.828900    0.957587      0.003481
 6    -3.846539    0.988989      0.001534
 7    -3.855891    0.996332      0.000501
 8    -3.858354    0.997737      0.000229
 9    -3.859325    0.999282      0.000122
10    -3.859393    0.999356      0.000115
4.711942    0.448449    
3.938038    4.968973    0.799300    0.423419    
3.634997    3.719175    4.178259    0.769883    0.580437    0.332107    
2.491583    3.472312    3.421979    3.833304    0.696212    0.620125    0.467304    0.244642    
1.822664    3.245073    2.988780    3.272080    3.685187    0.706725    0.587009    0.512626    0.397410    0.187139    
1.740599    3.220873    2.968098    3.285979    3.534199    4.471490    0.705967    0.585874    0.523689    0.423717    0.282774    0.092735    
1.557898    2.865143    2.683935    2.776616    2.942484    3.297482    4.333282    0.697432    0.541132    0.496816    0.414324    0.329758    0.218812    0.090111    
1.438590    2.579926    2.426858    2.307500    2.360248    2.593342    3.108431    4.112782    0.679150    0.509157    0.450774    0.378102    0.319905    0.265449    0.184864    0.082453    
1.452542    2.613223    2.473318    2.402424    2.443656    2.561535    3.035449    3.825688    4.598497    0.682839    0.518110    0.462769    0.395138    0.332014    0.275394    0.206852    0.132971    0.036427    
1.450104    2.595023    2.464831    2.374130    2.429595    2.586015    3.061120    3.929221    4.422608    6.242525    0.679452    0.515633    0.459237    0.390731    0.330616    0.275131    0.201455    0.120382    0.020142    1.561951    
