10    -5.056660    7.115486    0.072218
-1.749765  0.342680  1.153036  -0.252436  0.981321  0.514219  0.221180  -1.070043  -0.189496  0.255001  -0.458027  0.435163  -0.583595  0.816847  0.672721  -0.104411  -0.531280  1.029733  -0.438136  -1.118318  1.618982  1.541605  -0.251879  -0.842436  0.184519  0.937082  0.731000  1.361556  -0.326238  0.055676  0.222400  -1.443217  -0.756352  0.816454  0.750445  -0.455947  1.189622  -1.690617  -1.356399  -1.232435  -0.544439  -0.668172  0.007315  -0.612939  1.299748  
-0.161763  -0.132723  -0.112429  0.486832  0.110742  -0.130275  0.143561  0.151992  -0.135320  -0.066278  
 1    -1.913436    0.144143      0.258231
 2    -3.780223    0.443462      0.104865
 3    -4.422533    0.546519      0.052097
 4    -4.814870    0.713029      0.019864
 5    -4.817702    0.728675      0.019632
 6    -4.832752    0.790311      0.018395
 7    -4.834969    0.753814      0.018213
 8    -4.837502    0.764765      0.018005
 9    -4.849312    0.791723      0.017035
10    -4.856817    0.851766      0.016418
4.376045    0.449467    
2.825861    4.097646    0.606348    0.458691    
2.501628    2.755615    4.268414    0.607946    0.515661    0.313939    
2.237766    2.636514    2.267890    4.204432    0.625160    0.486752    0.370375    0.303272    
2.240989    2.638116    2.252567    4.199799    6.283185    0.622903    0.487672    0.365722    0.313766    0.016674    
2.180290    2.630823    2.241678    4.730355    6.247143    4.231972    0.616457    0.480416    0.405548    0.300193    0.036294    0.063138    
2.182344    2.629535    2.231489    4.663009    6.145544    3.950262    6.283185    0.617276    0.479489    0.401993    0.308250    0.019598    0.073535    0.028855    
2.185055    2.635314    2.236626    4.633940    6.183801    3.967356    6.283185    6.141630    0.618696    0.480942    0.400061    0.306605    0.011519    0.085654    0.026865    1.548403    
2.151036    2.624196    2.250079    4.898772    6.210868    3.945129    6.283185    6.283185    6.283185    0.613597    0.478896    0.416257    0.306825    0.014400    0.121423    0.016111    1.559027    0.045322    
2.147333    2.641712    2.251424    4.825610    6.151669    3.937550    5.686948    6.283185    6.041019    3.989705    0.615716    0.480917    0.414582    0.311564    0.007014    0.124306    0.037854    1.544362    0.035194    0.045124    
