10    -6.130040    5.537309    0.669921
0.050657  0.392329  0.609438  -0.588129  1.443758  0.402090  0.166803  0.853984  1.658907  0.699776  -1.693152  -0.962174  -2.420045  -0.416890  -0.337671  0.421032  -1.120160  -0.961434  0.302471  0.846941  0.373882  -0.822025  -1.224561  -0.630809  -1.119728  -0.142730  0.364224  -0.979682  0.309658  -1.452174  -1.102066  0.390759  -1.981690  -0.184424  -0.380117  0.204990  0.237579  0.112373  -0.632952  0.478647  -1.245860  -0.806900  -0.440037  2.225693  -0.305795  
-0.140088  0.140848  0.100996  0.130009  0.119502  0.096047  0.686117  0.088243  0.104618  0.130521  
 1    -3.321374    0.240988      0.240729
 2    -4.599652    0.534839      0.131168
 3    -5.221374    0.672134      0.077881
 4    -5.247782    0.729184      0.075618
 5    -5.537240    0.840113      0.050808
 6    -5.592124    0.864292      0.046104
 7    -5.645556    0.902380      0.041525
 8    -5.716724    0.914169      0.035425
 9    -5.723245    0.919129      0.034866
10    -5.724000    0.918388      0.034801
4.842571    0.742174    
2.329573    3.729206    0.455852    0.511539    
2.317832    2.446428    4.312086    0.541770    0.491491    0.297571    
2.303690    2.480325    4.524102    2.966060    0.525236    0.492559    0.297562    1.520785    
2.324749    2.422727    4.346854    3.912306    1.297961    0.571648    0.509350    0.450291    0.948002    0.607595    
2.367013    2.453446    4.445570    3.661512    1.561700    3.390382    0.593499    0.509292    0.461878    0.972668    0.579851    1.482699    
2.377093    2.469408    4.472579    3.639260    1.508423    3.434475    6.283185    0.606992    0.498332    0.485659    0.949567    0.569084    1.358261    1.426718    
2.209715    2.430619    4.589804    3.625577    1.914284    3.490775    5.652882    5.384957    0.594559    0.484824    0.520776    0.959224    0.504570    1.256490    1.279708    1.433670    
2.209280    2.415820    4.609849    3.613229    1.963434    3.498226    5.662301    5.737952    0.296256    0.592560    0.481934    0.520539    0.953690    0.505615    1.245097    1.289746    1.142132    0.305490    
2.210735    2.415983    4.614822    3.613144    1.948027    3.489560    5.677820    5.841376    0.357500    6.283185    0.593892    0.483709    0.522431    0.951012    0.509020    1.245179    1.290280    1.173035    0.298933    0.020618    
