10    -5.716544    5.618163    0.298217
1.023492  0.283144  -0.004423  -0.507907  0.852055  -1.412692  0.568955  1.263137  -1.571967  -0.876978  -0.225261  0.303901  0.219018  0.460761  -0.189678  -1.520499  -1.072632  -0.267436  -1.661053  -1.062456  1.171652  -0.160575  -0.663102  0.434856  -0.596899  -0.137532  -1.480474  0.245122  0.438490  0.202227  -1.345522  -0.221028  0.868873  0.070822  -2.903281  1.128442  1.130096  0.079082  0.956096  -2.043017  0.301429  0.238692  -0.532264  0.136123  1.544247  
0.206968  -0.103749  -0.128176  0.120760  0.104656  -0.135140  0.115892  0.496082  -0.099797  0.134785  
 1    -2.388068    0.197235      0.293653
 2    -4.222294    0.508993      0.131830
 3    -4.975490    0.643749      0.065379
 4    -5.437960    0.818775      0.024578
 5    -5.575450    0.900617      0.012448
 6    -5.659491    0.955777      0.005033
 7    -5.689051    0.985760      0.002426
 8    -5.701662    0.988375      0.001313
 9    -5.710649    0.997192      0.000520
10    -5.713744    0.999056      0.000247
4.121072    0.545193    
2.924403    4.263226    0.589724    0.446988    
2.562119    2.941440    4.419672    0.611046    0.502225    0.321358    
2.234818    2.831606    2.507875    4.226069    0.626768    0.499809    0.364314    0.299252    
1.767926    2.519039    2.447450    2.578154    3.618076    0.607123    0.476527    0.417869    0.277892    0.241268    
1.445855    2.502960    2.388540    2.405933    2.518742    3.477008    0.642586    0.499803    0.416964    0.352027    0.239758    0.192912    
1.330719    2.273362    2.233170    2.302526    2.400853    2.765520    3.072279    0.629276    0.476339    0.419440    0.360816    0.293841    0.194248    0.121330    
1.254395    2.206974    2.193270    2.248460    2.336564    2.640452    2.650593    3.746696    0.627440    0.472881    0.421457    0.367916    0.305028    0.234141    0.154751    0.070913    
1.210109    2.090499    2.086321    2.115411    2.168594    2.362584    2.527305    2.633282    3.619234    0.624852    0.458600    0.408412    0.358450    0.313957    0.238734    0.205298    0.101426    0.065563    
1.094855    1.867153    1.952795    1.986871    2.036707    2.114431    2.327750    2.477453    2.883315    3.174170    0.604986    0.440000    0.398753    0.353618    0.317035    0.259117    0.215529    0.173724    0.078374    0.054491    
