10    -8.481118    6.410797    1.891210
-0.374470  1.163536  1.171028  0.762805  -1.399164  -0.805286  -0.567384  0.003154  0.933997  -1.232669  0.347803  0.644465  0.018927  -0.473181  -1.407803  -1.970348  0.821106  0.569608  -1.868063  0.428322  2.014901  -0.007186  0.598445  0.461798  -1.053029  0.552033  -0.613530  0.955068  1.682189  0.854499  2.816151  0.037141  -0.240715  -0.597208  -0.573777  -0.062244  -0.155375  0.800620  1.426961  0.019741  0.329232  0.787811  -1.852175  1.629582  1.232894  
-0.159926  -0.102354  0.104729  0.092591  0.680085  -0.099196  -0.103787  -0.123975  -0.125771  0.157627  
 1    -4.255749    0.321554      0.283736
 2    -6.210724    0.619308      0.152458
 3    -7.326698    0.824154      0.077520
 4    -7.696857    0.873029      0.052664
 5    -8.214366    0.954956      0.017913
 6    -8.370043    0.980850      0.007459
 7    -8.434416    0.991354      0.003136
 8    -8.465394    0.996217      0.001056
 9    -8.476311    0.999149      0.000323
10    -8.477585    0.999412      0.000237
5.098679    0.618521    
2.905080    2.885940    0.427176    0.435903    
2.134785    2.758301    2.096663    0.456079    0.349020    0.266072    
1.894377    2.449109    2.246271    2.642359    0.552687    0.437824    0.230082    0.209826    
1.981071    2.221687    1.967288    2.785000    2.045266    0.600105    0.458973    0.325451    0.175503    0.208532    
1.535756    1.952301    1.904220    2.031211    2.532840    2.078051    0.551449    0.442233    0.385958    0.236601    0.193178    0.155300    
1.096043    1.971979    1.877229    1.953357    1.998997    2.508696    2.100866    0.612814    0.458441    0.387985    0.330337    0.241965    0.160367    0.127352    
1.091529    1.788136    1.732255    1.787653    1.825495    1.943677    2.382824    2.025719    0.613026    0.432694    0.375703    0.312580    0.286506    0.193246    0.135126    0.102173    
1.077377    1.695863    1.649175    1.725678    1.788789    1.846186    2.269910    2.024934    5.098548    0.606907    0.417160    0.366983    0.312378    0.296017    0.221892    0.163228    0.182723    0.078336    
1.041885    1.678377    1.651317    1.714147    1.780231    1.854910    2.202074    2.099751    5.211740    5.114059    0.601933    0.417915    0.369458    0.317061    0.295457    0.224808    0.169625    0.174273    0.047743    1.541045    
