10    -6.471507    4.308198    0.578620
1.387236  0.963562  -0.944981  1.624400  0.264741  0.367542  0.797701  -0.556226  -0.100179  0.323385  -1.814105  -0.930862  1.097972  0.485753  0.527625  0.093865  -1.150458  0.466368  0.442111  0.138366  -0.105991  -0.839403  1.688002  -0.084315  -1.454174  0.424841  -1.326656  -0.408164  0.721783  -0.506090  0.158791  -0.984932  -1.100238  0.121549  -0.658298  0.178232  -0.910486  -0.287851  -0.195947  0.081197  1.259267  -0.612968  0.187967  -0.008233  1.167434  
-0.132137  0.107121  0.533483  0.107495  0.132593  -0.102141  0.150254  0.111521  -0.152296  0.171160  
 1    -3.212683    0.215704      0.302311
 2    -4.632481    0.556165      0.170601
 3    -5.418611    0.745962      0.097674
 4    -6.030985    0.852982      0.040866
 5    -6.284349    0.947597      0.017362
 6    -6.401924    0.978193      0.006455
 7    -6.446303    0.990257      0.002338
 8    -6.457586    0.993733      0.001291
 9    -6.465114    0.997765      0.000593
10    -6.468759    0.998948      0.000255
5.725648    0.717829    
2.768078    3.483564    0.521787    0.435350    
2.365625    2.756995    3.135924    0.583140    0.409766    0.279895    
2.172519    2.726089    2.454784    3.532453    0.646427    0.511450    0.322481    0.276047    
1.930383    2.454160    2.257797    2.632296    2.702791    0.623941    0.479477    0.392414    0.226463    0.204259    
1.401755    2.369924    2.272503    2.287879    2.545676    2.745183    0.629261    0.502569    0.423548    0.336874    0.210656    0.163074    
1.254331    2.155873    2.092326    2.159083    2.223278    2.669479    2.559999    0.637460    0.479672    0.418340    0.361648    0.289261    0.182518    0.115620    
1.169474    1.948113    1.927564    1.976322    2.041329    2.205185    2.500016    2.463816    0.617156    0.453425    0.404540    0.349185    0.306323    0.222907    0.149292    0.078095    
1.121757    1.942310    1.940517    1.958890    2.012583    2.188524    2.326566    2.523724    2.999583    0.621014    0.459203    0.408166    0.356605    0.313887    0.240667    0.201650    0.096946    0.057862    
1.031003    1.757491    1.812749    1.843243    1.891517    1.964543    2.151821    2.273545    2.690179    2.781583    0.605837    0.439648    0.396439    0.351913    0.317563    0.259193    0.216685    0.172897    0.078446    0.053178    
