10    -5.233090    6.938608    0.410449
1.181663  3.286588  -1.621765  0.949320  0.052378  0.064238  -0.407483  -0.086520  0.716453  1.220180  -0.421267  -0.436458  0.176678  0.855759  1.180917  0.303532  0.876488  0.409602  0.206339  -0.013353  -1.192493  -0.792464  0.517279  -0.487682  -0.779472  0.365687  -0.736046  0.139248  0.935475  1.379081  0.828823  0.572097  -0.226923  -0.796798  1.773026  0.437690  1.147809  0.880295  0.917032  1.984036  -0.949916  1.505194  -1.509718  1.503956  -0.219743  
0.090993  0.617226  -0.098766  0.127936  0.119882  -0.109466  -0.066409  0.119781  0.070134  -0.292161  
 1    -2.221846    0.045420      0.247397
 2    -3.868391    0.426667      0.112121
 3    -4.356662    0.581968      0.072005
 4    -4.815984    0.727079      0.034269
 5    -4.998073    0.837519      0.019308
 6    -5.108210    0.901862      0.010260
 7    -5.161149    0.941236      0.005911
 8    -5.195676    0.970256      0.003074
 9    -5.212106    0.983329      0.001724
10    -5.221391    0.993752      0.000961
4.849922    0.917132    
2.746437    3.617910    0.480820    0.441990    
2.272221    2.842176    3.554547    0.546886    0.421710    0.276393    
2.115956    2.723036    2.449481    3.989830    0.604532    0.483291    0.321189    0.277156    
1.833064    2.518286    2.410633    2.723616    3.122528    0.600935    0.467859    0.379512    0.229894    0.200501    
1.555641    2.454483    2.345979    2.490414    2.643683    3.149362    0.615251    0.478231    0.391706    0.312051    0.197642    0.146362    
1.388814    2.344373    2.285864    2.391722    2.559060    2.756497    3.349370    0.609563    0.476604    0.405661    0.324455    0.258581    0.159823    0.093286    
1.280806    2.238060    2.222928    2.292651    2.389784    2.779474    2.637560    3.651291    0.622480    0.466470    0.405249    0.347359    0.269225    0.220896    0.110859    0.077857    
1.222941    2.090391    2.097145    2.153365    2.215662    2.474350    2.626651    2.824423    3.219866    0.613920    0.454776    0.394372    0.338733    0.293250    0.220907    0.182849    0.079359    0.068113    
1.193426    2.093373    2.092936    2.135921    2.204486    2.493287    2.502312    2.937691    2.681442    5.374566    0.616956    0.454152    0.397553    0.346159    0.293617    0.230927    0.201557    0.088134    0.111135    0.043564    
