10    -7.161842    6.128833    1.507778
1.044560  -1.449536  0.588023  1.842537  1.549008  -0.023531  -0.878637  1.253610  1.377716  0.376270  -0.124098  0.904463  -0.398546  0.898816  -0.822881  -1.367960  -0.748894  0.512918  0.068307  0.592726  -0.537103  0.225458  1.405063  0.255229  2.156938  -0.267134  0.162833  1.164157  -0.475942  0.694334  -0.167675  0.151874  1.628564  1.952197  1.432127  0.866104  -1.837964  0.690829  -1.491345  1.310392  -1.021961  -0.012208  -1.517065  1.343501  0.871262  
-0.138838  0.120726  -0.102982  0.600859  -0.101199  0.125012  -0.124186  0.145467  0.145419  0.110151  
 1    -3.202012    0.141381      0.297940
 2    -5.270906    0.545173      0.142275
 3    -6.055187    0.747048      0.083266
 4    -6.693164    0.815815      0.035264
 5    -6.749180    0.863067      0.031049
 6    -6.947565    0.955190      0.016122
 7    -6.954391    0.955647      0.015609
 8    -6.966586    0.955657      0.014691
 9    -6.993349    0.969052      0.012678
10    -7.002505    0.973009      0.011989
4.704705    0.820484    
2.582570    3.436855    0.487714    0.467388    
2.205351    2.605963    2.686367    0.527024    0.378270    0.275676    
2.142035    2.415203    1.995779    4.235897    0.597551    0.477740    0.342378    0.301181    
2.129877    2.413736    2.035022    4.756939    3.470281    0.595900    0.472176    0.356414    0.290948    1.498929    
2.003429    2.457492    2.079508    4.674539    4.365360    1.133110    0.608882    0.476823    0.401327    0.457637    1.069740    0.505388    
1.978490    2.466158    2.089733    4.627677    4.275323    1.232005    3.473617    0.611653    0.484222    0.402242    0.458574    1.073472    0.491842    1.536847    
1.987459    2.437812    2.057636    4.567121    4.219379    1.299559    3.306968    5.301860    0.606654    0.481465    0.398845    0.450630    1.079389    0.454699    1.447045    1.490488    
1.943495    2.416314    2.040168    4.569678    4.153242    1.478485    3.197471    4.735485    4.301179    0.599034    0.481880    0.405486    0.455520    1.068314    0.501418    1.408589    1.461258    1.489084    
1.987420    2.429733    2.032711    4.521964    4.198233    1.534021    3.058802    5.005623    3.963937    3.509341    0.605191    0.482429    0.401873    0.454871    1.070604    0.506270    1.410088    1.437036    1.490131    1.528587    
