10    -5.377344    5.620971    0.281018
-0.865377  -0.906804  -0.216282  -1.436207  -1.287836  0.000968  0.262022  -0.588278  -0.086633  2.495468  0.738580  -1.138786  -0.119129  -1.040382  -0.558895  -1.008352  0.341405  0.190311  -0.480779  -0.992802  1.018609  0.358448  -0.657133  -0.287619  0.822581  -0.732660  0.836864  1.419409  -0.925479  -1.002656  1.329515  -0.938496  0.955065  -0.270918  -0.642081  -0.070753  0.861484  -1.551337  -1.344420  0.558663  0.413445  -0.212662  -1.006283  -0.373141  -0.039081  
-0.111830  0.123027  -0.109554  -0.090510  -0.794398  -0.077648  0.100189  0.148959  -0.100834  -0.140202  
 1    -3.700662    0.266790      0.152449
 2    -4.284715    0.232452      0.099345
 3    -4.501740    0.187113      0.079613
 4    -4.538816    0.246945      0.076241
 5    -4.763691    0.355779      0.055795
 6    -4.839115    0.533172      0.048937
 7    -4.930933    0.471674      0.040589
 8    -4.984026    0.527792      0.035762
 9    -5.032193    0.684344      0.031382
10    -5.054457    0.720097      0.029358
5.057145    0.785233    
1.844076    3.789273    0.338207    0.604586    
2.004013    2.426942    3.403621    0.442519    0.454721    0.262710    
3.532022    2.537544    6.283185    4.951898    0.613061    0.323535    1.441209    1.341935    
1.644908    2.472401    2.859096    4.474841    6.283185    0.430372    0.497267    0.321940    1.534067    1.387338    
3.350235    2.507930    6.283185    4.460699    6.152855    4.698100    0.603502    0.347703    1.411641    1.251854    1.476899    0.160838    
1.353155    2.224784    2.445166    6.283185    4.383633    6.176281    4.703464    0.299469    0.498859    0.320769    1.451865    1.279767    1.481364    0.137448    
1.363308    2.270473    2.447464    6.283185    4.158343    5.997811    4.879719    6.088008    0.327126    0.495076    0.338028    1.479935    1.267789    1.432866    0.128551    0.079902    
1.349346    2.192785    2.522833    6.283185    4.350438    5.566759    5.015821    6.283185    4.522085    0.334458    0.481601    0.354163    1.435264    1.242418    1.465348    0.190261    0.119650    1.478173    
1.438420    2.204658    2.546781    6.283185    4.242850    5.359203    5.066282    6.241582    4.645651    6.111804    0.375762    0.467454    0.368610    1.445562    1.238022    1.448562    0.197880    0.186410    1.495064    1.505366    
