10    -6.815994    4.084124    1.258029
1.319751  -0.169291  -0.060430  0.880154  0.440474  0.282055  -1.219574  -0.679306  -0.367388  -0.797539  0.622276  -0.818255  -0.316651  -2.039845  0.708758  -0.138086  0.106757  -0.657646  0.217738  -0.925505  -0.420240  -0.215826  0.618240  -1.075169  -1.079639  -0.515391  0.871164  -0.995943  0.940282  -0.051731  -1.061947  -1.776930  -0.799917  0.075276  -0.179210  -1.648911  -0.646944  0.782561  -0.317670  -0.425008  2.022945  0.818040  0.389085  1.127943  -1.192770  
0.752625  -0.685770  -0.624214  -0.601742  -0.712476  -0.690151  -0.720553  -0.599821  0.714405  0.669871  
 1    -3.314399    0.293217      0.321244
 2    -5.222993    0.689174      0.146145
 3    -6.410597    0.919398      0.037192
 4    -6.469256    0.917548      0.031810
 5    -6.724429    0.974287      0.008400
 6    -6.437539    0.923753      0.034720
 7    -6.430639    0.923365      0.035353
 8    -6.587325    0.949656      0.020979
 9    -6.600975    0.959925      0.019726
10    -6.553393    0.945798      0.024092
0.306381    0.684597    
0.229862    0.296084    0.823824    0.437809    
0.214393    0.215472    0.246458    0.781071    0.586590    0.340337    
0.203051    0.210309    0.239296    0.815384    0.764571    0.601747    0.397634    0.079008    
0.140173    0.000000    0.207660    0.199562    0.223824    1.051029    1.227425    0.642953    0.477206    0.260337    
0.210583    0.211347    0.239505    4.948141    1.223480    4.784702    0.772393    0.588062    0.362051    1.512258    0.046924    0.032764    
0.210982    0.000000    0.212133    0.242107    4.633977    2.804844    3.842945    1.238883    1.106247    0.586558    0.365671    0.033662    0.028183    1.543815    
0.180971    0.204518    0.228683    0.533005    1.750421    3.338651    3.510535    5.161601    0.732759    0.622751    0.443122    1.416142    0.038092    0.026970    0.020843    0.025565    
0.179539    0.205047    0.229645    0.528851    1.499659    1.271425    1.230427    1.817562    1.795793    0.732058    0.625806    0.445582    1.387211    1.492923    0.061340    1.530584    0.029874    1.555290    
0.195934    0.208692    0.240404    0.849328    1.504047    3.575304    4.103429    4.306405    4.303558    4.753708    0.752603    0.617941    0.434005    0.124600    0.023175    1.540307    1.565646    0.023324    0.015066    1.536968    
