10    -6.940617    5.893979    0.495427
-1.005836  0.503446  1.199233  1.483479  -0.592821  -0.667869  -0.277927  -0.746122  -1.144461  -0.517024  -1.065586  0.040723  -0.927408  0.138031  -1.344592  0.494226  -0.986034  0.821460  1.196688  1.597137  -1.299495  0.713507  0.143302  0.823571  -1.206175  -1.405423  0.998794  1.505038  0.429739  -1.935947  -0.247171  0.900996  -0.349041  -0.477095  -1.421178  0.104364  0.425847  -1.037371  0.000303  -0.571347  -0.337199  2.891899  0.270498  -1.104481  -0.483323  
-0.062736  -0.138940  0.129218  -0.149147  -0.137261  -0.115011  0.106201  -0.610582  -0.078453  -0.133132  
 1    -2.468101    0.057248      0.348473
 2    -5.211474    0.429067      0.134725
 3    -5.931151    0.527950      0.078652
 4    -5.960810    0.550977      0.076341
 5    -6.162150    0.634403      0.060654
 6    -6.226264    0.632228      0.055658
 7    -6.326484    0.788973      0.047850
 8    -6.336560    0.791715      0.047065
 9    -6.340687    0.804776      0.046743
10    -6.737298    0.936972      0.015841
3.200272    0.807418    
2.472371    3.652177    0.480558    0.480798    
2.363381    2.616482    4.313797    0.574038    0.493583    0.297723    
2.360754    2.649309    4.730945    3.472962    0.566925    0.511364    0.300548    1.520594    
2.434116    2.600659    4.639878    4.374124    1.044733    0.582122    0.528265    0.397339    0.888775    0.656499    
2.393643    2.631880    4.469050    4.216873    1.129066    3.447249    0.599962    0.520472    0.397736    0.931750    0.625871    1.487402    
2.494904    2.671828    5.138530    3.542233    1.577098    4.535078    1.444813    0.623897    0.528399    0.472648    1.134125    0.513624    1.107846    0.418001    
2.466637    2.675594    5.166858    3.493682    1.641724    4.397466    1.835315    0.755534    0.628026    0.527948    0.474198    1.137011    0.511864    1.147290    0.504900    1.426316    
2.506805    2.670526    5.181739    3.451579    1.596787    4.484558    1.624449    1.568860    6.091434    0.626650    0.529545    0.475843    1.128647    0.514930    1.119002    0.424179    1.570796    0.047055    
1.987244    2.521728    2.172735    4.820524    4.807779    1.155982    4.933458    4.627543    3.328050    1.956659    0.576754    0.475984    0.408990    0.435939    0.930193    0.696836    0.129582    0.000000    0.076278    1.502900    
