10    -5.541044    5.048785    0.255764
1.852027  1.201873  -0.549276  0.219038  -0.016983  0.671893  0.333167  -1.771524  1.975094  0.418604  -0.558470  0.925971  -0.505698  -0.325270  -1.075545  0.446122  -0.836724  0.162329  0.281473  0.505949  -0.553527  -0.866120  0.327513  1.036986  0.348084  -1.708354  1.127971  -0.092168  -0.439503  0.169916  -0.861601  0.219753  -0.153007  1.006797  0.498850  -1.179203  -1.559016  1.509071  -2.013569  0.536162  0.709629  -0.722766  -0.049661  -0.245750  -1.346920  
-0.124665  0.094532  0.652391  -0.030114  0.076457  0.133181  0.137892  0.128119  -0.124386  0.158132  
 1    -2.830910    0.179291      0.255919
 2    -4.001906    0.406628      0.145341
 3    -4.717916    0.506565      0.077728
 4    -5.203451    0.658157      0.031879
 5    -5.349527    0.732333      0.018085
 6    -5.439176    0.786903      0.009619
 7    -5.474070    0.819816      0.006324
 8    -5.495759    0.895714      0.004276
 9    -5.507131    0.951270      0.003202
10    -5.516439    0.971367      0.002323
5.869943    0.747283    
2.647963    3.927377    0.519704    0.465604    
2.433434    2.843712    4.545479    0.584637    0.491988    0.310546    
2.113761    2.701875    2.341262    4.341857    0.587530    0.474812    0.339050    0.293434    
1.720626    2.458525    2.343381    2.511678    3.400714    0.582647    0.452234    0.392188    0.226533    0.235960    
1.360742    2.421939    2.337886    2.374277    2.503835    3.227013    0.623314    0.476457    0.397930    0.332766    0.195681    0.186412    
1.268764    2.199048    2.173284    2.259858    2.328057    2.767515    2.796323    0.618887    0.455764    0.396279    0.340449    0.272609    0.163291    0.124214    
1.291172    2.220090    2.166906    2.243359    2.290959    2.801621    2.541481    5.992919    0.620577    0.456388    0.390386    0.338363    0.273703    0.180619    0.192475    0.085520    
1.295380    2.246960    2.174121    2.266956    2.290211    2.865525    2.483828    5.979887    6.283185    0.625927    0.456924    0.388137    0.338406    0.270117    0.176290    0.203437    0.157940    0.063423    
1.278494    2.214543    2.160014    2.246266    2.271099    2.807505    2.466215    5.830012    5.702576    5.704739    0.623912    0.454836    0.389109    0.342348    0.275700    0.181043    0.207943    0.164137    0.118598    0.062693    
