10    -5.670333    4.703232    0.038300
-0.217286  -0.915852  1.062431  0.444871  -0.375857  -1.325971  -0.652894  -0.842896  -0.447425  1.539325  0.027425  -0.777571  -1.614024  0.688196  -0.014051  0.026840  0.549220  0.855711  0.291851  -0.626174  -2.124388  0.198757  0.726640  -0.387585  0.110386  2.242068  -0.104016  0.801473  1.070724  0.797388  0.451471  1.084119  0.856671  -0.268014  0.219906  0.141838  0.501892  0.241152  1.580794  -0.362969  -0.440099  -0.087929  0.066861  -1.152043  2.398170  
-0.212811  0.106741  -0.170364  0.167189  0.168076  -0.144041  -0.154020  -0.150641  0.178009  -0.222935  
 1    -2.913512    0.334779      0.265754
 2    -4.264003    0.655088      0.135569
 3    -5.296708    0.892096      0.036017
 4    -5.582861    0.962786      0.008432
 5    -5.638437    0.980924      0.003075
 6    -5.654290    0.991217      0.001547
 7    -5.665174    0.998225      0.000497
 8    -5.668637    0.999182      0.000163
 9    -5.669453    0.999586      0.000085
10    -5.669837    0.999793      0.000048
5.552213    0.570602    
3.788597    5.077076    0.836983    0.451768    
3.439108    3.512364    4.144291    0.767559    0.587339    0.348427    
2.343169    3.441587    3.324363    3.774285    0.707505    0.638245    0.477334    0.259286    
1.749605    3.128905    2.845032    3.183036    3.579873    0.710602    0.589352    0.521117    0.406078    0.194373    
1.558268    2.910615    2.790972    2.977008    3.134418    3.711266    0.703873    0.576743    0.531459    0.433059    0.301711    0.107364    
1.485087    2.728122    2.610742    2.664719    2.833985    3.170727    4.232050    0.701212    0.547738    0.507100    0.420475    0.337540    0.221880    0.084903    
1.377499    2.454533    2.320182    2.199402    2.290065    2.481425    2.993449    4.072071    0.682404    0.510947    0.453191    0.386434    0.325971    0.270614    0.188193    0.079906    
1.276763    2.341508    2.307883    2.238941    2.229026    2.316236    2.715435    3.292487    3.962474    0.674856    0.518408    0.462213    0.403072    0.338712    0.289448    0.230689    0.147198    0.054466    
1.140194    2.099294    2.232684    2.201528    2.188462    2.270115    2.538019    2.988420    3.476763    4.007069    0.654071    0.509187    0.461973    0.412248    0.358484    0.313429    0.264651    0.195418    0.114439    0.035632    
