10    -6.364092    7.377224    0.775105
1.980655  1.795750  -0.728124  -0.283760  1.757234  -0.700888  0.749530  1.466181  -0.359759  -0.314563  -0.497060  -0.582411  0.826093  0.847297  -0.248796  -1.247295  -0.320472  0.092944  -0.984481  -0.621929  0.498765  0.203754  0.685531  1.081797  -0.182269  -1.166652  0.568559  0.322269  0.714625  1.378866  -1.009285  -1.327397  -0.186506  0.457787  -0.668764  1.142519  3.369110  -0.865520  -0.435180  2.777189  -0.970883  0.017409  0.954578  2.350620  -0.893343  
-0.530575  0.383217  0.439997  -0.203405  0.386066  0.418673  0.379767  -0.447585  0.347433  0.458632  
 1    -2.785683    0.177445      0.260412
 2    -4.887781    0.646179      0.107436
 3    -5.939073    0.865779      0.030930
 4    -6.237501    0.936366      0.009212
 5    -6.253313    0.948259      0.008062
 6    -6.279805    0.973733      0.006134
 7    -6.285497    0.977688      0.005720
 8    -6.286455    0.979023      0.005650
 9    -6.290606    0.980886      0.005348
10    -6.295185    0.983678      0.005015
1.245902    0.773219    
0.667748    0.857531    0.812274    0.431553    
0.613481    0.617567    0.708701    0.776058    0.579378    0.341493    
0.406793    0.580003    0.582317    0.649473    0.694103    0.630267    0.473747    0.250801    
0.403236    0.582465    0.580265    0.655388    5.071972    0.695417    0.632038    0.475194    0.257634    1.545060    
0.399769    0.582073    0.572979    0.648146    5.073075    1.724206    0.698282    0.629880    0.477562    0.274281    1.502976    0.054205    
0.394749    0.582581    0.565794    0.641751    5.010276    1.725881    5.056546    0.698210    0.628420    0.475784    0.277735    1.493549    0.065268    1.552530    
0.395906    0.582815    0.566191    0.642431    5.014751    1.728790    5.071681    6.283185    0.699105    0.628276    0.476259    0.277917    1.491476    0.066870    1.553848    1.564120    
0.394481    0.579380    0.564970    0.643668    4.955576    1.671169    4.987268    2.552372    5.138651    0.694966    0.627553    0.474995    0.274801    1.500119    0.062454    1.531953    1.545173    0.016161    
0.392046    0.579170    0.561237    0.641898    4.049268    2.483966    5.944472    1.757516    5.271910    1.862368    0.694582    0.626650    0.473650    0.276526    0.050572    0.039737    0.066540    1.506551    0.038784    1.543536    
