10    -6.742522    4.941355    0.754757
1.228264  -0.961592  -1.375194  -0.666736  -0.408250  -0.159367  -1.010143  -0.272901  1.148510  0.304371  0.659412  1.625798  -1.085026  -0.277913  0.463255  -0.990108  0.434097  -0.866149  1.488676  -0.134554  0.149314  0.151039  -1.374282  -0.378194  0.792847  -1.594435  -0.553262  -1.656346  -0.175900  1.068554  -0.328559  -1.447383  1.133899  1.159811  1.071022  -1.115433  -0.242938  -1.266567  -0.090140  -0.219575  -0.945066  0.380761  -0.531428  0.821282  0.988751  
-0.196361  -0.006676  -0.131924  -0.123610  0.507740  -0.117786  -0.117127  -0.141624  -0.150630  0.149304  
 1    -3.395887    0.147004      0.286432
 2    -4.854052    0.341837      0.161630
 3    -5.505229    0.422388      0.105897
 4    -6.012585    0.484448      0.062474
 5    -6.155069    0.538976      0.050279
 6    -6.221886    0.553679      0.044560
 7    -6.248341    0.562487      0.042296
 8    -6.274795    0.590080      0.040032
 9    -6.353968    0.675069      0.033256
10    -6.419497    0.750185      0.027647
5.603258    0.682062    
2.725725    3.674975    0.556587    0.443535    
2.363051    2.647023    3.461182    0.584314    0.446645    0.279926    
2.178989    2.629981    2.303766    3.817053    0.639505    0.497336    0.341369    0.282390    
1.907529    2.303528    2.148240    2.456726    2.850286    0.614405    0.455858    0.388427    0.218738    0.216330    
1.293593    2.279090    2.210867    2.217536    2.453214    2.854335    0.630259    0.498328    0.412803    0.335636    0.212544    0.162679    
1.233838    2.075222    2.017985    2.097548    2.199069    2.623520    2.628667    0.637111    0.466842    0.405984    0.350733    0.283809    0.175693    0.106201    
1.333830    2.123601    1.980394    2.057232    2.128626    2.742262    2.355378    5.950397    0.651874    0.466651    0.385571    0.334115    0.275621    0.176750    0.185807    0.106172    
1.193818    2.154661    2.259964    2.196694    2.483781    2.598193    5.608995    5.383356    5.803901    0.596357    0.491356    0.422950    0.353464    0.187713    0.247969    0.153805    0.210183    0.136383    
1.171433    2.520569    2.410478    2.291200    2.544610    2.615535    6.283185    6.283185    6.065247    6.140397    0.678365    0.534123    0.427273    0.356888    0.184370    0.205943    0.102879    0.148947    0.210532    0.123104    
