10    -6.597550    5.244546    0.361700
1.857565  -0.203968  0.711019  -0.958718  0.636314  0.984796  0.976736  -0.773217  -0.776050  -1.071380  -0.238518  -0.933245  -0.167597  -1.889870  0.563232  -1.514799  -0.558354  0.092131  0.432031  0.517837  -0.093025  0.611153  -0.411582  0.223541  0.685520  -0.103944  -0.564542  -0.640192  0.042300  -0.805789  -1.099186  0.143783  0.128243  -1.661902  -0.419893  -0.412928  1.080934  -2.421753  1.180210  -2.030084  1.978079  -0.550427  0.884651  0.266871  1.239871  
0.211545  -0.165955  -0.159434  -0.161092  0.167421  0.164742  -0.175103  -0.179957  0.173153  -0.160501  
 1    -2.498419    0.151161      0.346149
 2    -5.053240    0.690571      0.130409
 3    -6.196690    0.918508      0.033850
 4    -6.509003    0.976888      0.007477
 5    -6.570726    0.991071      0.002265
 6    -6.585109    0.995420      0.001051
 7    -6.592973    0.998987      0.000387
 8    -6.596570    0.999723      0.000083
 9    -6.596055    0.999525      0.000126
10    -6.596622    0.999758      0.000078
3.722069    0.338245    
3.610643    4.674317    0.825570    0.440857    
3.363386    3.330938    3.886912    0.780944    0.587058    0.345656    
2.157992    3.243468    3.136480    3.553523    0.707123    0.648183    0.483386    0.265341    
1.578573    2.952908    2.701970    3.012727    3.367475    0.723232    0.596416    0.537041    0.417603    0.204519    
1.430819    2.618771    2.505955    2.615491    2.739613    3.208605    0.704900    0.560156    0.519593    0.426807    0.308740    0.129188    
1.395791    2.548454    2.413243    2.443579    2.552211    2.862202    3.803714    0.701463    0.547145    0.503001    0.416245    0.335037    0.223197    0.080127    
1.298039    2.311623    2.155747    2.057365    2.135325    2.283106    2.732936    3.701840    0.685661    0.512531    0.452990    0.389877    0.330569    0.273089    0.191307    0.079400    
1.277243    2.293138    2.163111    2.075407    2.131005    2.316635    2.929045    5.260051    3.268165    0.684512    0.514234    0.455980    0.392461    0.327483    0.262394    0.158284    1.570796    1.530636    
1.258237    2.297005    2.182851    2.126132    2.154267    2.301566    2.906889    5.559042    2.715314    4.516154    0.687105    0.521315    0.463781    0.402922    0.336191    0.273394    0.177722    1.570796    1.487384    1.537511    
