10    -4.591781    6.437727    0.195228
-0.835604  0.665364  0.481271  -0.938764  -0.122347  -1.126123  -0.846273  -1.317148  -1.813608  -0.155595  0.611860  0.014949  0.795852  0.011985  0.922505  0.349768  0.002359  -0.999109  0.421646  -0.261758  0.127665  0.056907  -0.229472  -0.957703  -0.424170  0.020671  -0.415321  0.213133  0.117778  1.360823  -0.434741  -0.066807  0.645877  -1.553138  -2.486736  1.837397  -0.484461  0.361843  0.254181  -0.534835  1.677636  -0.110994  -0.669409  -0.335348  0.428695  
0.223418  0.012114  -0.102462  -0.122812  0.112408  0.673078  -0.112946  0.084692  0.133122  0.160121  
 1    -1.820280    0.078558      0.251281
 2    -3.382745    0.271074      0.109618
 3    -3.777243    0.343711      0.073851
 4    -4.063305    0.344224      0.047915
 5    -4.126170    0.383559      0.042215
 6    -4.215861    0.565758      0.034083
 7    -4.325073    0.722307      0.024181
 8    -4.365074    0.818418      0.020555
 9    -4.404900    0.885098      0.016944
10    -4.472936    0.958674      0.010775
5.869533    0.460168    
2.422697    2.956084    0.448106    0.458757    
1.949746    2.451417    2.198092    0.475002    0.364651    0.250413    
1.991566    2.171343    1.771400    4.166721    0.555393    0.454861    0.332878    0.276772    
1.961686    2.199279    1.866757    4.672328    3.295145    0.565599    0.455068    0.333909    0.256104    1.474905    
1.831429    2.253737    2.314771    4.310398    3.510643    6.040278    0.523478    0.505747    0.277638    0.163562    1.288191    1.384402    
1.779311    2.233999    2.039656    4.952832    3.140503    5.222800    5.038760    0.533732    0.458621    0.348266    0.217412    1.301186    1.300934    1.400855    
1.801396    2.230098    2.030257    4.972613    3.119405    5.194190    5.002088    5.312945    0.533514    0.450210    0.355350    0.206886    1.309975    1.276530    1.301164    1.466604    
1.810155    2.216152    2.003770    4.997407    3.132053    5.190046    5.044113    5.193175    5.376693    0.534209    0.449714    0.349666    0.221836    1.305384    1.279196    1.273872    1.364545    1.462643    
1.811497    2.176254    1.919320    4.663389    3.335967    5.493820    5.246143    6.283185    5.388876    5.497935    0.544489    0.457370    0.341555    0.231455    1.308934    1.308449    1.383130    1.416263    1.362226    1.428941    
