10    -5.797793    5.830218    0.070414
0.441145  -0.576500  -1.269955  -2.450535  1.899251  -0.074970  -0.255748  -0.274553  -0.856710  0.858997  0.574482  0.136117  -0.110739  0.963468  0.789986  -0.354507  0.655454  -1.442845  0.516226  1.165711  -0.683643  -0.198090  0.540971  0.441133  0.138034  -0.057272  -1.105156  0.767905  0.516581  -0.796075  -0.164653  -1.025493  -0.558958  1.935090  1.185729  0.401918  0.448543  -0.146055  1.102712  0.101675  -0.006842  1.715351  -1.090988  -0.179423  -0.775085  
-0.192910  0.122880  -0.151919  -0.142050  -0.145574  0.100148  -0.113434  0.514107  0.109400  0.153036  
 1    -3.022410    0.185494      0.238681
 2    -4.305327    0.146198      0.128351
 3    -5.085078    0.206727      0.061293
 4    -5.087061    0.212263      0.061122
 5    -5.164311    0.071939      0.054479
 6    -5.265376    0.078907      0.045787
 7    -5.267894    0.095479      0.045571
 8    -5.344899    0.061413      0.038949
 9    -5.372109    0.082216      0.036608
10    -5.391867    0.111464      0.034909
6.157609    0.681385    
2.714146    4.047669    0.620195    0.445808    
2.311436    2.634990    4.093852    0.614050    0.529772    0.343180    
2.298442    2.645945    4.073084    6.283185    0.614799    0.530792    0.337407    1.558551    
2.084673    2.704803    2.799280    5.963296    3.616652    0.634796    0.494586    0.375149    1.570796    1.388829    
2.085564    2.695818    2.558565    5.434078    3.111330    4.727618    0.626216    0.483648    0.349151    1.570796    1.281051    1.401603    
2.086225    2.693895    2.550423    5.405210    3.110059    4.581899    4.154328    0.624564    0.482110    0.346578    1.570796    1.282376    1.391397    1.550627    
2.003679    2.620427    2.392334    5.347403    2.957250    2.377859    3.764916    6.283185    0.608123    0.458732    0.336251    1.530859    1.309882    1.372964    1.447174    0.075840    
1.971744    2.576875    2.400798    5.601361    2.717624    2.549362    3.063178    5.566674    4.307389    0.604099    0.457668    0.353589    1.532315    1.293204    1.377233    1.433046    0.106295    0.112132    
1.954404    2.548046    2.385673    5.439402    2.946541    2.666844    3.234054    5.653718    4.268931    6.283185    0.598678    0.448085    0.357047    1.525353    1.283652    1.363168    1.470492    0.161897    0.056108    1.504344    
