 7    -2.702683    2.805833    0.051194
1.594854  -0.655138  1.016982  0.369841  -0.070009  -0.682898  -0.254259  -0.672071  0.295525  0.098739  -0.925285  0.296286  -0.202728  -0.416951  -0.139597  1.161232  -0.213925  -1.273170  -0.021132  0.436229  -0.325183  
-0.239543  0.176112  -0.813351  0.180503  -0.185839  0.064124  0.321945  
 1    -1.607373    0.131479      0.198839
 2    -2.355120    0.237208      0.063096
 3    -2.483911    0.225689      0.039715
 4    -2.617814    0.178848      0.015407
 5    -2.651638    0.179247      0.009267
 6    -2.658373    0.158965      0.008044
 7    -2.662877    0.295661      0.007226
 8    -2.665018    0.366329      0.006838
 9    -2.672777    0.547043      0.005429
10    -2.678938    0.644694      0.004311
5.220770    0.505118    
2.889779    3.392361    0.459698    0.420875    
2.231226    3.028967    3.408667    0.498442    0.415571    0.204314    
2.097706    2.826039    2.794805    4.115485    0.598174    0.466252    0.296649    0.238589    
1.596262    2.448564    2.642705    3.051012    3.292274    0.589913    0.447091    0.370406    0.237765    0.159815    
1.259414    2.335019    2.471898    2.663161    3.066156    3.350513    0.600801    0.442776    0.380674    0.305104    0.182728    0.100128    
1.368416    2.346527    2.321052    2.433860    2.766099    4.873596    6.283165    0.626340    0.416819    0.340798    0.276032    0.214328    0.000000    1.472252    
1.317777    2.527922    2.549590    2.494958    2.411788    3.687895    5.094042    3.112573    0.654697    0.442829    0.347134    0.286692    0.118860    0.000000    1.488171    1.499211    
1.193439    2.555969    2.732644    2.694364    2.183585    3.690616    5.086551    3.243135    4.776441    0.656320    0.462926    0.376208    0.302853    0.048375    0.000000    1.374264    1.473699    1.481211    
1.068911    2.294617    2.492214    2.454653    3.071906    2.808555    4.220483    3.349571    3.826507    3.549684    0.601725    0.452007    0.365951    0.298618    0.111629    0.000000    1.397849    1.390663    1.456784    1.483389    
