 7    -3.129413    3.254390    0.145459
-0.337545  -0.225671  -0.825266  -1.519911  0.236885  -0.567556  1.783642  0.438508  -0.234935  0.649691  0.120339  -1.428240  -0.086604  1.572401  0.256997  0.257998  0.610064  -0.238371  -0.607507  0.311573  1.282436  
0.158302  -0.192964  0.189393  0.144788  -0.985772  -0.146535  0.185464  
 1    -0.823662    0.028992      0.361188
 2    -2.681436    0.147264      0.070174
 3    -2.786946    0.192152      0.053646
 4    -2.866273    0.238215      0.041220
 5    -2.921261    0.200440      0.032606
 6    -2.925374    0.196353      0.031962
 7    -2.958916    0.505664      0.026708
 8    -2.978236    0.680144      0.023681
 9    -3.009227    0.762253      0.018827
10    -3.031665    0.719790      0.015312
3.646243    0.288070    
2.431146    3.796021    0.354796    0.522125    
2.420438    3.180338    4.868720    0.539814    0.472046    0.249875    
1.937508    2.477889    2.920781    5.084064    1.049897    0.992267    0.536367    0.531926    
1.959544    2.919501    3.690239    6.283185    6.283185    0.416283    0.512206    0.150567    1.400125    1.358931    
2.150676    2.746270    3.500415    6.283185    6.283185    5.252903    0.398991    0.478124    0.139551    1.379430    1.346836    1.533018    
2.656868    1.070598    2.581077    4.507773    6.283185    6.283185    1.842886    0.955138    1.053912    0.607749    0.296397    1.522262    1.294373    0.166177    
2.778087    1.207827    2.450743    4.489475    6.283185    6.283185    2.210791    2.408117    0.959119    1.050499    0.610354    0.327996    1.545379    1.268725    0.260322    1.470253    
2.733976    0.514411    2.674208    4.670421    6.283185    6.283185    2.335913    2.631325    6.283185    0.958612    1.071671    0.571332    0.242140    1.506736    1.261267    0.258675    1.429145    0.083431    
2.102161    2.735360    3.667898    6.267940    6.283185    6.282263    6.239964    5.111436    1.438919    3.488987    0.383356    0.489274    0.170737    1.429227    1.333232    1.570796    0.059943    0.410824    1.136446    0.113168    
