 7    -3.505512    2.951518    0.153315
-1.945109  0.620710  -0.432221  0.462573  0.020115  -0.392806  2.213288  1.454509  -1.097804  0.429880  0.343355  0.253077  0.832716  0.277569  -0.227005  0.024562  -1.309637  -0.479140  0.549007  -0.083391  0.370486  
0.118908  0.131516  -0.705207  -0.498630  0.706648  -0.096438  -0.013370  
 1    -1.732972    0.215511      0.274513
 2    -2.951006    0.468955      0.085876
 3    -3.207505    0.556243      0.046152
 4    -3.318874    0.530268      0.028905
 5    -3.385415    0.572711      0.018599
 6    -3.419864    0.614607      0.013264
 7    -3.328640    0.676158      0.027392
 8    -3.422208    0.622362      0.012901
 9    -3.424158    0.646961      0.012599
10    -3.441737    0.656430      0.009877
5.684701    0.424570    
6.070445    6.117876    0.705801    0.374414    
5.658578    5.520191    5.625814    0.627090    0.428724    0.218854    
1.637561    2.109659    2.681048    2.188830    0.649956    0.321696    0.313527    0.199675    
1.314513    1.985971    2.368696    2.083072    6.090017    0.634733    0.390049    0.320520    0.307067    0.144687    
1.325459    2.019613    2.308304    1.932457    5.925408    6.190370    0.625612    0.388974    0.341021    0.335806    0.243606    0.096196    
5.396306    5.009575    5.255796    4.319919    5.530560    3.974255    6.219860    0.561300    0.376524    0.343197    0.096123    0.239205    1.570796    0.117240    
1.315773    2.012383    2.257948    1.930541    5.870855    5.949793    2.535740    3.156056    0.629657    0.399809    0.347822    0.338854    0.260983    0.118895    1.550244    0.030640    
1.308087    2.029587    2.246067    1.926450    5.840140    5.917213    2.127654    2.878881    5.409236    0.639427    0.401373    0.354180    0.350465    0.288244    0.149036    1.570796    0.042218    0.034368    
1.363445    1.799684    2.371711    2.111229    2.041052    6.283185    2.010869    4.018208    6.283109    6.283185    0.618364    0.391281    0.322183    0.311698    0.188281    0.133135    0.105421    1.570796    0.047001    0.025914    
