 7    -3.210570    2.692446    0.315505
0.430938  -0.542637  0.194046  0.385938  -0.267642  0.217277  -0.090503  -1.006812  0.651659  0.164604  -0.647003  0.385322  1.784355  -0.112984  1.501999  0.249831  0.201717  -0.118379  -2.445190  -0.479024  -0.094391  
-0.292958  0.176240  -0.291930  0.156930  0.326384  0.311472  0.240155  
 1    -1.350053    0.254185      0.315181
 2    -2.753635    0.787707      0.077407
 3    -3.097392    0.947910      0.019173
 4    -3.167850    0.977230      0.007237
 5    -3.191450    0.991935      0.003239
 6    -3.207069    0.998473      0.000593
 7    -3.209180    0.999352      0.000235
 8    -3.209769    0.999562      0.000136
 9    -3.210118    0.999746      0.000077
10    -3.210416    0.999929      0.000026
3.857346    0.349741    
4.737255    5.778691    0.759398    0.397847    
3.619611    4.084064    4.717060    0.647958    0.498564    0.277202    
2.599406    3.702948    3.681661    4.140729    0.598540    0.500668    0.356441    0.183615    
2.406856    3.760548    3.548090    4.007850    5.134745    0.624696    0.509881    0.382252    0.273161    0.082891    
1.785481    3.468560    3.423812    3.560271    4.201373    5.458992    0.652830    0.509669    0.434456    0.336791    0.221573    0.072906    
1.582657    2.963584    3.034581    3.127631    3.488920    4.054817    5.110967    0.638718    0.473605    0.416459    0.358951    0.274371    0.170493    0.064569    
1.266147    2.511525    2.935147    3.036172    3.202036    3.566246    4.084007    4.985910    0.631292    0.500500    0.438080    0.386751    0.333162    0.250250    0.157628    0.059065    
1.227902    2.484027    2.914289    2.995229    3.195474    3.548400    3.996748    4.739474    5.226269    0.628595    0.504059    0.439314    0.390945    0.347371    0.277427    0.195673    0.105654    0.026345    
1.163484    2.337334    2.706094    2.904551    3.063123    3.344835    3.669543    4.172625    4.913140    5.614723    0.651830    0.520236    0.459497    0.404875    0.377519    0.332993    0.267787    0.186098    0.097014    0.023615    
