 7    -3.156272    3.525364    0.138788
0.522022  0.069947  0.869230  0.424554  -0.220960  -0.632086  -0.455699  -0.681874  0.387163  -0.009748  -1.344962  -0.010275  0.704485  -1.958639  0.153709  1.233067  -0.504342  1.349764  0.731516  1.011621  -0.637194  
-0.191060  0.279824  0.260239  0.262732  -0.281841  0.280419  0.231933  
 1    -1.457815    0.307378      0.254198
 2    -2.782425    0.802411      0.055951
 3    -3.074090    0.947309      0.012300
 4    -3.137745    0.977837      0.002773
 5    -3.150584    0.986097      0.000851
 6    -3.153995    0.997778      0.000341
 7    -3.155861    0.999704      0.000062
 8    -3.156072    0.999815      0.000030
 9    -3.155907    0.999851      0.000055
10    -3.156129    0.999907      0.000021
3.696364    0.604400    
4.664640    5.644537    0.770649    0.408461    
3.558202    3.883091    4.613500    0.647472    0.503491    0.277672    
2.543272    3.637465    3.491522    4.116564    0.610287    0.506868    0.362022    0.192000    
1.700091    3.331668    3.228551    3.453216    4.185654    0.642509    0.497980    0.427543    0.323452    0.152901    
1.703255    3.281410    3.267230    3.446479    4.060262    5.308081    0.638818    0.503172    0.433875    0.337875    0.217761    0.060535    
1.504736    2.847832    2.887014    3.017840    3.461603    4.052447    5.311553    0.625817    0.466902    0.411520    0.359371    0.275060    0.168341    0.058901    
1.197502    2.277296    2.633414    2.789350    3.063263    3.489616    4.083990    5.153830    0.599149    0.452753    0.409229    0.377763    0.324831    0.244640    0.149944    0.055136    
1.504320    2.828491    2.891141    3.035446    3.457312    3.995988    5.083834    5.312978    6.107015    0.625657    0.468107    0.414674    0.364694    0.283278    0.177667    0.070870    0.000000    1.563406    
1.206101    0.000000    2.334182    2.695227    2.835128    3.108484    3.518945    4.049970    4.761562    4.536719    1.113871    1.065048    0.466540    0.417413    0.382950    0.332718    0.255027    0.163535    0.072906    0.013987    
