 7    -4.021312    2.958384    0.600397
0.709056  0.857144  1.688367  2.164774  -0.970375  1.072576  1.688920  0.015477  -0.012332  0.213066  0.651998  -0.178201  -0.044454  0.014322  0.032892  -0.075229  0.562198  -0.798122  0.466570  -1.022600  -0.664590  
-0.434747  -0.101298  0.221596  0.285215  0.263967  -0.105447  0.432815  
 1    -1.580112    0.209815      0.349757
 2    -3.504000    0.712399      0.074117
 3    -3.831328    0.874321      0.027219
 4    -3.933058    0.942690      0.012644
 5    -3.994343    0.989519      0.003864
 6    -4.013942    0.997244      0.001056
 7    -4.019818    0.999339      0.000214
 8    -4.020675    0.999735      0.000091
 9    -4.021071    0.999891      0.000034
10    -4.021099    0.999909      0.000031
6.095947    0.803126    
4.891095    5.713406    0.744964    0.397980    
3.750454    4.410425    4.938022    0.658609    0.501563    0.244787    
3.164360    4.018505    4.192256    4.923702    0.630093    0.497341    0.352754    0.144656    
2.949470    3.737578    3.802540    4.396677    5.775347    0.605868    0.479766    0.353116    0.249505    0.105994    
2.014569    3.448880    3.467675    3.808660    4.581089    5.662055    0.596172    0.486451    0.397273    0.303656    0.207264    0.091390    
1.624177    3.136343    3.219222    3.344453    3.931368    4.576136    5.335687    0.621287    0.478015    0.406483    0.336734    0.255899    0.165671    0.074505    
1.541159    2.988161    3.133552    3.231095    3.708886    4.278915    4.944363    5.283874    0.623971    0.476890    0.408581    0.348985    0.278456    0.191198    0.110899    0.032901    
1.314596    2.553010    2.928760    3.108557    3.458149    3.946259    4.501161    5.213968    6.036355    0.609502    0.467973    0.415529    0.373000    0.315790    0.241045    0.160824    0.089289    0.024107    
1.292163    2.519583    2.938989    3.134212    3.463597    3.949053    4.480648    5.124278    5.611049    4.575420    0.607212    0.469967    0.420973    0.377063    0.320800    0.247693    0.167304    0.095398    0.030857    0.005626    
