 7    -3.609582    3.792507    0.517767
-1.708201  -0.685090  0.474089  1.287810  -0.074869  0.118065  0.501762  1.971941  -1.543012  1.101359  0.513531  1.303107  -0.039411  -0.404673  0.646122  0.367776  0.305231  -1.148064  -0.678943  -0.668388  -0.482080  
0.332590  0.176115  0.218598  -0.179551  -0.270318  -0.671997  -0.174057  
 1    -1.545991    0.226418      0.278785
 2    -2.797740    0.691338      0.109677
 3    -3.310961    0.874641      0.040343
 4    -3.512221    0.956399      0.013153
 5    -3.570819    0.980864      0.005237
 6    -3.597210    0.992879      0.001671
 7    -3.604009    0.996788      0.000753
 8    -3.607694    0.999193      0.000255
 9    -3.608679    0.999491      0.000122
10    -3.609124    0.999710      0.000062
4.976652    0.775647    
3.064690    4.199637    0.594273    0.424634    
2.662507    3.284046    3.820636    0.612055    0.456251    0.277318    
2.205420    3.139298    3.094746    3.820188    0.620303    0.499556    0.324238    0.198231    
1.680942    2.783610    2.775605    3.186695    3.545369    0.610687    0.477896    0.400323    0.254917    0.139017    
1.420224    2.647585    2.648498    2.728210    3.137813    3.596573    0.642928    0.483515    0.406474    0.320989    0.200554    0.101396    
1.284857    2.403298    2.527869    2.627318    2.857825    3.387593    3.707708    0.620501    0.478681    0.414505    0.340125    0.259245    0.153463    0.063534    
1.167907    2.212303    2.362938    2.483229    2.686123    3.077939    3.448452    3.858592    0.615755    0.461294    0.411020    0.354041    0.286501    0.209087    0.113113    0.046799    
0.893403    1.843428    2.231176    2.358956    2.507344    2.782234    3.125810    3.475576    3.883142    0.601698    0.478271    0.421070    0.373740    0.328614    0.258919    0.187540    0.097452    0.039055    
0.813081    1.756769    2.078555    2.302315    2.420717    2.611193    2.872089    3.203666    3.557343    3.924177    0.645537    0.511076    0.446199    0.394846    0.358355    0.315326    0.247909    0.178055    0.089135    0.035854    
