 7    -4.099110    2.988290    0.771802
0.993539  -0.758112  -0.351157  0.938245  -1.000467  -1.201973  2.034609  0.008307  0.258243  0.446007  -0.069812  -0.033584  -0.685347  1.140189  -1.653406  0.232497  -0.203918  -1.100841  1.758511  -0.430515  1.327838  
-0.231352  0.212837  -0.227048  -0.150511  -0.155824  0.903772  -0.144377  
 1    -1.617787    0.227934      0.350103
 2    -3.341094    0.744997      0.106953
 3    -3.692925    0.874367      0.057311
 4    -3.945773    0.950325      0.021635
 5    -4.046704    0.983320      0.007394
 6    -4.083237    0.995470      0.002240
 7    -4.091301    0.997835      0.001102
 8    -4.096862    0.999245      0.000317
 9    -4.098416    0.999693      0.000098
10    -4.098873    0.999896      0.000033
2.929192    0.576580    
3.186033    3.720542    0.490140    0.382034    
2.326904    3.340885    3.247675    0.525770    0.385284    0.235581    
2.122724    3.199120    3.212213    3.730041    0.621373    0.476113    0.293591    0.211461    
1.781565    2.744685    2.797381    3.308657    3.299622    0.588323    0.452865    0.370260    0.230357    0.150093    
1.438458    2.632390    2.674799    2.801850    3.198124    3.455854    0.612461    0.455969    0.384301    0.306475    0.184194    0.108420    
1.289789    2.283848    2.447981    2.610197    2.794789    3.319418    3.372334    0.596741    0.436345    0.383131    0.323794    0.253642    0.146829    0.074173    
1.281460    2.353876    2.462921    2.614347    2.841838    3.287213    3.418177    4.186082    0.603843    0.442226    0.390939    0.335881    0.259973    0.201474    0.091166    0.051829    
1.003623    2.025458    2.335957    2.512735    2.690848    3.006838    3.321164    3.599909    3.984493    0.593869    0.455636    0.404787    0.358744    0.308796    0.239035    0.178005    0.080901    0.045459    
0.823189    1.778962    2.128754    2.376600    2.560009    2.790924    3.071957    3.367511    3.652208    3.879476    0.604292    0.466554    0.413083    0.375349    0.337480    0.288760    0.222781    0.159362    0.073203    0.038567    
