 7    -3.244620    3.524251    0.498501
-0.253089  -0.637147  -1.909595  -0.106139  0.001714  -0.962448  0.254333  -1.112221  0.210460  1.389632  0.656688  -0.053128  0.415673  0.704063  -0.896223  0.479744  1.144388  2.050119  0.674869  -0.860506  0.399698  
-0.197569  -0.150573  -0.995823  -0.160175  0.150662  0.146539  0.279453  
 1    -2.205975    0.310911      0.153444
 2    -2.716442    0.707116      0.078030
 3    -2.890350    0.855482      0.052338
 4    -3.135380    0.891546      0.016139
 5    -3.202062    0.973179      0.006287
 6    -3.232674    0.993042      0.001765
 7    -3.240603    0.997687      0.000593
 8    -3.243751    0.999556      0.000128
 9    -3.244338    0.999849      0.000042
10    -3.244507    0.999943      0.000017
6.030550    0.802737    
2.704521    3.293070    0.389866    0.480550    
2.107440    3.010162    2.975671    0.457641    0.391217    0.220116    
2.238275    2.654601    2.368777    4.779743    0.543369    0.457977    0.285124    0.269846    
1.673903    2.473729    2.531947    3.010357    3.154830    0.558824    0.445778    0.361727    0.196236    0.195042    
1.272330    2.427849    2.456599    2.612271    2.991044    3.194146    0.604941    0.443983    0.380529    0.308661    0.163310    0.139164    
1.195150    2.127845    2.305332    2.493237    2.635259    3.207497    3.109370    0.600289    0.429502    0.375895    0.326271    0.249640    0.137356    0.091318    
1.127241    2.118349    2.287372    2.473425    2.679589    3.094674    3.046475    3.838112    0.596406    0.434498    0.386655    0.334368    0.252172    0.197973    0.086926    0.055657    
0.927488    1.770712    2.112325    2.333779    2.526005    2.838381    3.113007    3.203163    3.744644    0.571754    0.428181    0.388952    0.347223    0.297196    0.216774    0.165713    0.064291    0.043824    
0.720881    1.558574    1.940891    2.192601    2.393732    2.614729    2.927903    3.119574    3.342918    3.580119    0.571536    0.447445    0.394557    0.359654    0.321608    0.266914    0.194918    0.145078    0.052271    0.040301    
