 7    -3.906600    3.427655    0.397576
-0.785379  0.950782  -0.027696  -1.235860  -0.578111  0.713701  -0.686916  1.087173  0.024415  -1.229610  0.309458  1.095729  1.452500  -0.108886  0.952027  -0.189320  -2.661238  -0.526750  -0.667293  1.206642  0.618741  
-0.379117  -0.070105  0.280978  -0.316331  -0.243092  -0.297101  0.197404  
 1    -1.850662    0.263493      0.280320
 2    -3.499225    0.676603      0.055544
 3    -3.763631    0.805728      0.019493
 4    -3.826020    0.853192      0.010987
 5    -3.861702    0.931224      0.006122
 6    -3.881548    0.955291      0.003416
 7    -3.894564    0.989021      0.001641
 8    -3.903326    0.997499      0.000446
 9    -3.905575    0.999379      0.000140
10    -3.906342    0.999901      0.000035
3.866861    0.615586    
4.787719    5.611940    0.754025    0.401653    
3.368511    4.027375    4.749436    0.633713    0.503465    0.257320    
2.649791    3.573683    3.644901    4.361931    0.598847    0.481763    0.348216    0.162295    
2.779776    3.567549    3.577313    4.205855    5.750884    0.606039    0.476035    0.354064    0.250371    0.098968    
2.007180    3.368239    3.363635    3.679195    4.500766    5.611497    0.600756    0.488240    0.394034    0.305780    0.205720    0.090646    
2.219282    3.387457    3.422682    3.747153    4.542140    5.545387    6.283185    0.599463    0.487950    0.393641    0.306776    0.212622    0.150319    0.062457    
1.764965    3.182862    3.247493    3.455352    4.040035    4.798373    5.251165    5.907135    0.604351    0.487223    0.411726    0.338519    0.261059    0.186729    0.135599    0.062788    
1.477493    2.925098    3.112447    3.253530    3.711820    4.355015    4.903862    5.262629    5.552372    0.618310    0.485262    0.422691    0.360615    0.294889    0.221300    0.164919    0.111228    0.046993    
1.370315    2.711640    3.033225    3.192664    3.570586    4.138661    4.698210    5.051026    5.530745    5.887725    0.619288    0.483998    0.430523    0.375565    0.315693    0.246761    0.185240    0.134964    0.081026    0.023216    
