 7    -4.852515    5.056795    0.678335
-1.416842  1.141139  -0.062071  0.221127  -1.024472  -0.338375  2.052339  -0.303012  -1.444028  -2.597116  -2.753540  -1.642764  0.524421  -0.364225  -0.637291  0.086793  -1.483513  1.732859  0.351637  0.585125  -0.091862  
0.838201  0.141873  -0.193614  -0.201585  0.109147  0.039790  0.404255  
 1    -2.408939    0.238346      0.246594
 2    -3.801551    0.480662      0.106058
 3    -4.154178    0.579568      0.070473
 4    -4.439343    0.703127      0.041695
 5    -4.529079    0.746006      0.032640
 6    -4.623878    0.850453      0.023073
 7    -4.704805    0.881686      0.014906
 8    -4.745819    0.913075      0.010767
 9    -4.797070    0.954271      0.005595
10    -4.828105    0.987083      0.002463
5.888171    0.599358    
3.884822    4.390402    0.560152    0.363346    
2.843588    3.990867    4.360868    0.564123    0.426029    0.221382    
2.907032    3.880856    4.095462    5.054822    0.608175    0.486145    0.287993    0.179169    
2.104013    3.502859    3.702957    4.382572    4.687185    0.576361    0.473952    0.390326    0.229333    0.126173    
2.628567    3.649049    3.901303    4.785326    4.556866    5.789135    0.583956    0.467356    0.329680    0.269862    0.135442    0.118696    
1.912829    3.705867    3.770264    4.278462    4.921705    4.953345    5.254184    0.641713    0.484715    0.397666    0.270967    0.223941    0.127701    0.121539    
1.939394    3.565472    3.749138    4.268775    4.799588    5.445462    5.044710    5.716468    0.612158    0.489148    0.401033    0.285614    0.202224    0.162631    0.124459    0.083199    
1.884481    3.544347    3.701640    4.118896    4.779223    4.933011    5.826990    5.273051    5.487012    0.625439    0.477536    0.408033    0.297125    0.225340    0.140831    0.167770    0.084809    0.092981    
1.780176    3.528734    3.702311    4.118217    4.686171    5.017907    5.418810    6.283185    4.975156    5.907727    0.632133    0.486874    0.413660    0.310100    0.235395    0.159017    0.146331    0.113625    0.093874    0.073836    
