 7    -3.208508    2.604020    0.056754
0.108446  0.858697  -0.303699  -1.112064  2.308893  -1.048867  0.947621  0.883204  0.070424  0.041427  -0.289262  -0.204524  -0.044850  -0.477368  -1.277278  -0.027820  0.445678  0.686520  0.828148  0.253911  1.334424  
0.505381  0.119388  -0.208527  -0.146938  0.291432  -0.278887  0.280899  
 1    -1.283016    0.246515      0.331266
 2    -2.708821    0.753702      0.085967
 3    -3.044153    0.913245      0.028276
 4    -3.139763    0.963781      0.011827
 5    -3.184485    0.989235      0.004133
 6    -3.203085    0.997607      0.000933
 7    -3.206609    0.999042      0.000327
 8    -3.207716    0.999645      0.000136
 9    -3.207716    0.999647      0.000136
10    -3.208160    0.999827      0.000060
3.486167    0.597553    
4.788896    5.682891    0.728095    0.395877    
3.734338    4.467986    4.885650    0.655565    0.512248    0.267191    
2.988525    4.101236    4.159649    4.759826    0.633261    0.511481    0.375869    0.162654    
2.654300    3.780486    3.756787    4.289501    5.438491    0.608144    0.498401    0.390276    0.274304    0.102124    
1.887440    3.658445    3.559809    3.745331    4.470266    5.675242    0.647991    0.507430    0.426217    0.333407    0.223590    0.083815    
1.736350    3.201947    3.168997    3.233520    3.654485    4.278491    5.262749    0.635446    0.470816    0.403539    0.340609    0.260448    0.163933    0.067691    
1.712713    3.179619    3.161010    3.230233    3.619554    4.172511    5.191281    6.051632    0.635756    0.474995    0.408138    0.349334    0.276946    0.189222    0.104347    0.025516    
1.711089    3.177762    3.168996    3.239677    3.633814    4.184480    5.204655    6.094917    1.661758    0.635461    0.475357    0.409111    0.350068    0.277072    0.188592    0.103759    0.025384    1.570594    
1.396272    2.584955    2.973695    3.111835    3.374082    3.787031    4.347920    5.125743    5.989290    5.929040    0.604675    0.463059    0.419469    0.375087    0.320203    0.246417    0.166092    0.091846    0.026425    1.570796    
