 7    -5.145257    5.899040    1.063430
-1.347907  0.938718  1.021825  0.788287  -2.600565  0.373243  -1.052956  0.132503  0.415469  -0.735163  2.955965  1.631560  -0.638114  -1.002116  -0.091526  -0.602506  -0.684845  -0.295842  0.911793  0.673155  0.771728  
0.233366  0.186706  0.648665  -0.213548  -0.177677  0.226191  -0.261366  
 1    -1.633989    0.230767      0.317926
 2    -4.124395    0.748154      0.092433
 3    -4.716723    0.878361      0.038801
 4    -5.019314    0.960240      0.011403
 5    -5.103369    0.988404      0.003793
 6    -5.137331    0.997927      0.000718
 7    -5.142137    0.999005      0.000282
 8    -5.143662    0.999586      0.000144
 9    -5.144798    0.999868      0.000042
10    -5.144884    0.999888      0.000034
3.587835    0.355717    
3.256729    4.160543    0.595817    0.407259    
2.777310    3.305027    3.882453    0.603026    0.440154    0.251745    
2.362498    3.240248    3.143026    4.009167    0.630142    0.494212    0.319309    0.207573    
1.789261    2.747961    2.842759    3.223821    3.548482    0.600443    0.467270    0.401526    0.253071    0.152741    
1.427055    2.666623    2.673084    2.748820    3.167452    3.560997    0.634158    0.475128    0.402664    0.324607    0.204936    0.108583    
1.266556    2.210718    2.362684    2.522856    2.722740    3.230696    3.388142    0.610776    0.436358    0.393854    0.344074    0.271277    0.165438    0.077250    
1.266760    2.292141    2.414210    2.556160    2.785999    3.211922    3.503716    4.186454    0.614513    0.450687    0.402660    0.350215    0.282580    0.204502    0.103015    0.038748    
0.975792    1.959512    2.309560    2.459688    2.629947    2.933404    3.288741    3.631844    4.104259    0.601166    0.470823    0.416164    0.372748    0.327510    0.258713    0.188838    0.092322    0.039237    
0.940417    1.924774    2.268814    2.414132    2.582446    2.855168    3.198362    3.294843    4.253092    6.166126    0.602277    0.472801    0.413358    0.370683    0.328146    0.257878    0.180705    0.087471    0.022618    1.555649    
