 7    -5.334901    3.591506    1.645508
0.054388  0.066855  -0.313268  -0.714383  0.437518  -1.693630  -1.272009  -1.185710  -1.177596  0.719244  -0.728957  1.291943  0.025615  -2.176068  -0.111670  -1.228390  0.600072  -0.060992  1.393044  -0.406947  1.332656  
-0.160299  -0.117973  0.984682  -0.129691  -0.154520  0.175009  -0.209939  
 1    -1.165053    0.120846      0.467136
 2    -4.453505    0.771882      0.098740
 3    -4.857144    0.910000      0.053522
 4    -5.107333    0.925121      0.025494
 5    -5.271007    0.984655      0.007158
 6    -5.321794    0.996521      0.001468
 7    -5.331750    0.998882      0.000353
 8    -5.333518    0.999577      0.000155
 9    -5.334369    0.999845      0.000060
10    -5.334701    0.999950      0.000022
4.907884    0.242082    
3.487213    4.010038    0.409863    0.457660    
2.584386    3.646732    3.085382    0.432821    0.368425    0.235660    
2.554315    3.354046    3.096676    4.678831    0.576860    0.456799    0.243682    0.241178    
2.132066    2.921689    2.974430    3.765375    3.373226    0.576499    0.443762    0.339159    0.201563    0.183023    
1.547017    2.760519    2.843941    3.084699    3.547892    3.510433    0.580051    0.443532    0.374924    0.285520    0.174524    0.128340    
1.373913    2.398901    2.613290    2.861172    3.052498    3.677690    3.511412    0.585330    0.418963    0.371204    0.318571    0.249375    0.138713    0.092290    
1.344629    2.460565    2.671477    2.897142    3.117320    3.556606    3.672195    4.290603    0.589946    0.434180    0.385337    0.330958    0.262701    0.200670    0.091184    0.061750    
1.140308    2.148601    2.512237    2.771128    2.991765    3.346934    3.641955    3.916244    4.176680    0.572148    0.427172    0.388862    0.345025    0.296499    0.225084    0.168109    0.070145    0.051969    
0.902027    1.967348    2.354261    2.661024    2.876201    3.133778    3.459188    3.740723    3.936153    4.226667    0.595810    0.459486    0.404887    0.367080    0.326099    0.277519    0.207749    0.155792    0.061927    0.046626    
