 7    -3.249876    4.939488    0.064799
-0.097940  0.250080  -0.162508  -1.448517  0.785906  0.469623  -1.460382  -0.626218  -1.518771  0.467329  -2.420600  -0.078978  1.112255  -0.476275  1.653748  -1.018355  0.993027  0.591649  -0.259676  0.909999  -0.662858  
-0.250513  -0.206973  0.163244  -0.850451  -0.197765  0.161207  -0.233138  
 1    -0.706872    0.122136      0.310525
 2    -2.599822    0.759771      0.079378
 3    -2.911865    0.880838      0.041274
 4    -3.142991    0.952368      0.013052
 5    -3.219520    0.987353      0.003707
 6    -3.241817    0.996189      0.000984
 7    -3.247060    0.998515      0.000344
 8    -3.249286    0.999788      0.000072
 9    -3.249693    0.999935      0.000022
10    -3.249721    0.999942      0.000019
4.524552    0.257635    
2.975427    3.194238    0.515932    0.401507    
2.285864    2.897202    2.833637    0.531834    0.386729    0.225240    
2.223378    2.852165    2.787208    3.505793    0.613347    0.473715    0.261769    0.207676    
1.856116    2.412868    2.420372    2.993047    2.804635    0.576935    0.440358    0.350180    0.206720    0.154346    
1.235161    2.339605    2.374008    2.477037    2.859812    3.004104    0.608571    0.458738    0.384714    0.304775    0.180684    0.113234    
1.174996    2.004109    2.155646    2.322504    2.477428    2.971132    2.961117    0.604997    0.427755    0.379560    0.326260    0.256416    0.143650    0.079149    
1.138455    2.045256    2.178709    2.343152    2.545636    2.979513    3.004535    3.846234    0.604605    0.435705    0.387952    0.336138    0.258126    0.191193    0.084771    0.044797    
0.888654    1.645775    2.010326    2.209241    2.397196    2.680399    3.005761    3.166365    3.644191    0.568290    0.431106    0.396073    0.354616    0.307701    0.228242    0.167742    0.069257    0.040262    
0.862424    1.625738    1.994135    2.185116    2.367114    2.628659    2.980248    3.069649    3.931033    6.283185    0.567545    0.434282    0.395421    0.353906    0.308304    0.229125    0.162888    0.071955    0.022711    1.558994    
