 7    -3.562510    4.160591    0.179445
1.106323  0.363394  -0.936566  0.047962  0.263298  -0.084500  -0.391316  0.255723  0.376680  -0.973780  0.143114  -1.327974  2.457710  1.226160  -0.086657  -0.573588  -0.182010  -2.922650  1.607104  -0.050218  -0.684451  
-0.298831  0.255408  0.277176  0.242896  -0.278258  0.226523  0.326330  
 1    -1.899457    0.396808      0.215335
 2    -3.075003    0.844965      0.063123
 3    -3.468539    0.971720      0.012168
 4    -3.545442    0.994146      0.002210
 5    -3.559627    0.998610      0.000373
 6    -3.561811    0.999765      0.000091
 7    -3.561904    0.999786      0.000078
 8    -3.562066    0.999832      0.000057
 9    -3.562082    0.999834      0.000055
10    -3.562091    0.999842      0.000054
5.633127    0.436565    
4.406909    5.584314    0.798383    0.429041    
3.395435    3.423777    4.451645    0.638956    0.509709    0.309978    
2.360556    3.429583    3.218425    3.860625    0.616961    0.520926    0.366423    0.211917    
1.601380    3.208559    3.019368    3.269920    3.930061    0.663958    0.510878    0.441450    0.335063    0.162095    
1.616876    3.160193    3.063488    3.275084    3.840665    5.161400    0.655845    0.514617    0.446468    0.350242    0.224389    0.060771    
1.607769    3.103761    3.030261    3.232760    3.850753    4.857894    6.114128    0.652917    0.507987    0.444356    0.345490    0.206480    0.013760    1.544569    
1.586527    2.972625    2.976766    3.189117    3.815777    4.740148    5.923756    5.652141    0.645677    0.497620    0.446791    0.360577    0.241801    0.012446    1.475915    1.524879    
1.570870    2.952224    2.992316    3.203263    3.847921    4.584247    5.983338    4.558887    2.592894    0.643341    0.498548    0.449794    0.363088    0.243475    0.006536    1.466332    1.530964    1.545321    
1.587493    2.974115    2.972321    3.196595    3.836058    4.564342    5.984581    4.832420    3.061696    3.837712    0.645111    0.496747    0.446642    0.360338    0.240649    0.006898    1.463944    1.513893    1.548192    1.565867    
