 7    -3.406999    3.024594    0.301861
1.011944  0.346745  -0.230357  -0.433349  -0.627075  0.791468  -0.598915  -0.869797  -0.788798  -0.724587  -0.092965  -1.456969  0.201143  -0.592222  0.822629  -1.629775  1.174757  2.386508  -0.728570  -0.271611  -1.366432  
-0.295566  0.263722  0.246010  0.282319  0.183192  -0.257188  -0.360224  
 1    -1.199280    0.188859      0.343262
 2    -2.914610    0.827197      0.076558
 3    -3.305207    0.959123      0.015827
 4    -3.388703    0.987857      0.002845
 5    -3.402363    0.995264      0.000721
 6    -3.405709    0.999505      0.000201
 7    -3.405866    0.999526      0.000176
 8    -3.406136    0.999563      0.000134
 9    -3.406248    0.999666      0.000117
10    -3.406322    0.999704      0.000105
2.865010    0.302058    
4.404384    5.656993    0.791589    0.417371    
3.276867    3.707394    4.668737    0.640638    0.539655    0.309920    
2.387172    3.694934    3.271341    3.930283    0.638179    0.526131    0.364395    0.216580    
1.704077    3.299209    3.117881    3.345806    3.990535    0.662241    0.508468    0.437278    0.333479    0.159386    
1.718646    3.273570    3.184278    3.407634    3.974326    5.351083    0.655502    0.514316    0.446711    0.350053    0.226854    0.066979    
1.695601    3.222811    3.158316    3.378696    3.993141    5.272826    6.174171    0.650419    0.509576    0.445286    0.345226    0.213296    0.030545    1.548784    
1.656723    3.095637    3.086885    3.266352    3.902754    5.437247    5.138949    5.457769    0.646100    0.499320    0.443166    0.351678    0.226196    0.001917    1.481913    1.529185    
1.677203    3.109177    3.089545    3.265893    3.891276    4.758009    5.564870    4.763508    4.479653    0.647585    0.500606    0.442357    0.352708    0.230466    0.000000    1.464954    1.499389    1.546097    
1.689772    3.110480    3.086249    3.276341    3.918124    4.881751    5.525932    4.725990    3.912139    3.972192    0.645709    0.499507    0.441770    0.352480    0.232540    0.000000    1.453174    1.480891    1.527615    1.554078    
