 7    -3.236390    4.724244    0.334989
-1.789561  -0.620432  -1.171035  0.148565  0.893654  -1.575155  -0.288518  -0.152455  -0.774642  -0.676979  1.407445  0.790398  -1.298069  -1.898607  -0.394314  -0.811435  0.276450  0.234359  -0.670887  0.533213  -0.724677  
0.328646  0.253812  0.281037  0.186954  0.287395  0.274821  0.182794  
 1    -0.992306    0.168850      0.281898
 2    -2.806387    0.792255      0.054016
 3    -3.137434    0.936251      0.012431
 4    -3.209519    0.971238      0.003375
 5    -3.226904    0.984718      0.001192
 6    -3.234043    0.998528      0.000295
 7    -3.235927    0.999706      0.000058
 8    -3.235986    0.999821      0.000051
 9    -3.235996    0.999830      0.000050
10    -3.236024    0.999845      0.000046
2.575765    0.337688    
4.681794    5.783248    0.772321    0.411564    
3.454179    4.057463    4.832530    0.648781    0.526905    0.288870    
2.516979    3.781805    3.593131    4.228350    0.620077    0.514899    0.369307    0.196881    
1.854175    3.488158    3.330807    3.566607    4.340692    0.649752    0.503856    0.424480    0.322367    0.147698    
1.803323    3.431199    3.358741    3.564156    4.193685    5.526545    0.644747    0.507907    0.434506    0.340612    0.226137    0.073572    
1.587725    2.937403    2.911686    3.064139    3.497909    4.071621    5.257506    0.628153    0.461749    0.408994    0.357053    0.277171    0.174539    0.066559    
1.545475    2.850389    2.884882    3.051021    3.456124    3.974625    4.829745    4.906359    0.624664    0.459942    0.411861    0.365369    0.291386    0.192809    0.090541    0.018522    
1.591501    2.931137    2.907605    3.069230    3.511391    4.079018    5.215408    6.077026    5.962496    0.629501    0.462080    0.409686    0.360621    0.282984    0.180246    0.074194    0.000000    1.565449    
1.585721    2.914577    2.902708    3.075298    3.509418    4.062976    5.177300    5.889610    4.437447    4.503475    0.627725    0.461279    0.410539    0.362272    0.284363    0.181907    0.074857    0.000000    1.563727    1.565098    
