 7    -2.803894    4.874674    0.145870
0.045279  -0.499267  -1.271602  -0.517983  0.510143  -0.288202  -0.237575  -0.498752  -0.734063  1.241094  0.074512  0.214214  0.209978  -1.570645  -0.863728  1.809023  0.669490  -0.298024  -0.167692  -2.031620  1.059673  
-0.268760  -0.212163  0.083309  -0.129502  -0.471964  0.194541  -0.359343  
 1    -1.409754    0.276543      0.181563
 2    -2.253187    0.604746      0.071720
 3    -2.603906    0.792198      0.026045
 4    -2.721788    0.889460      0.010693
 5    -2.763299    0.926691      0.005287
 6    -2.781965    0.953259      0.002856
 7    -2.792294    0.981636      0.001511
 8    -2.798696    0.993549      0.000677
 9    -2.801664    0.997815      0.000290
10    -2.802698    0.998855      0.000156
5.432115    0.628709    
4.408501    5.636312    0.676627    0.366222    
3.537504    4.571684    5.384909    0.635101    0.477472    0.252307    
2.919600    4.257738    4.396416    5.072674    0.628533    0.489192    0.342422    0.170686    
2.247902    3.839248    4.012756    4.436974    5.038755    0.624264    0.485584    0.405495    0.270022    0.116610    
2.061176    3.595525    3.732453    3.941704    4.472672    5.252489    0.641936    0.477151    0.408597    0.316905    0.202294    0.078999    
2.009648    3.589699    3.732713    3.925381    4.353698    5.099416    5.963367    0.642624    0.490459    0.419698    0.331853    0.246359    0.141811    0.054648    
1.858212    3.376784    3.666951    3.827694    4.119419    4.824406    5.460269    5.832210    0.643437    0.493112    0.431017    0.352465    0.277131    0.200342    0.110554    0.046140    
1.673956    3.106440    3.478371    3.670697    3.914530    4.458434    5.024342    5.445061    5.707703    0.630967    0.487289    0.432054    0.364418    0.302283    0.233905    0.160206    0.092902    0.035969    
1.422737    2.796426    3.271428    3.506761    3.724795    4.162339    4.650009    5.170023    5.488971    5.778054    0.630083    0.491841    0.435865    0.381452    0.327907    0.267541    0.198719    0.134467    0.074293    0.024575    
