 7    -4.659597    4.664674    0.511647
0.120886  0.610718  -0.940969  -1.296675  -0.444179  -1.381420  0.602617  -0.815498  1.472935  -0.054761  0.049716  -1.540904  -1.109380  -1.381756  3.932359  -0.255963  1.355360  -0.172457  -0.880102  0.905413  0.530236  
0.119973  0.247540  -0.197904  0.548452  -0.202587  -0.186696  0.305153  
 1    -2.288451    0.289692      0.254298
 2    -3.867339    0.682171      0.084967
 3    -4.336905    0.810192      0.034608
 4    -4.528674    0.902081      0.014041
 5    -4.589895    0.937367      0.007475
 6    -4.620640    0.959757      0.004178
 7    -4.646397    0.992832      0.001416
 8    -4.656848    0.998849      0.000295
 9    -4.658611    0.999672      0.000106
10    -4.659278    0.999915      0.000034
6.024357    0.712908    
3.773614    4.621799    0.632432    0.396762    
3.214683    3.632203    4.453985    0.604611    0.455580    0.233255    
2.737854    3.567056    3.463979    4.577100    0.626499    0.483412    0.322477    0.187503    
2.047914    3.062587    3.206137    3.591546    4.155007    0.599509    0.467971    0.399491    0.256683    0.140726    
1.667018    3.093100    3.046181    3.170887    3.673666    4.411105    0.639201    0.481933    0.402058    0.319438    0.207358    0.095280    
1.751966    3.199009    3.168758    3.338503    3.807342    4.262422    5.314251    0.635658    0.492580    0.409176    0.312221    0.238111    0.140476    0.077342    
1.565110    2.866035    2.941020    3.104833    3.491380    3.993756    4.427330    4.575572    0.634213    0.472589    0.409587    0.340904    0.264820    0.202541    0.111697    0.065376    
1.437460    2.659798    2.860782    3.029149    3.329367    3.820209    4.206871    4.543747    4.631560    0.624081    0.474862    0.418104    0.356910    0.291873    0.223860    0.153445    0.090921    0.035919    
1.215365    2.290697    2.686709    2.908256    3.176368    3.600299    3.963475    4.444219    4.492272    5.091654    0.599715    0.461421    0.421467    0.375544    0.317961    0.253337    0.185534    0.125008    0.066890    0.022894    
