 7    -2.865098    3.228977    0.167126
0.284659  -1.315573  -0.206194  -1.485032  -0.567317  1.520115  0.523557  0.024520  -1.685001  -0.604265  -0.469087  0.473629  0.909703  0.246694  0.447508  -0.673319  0.623387  0.470458  0.175019  0.545834  -1.600765  
-0.276905  0.167580  -0.145160  -0.761014  -0.039290  0.203629  0.296321  
 1    -1.686445    0.267334      0.193410
 2    -2.401032    0.564941      0.076150
 3    -2.601205    0.653927      0.043303
 4    -2.754011    0.732833      0.018229
 5    -2.801948    0.766115      0.010362
 6    -2.818588    0.796322      0.007632
 7    -2.831592    0.876585      0.005498
 8    -2.843406    0.930996      0.003559
 9    -2.858652    0.989448      0.001058
10    -2.863002    0.997864      0.000344
5.297503    0.681880    
3.437318    3.924616    0.525759    0.378630    
2.674462    3.453379    3.823048    0.540232    0.408208    0.211319    
2.350082    3.402596    3.391391    4.214594    0.622626    0.468154    0.303854    0.200311    
1.854683    2.907972    3.088985    3.519173    3.747385    0.594671    0.448603    0.378323    0.236387    0.134657    
1.603341    2.867068    2.923435    3.119321    3.531817    4.053894    0.631896    0.447939    0.381832    0.308626    0.175873    0.090481    
1.719871    3.121067    3.113275    3.389273    3.906802    3.968674    5.129546    0.629944    0.464610    0.393494    0.291407    0.215305    0.109535    0.082016    
1.774531    3.084898    3.162205    3.468630    3.878467    4.329457    4.580827    4.532947    0.640925    0.471762    0.393015    0.309054    0.212970    0.166740    0.107071    0.072531    
1.641743    3.156312    3.231881    3.500561    4.240662    4.244961    5.110266    4.267959    4.698483    0.650272    0.468595    0.403183    0.292601    0.204710    0.132693    0.177727    0.088880    0.085611    
1.599559    2.801489    3.047079    3.371140    3.834174    4.388147    4.922390    4.431535    4.584164    4.347023    0.629947    0.463894    0.400330    0.323767    0.221006    0.162502    0.133885    0.151687    0.088501    0.064772    
