 7    -6.231981    4.620946    0.424025
0.883490  -0.457785  -0.092110  -1.329808  3.064264  2.017759  0.917338  -1.485646  0.912503  -1.919773  -1.823598  -0.359470  -1.803942  0.538994  -0.087634  0.240699  0.057595  0.656237  0.850275  -0.592950  -0.088395  
-0.229538  0.173102  -0.691882  0.114452  -0.212311  0.251166  0.163924  
 1    -2.309402    0.245845      0.361431
 2    -5.023008    0.696759      0.111396
 3    -5.630524    0.831185      0.055419
 4    -6.031238    0.935444      0.018497
 5    -6.153076    0.969561      0.007270
 6    -6.205427    0.987105      0.002447
 7    -6.220665    0.995592      0.001043
 8    -6.230431    0.999671      0.000143
 9    -6.231425    0.999866      0.000051
10    -6.231522    0.999899      0.000042
4.303746    0.402626    
3.593829    4.230931    0.565007    0.387481    
2.893980    3.632124    4.002709    0.573639    0.415437    0.227508    
2.617485    3.579142    3.544207    4.403214    0.621889    0.478824    0.298463    0.195795    
2.048367    3.039334    3.174508    3.665391    3.860257    0.586056    0.453394    0.380578    0.234790    0.140415    
1.632809    3.003641    3.018904    3.161995    3.612694    4.036103    0.626841    0.462565    0.390104    0.314091    0.187472    0.102810    
1.559982    2.785765    2.931557    3.092994    3.388038    3.905714    4.286661    0.611137    0.459779    0.395428    0.323975    0.247003    0.137894    0.059589    
1.413765    2.602230    2.769796    2.954180    3.229686    3.730660    3.971212    4.609932    0.612983    0.446672    0.396286    0.340906    0.265752    0.199136    0.096105    0.049184    
1.138364    2.136607    2.553075    2.779050    3.013455    3.387416    3.763591    4.093267    4.455160    0.581821    0.441330    0.399730    0.357476    0.307584    0.232428    0.168053    0.077589    0.039264    
1.099959    2.128160    2.552293    2.781520    3.015948    3.374878    3.746219    4.139060    4.392043    4.926693    0.584435    0.449121    0.404673    0.363602    0.315206    0.246327    0.179409    0.098153    0.047637    0.011627    
