 7    -3.188949    3.765557    0.076362
-0.452566  0.701203  -1.493780  -1.275922  1.342529  -2.134132  -1.496720  -1.305306  0.828734  0.154989  0.275923  1.852512  -0.828546  0.056397  0.562527  0.047985  0.905175  1.409930  -0.323823  -0.165668  -0.018118  
0.425837  -0.014421  -0.253393  0.450990  0.040216  -0.183540  0.181050  
 1    -1.550959    0.134377      0.235529
 2    -2.547799    0.313210      0.092192
 3    -2.803090    0.426764      0.055483
 4    -2.910749    0.500716      0.040003
 5    -2.928597    0.523233      0.037436
 6    -2.970729    0.661523      0.031378
 7    -3.019303    0.746918      0.024394
 8    -3.061876    0.803287      0.018272
 9    -3.089101    0.829544      0.014357
10    -3.100475    0.839935      0.012722
4.620606    0.650018    
4.842302    5.751897    0.640883    0.310033    
4.057072    5.345273    6.283185    0.647695    0.440194    0.214904    
3.463027    4.823931    5.544087    6.159919    0.618788    0.460629    0.324252    0.148861    
2.443828    4.280498    4.945701    5.616272    6.130118    0.597815    0.474537    0.382347    0.247135    0.093368    
4.141514    5.013485    5.748033    6.283185    6.283185    6.283185    0.628912    0.474349    0.327419    0.204736    0.107917    0.114168    
3.709085    5.066810    5.690028    6.210326    6.283185    6.283185    6.283185    0.613206    0.451476    0.329814    0.205884    0.130445    0.158568    0.100930    
3.521175    4.841843    5.586676    6.251566    6.283185    6.283185    6.239327    6.283185    0.621259    0.461563    0.315727    0.203240    0.124061    0.154015    0.138042    0.088756    
3.263335    4.588160    5.088384    5.823987    6.283185    6.283185    5.687586    6.283185    6.283185    0.611949    0.460564    0.348725    0.206244    0.129899    0.133395    0.136614    0.123438    0.084445    
2.557068    4.154843    4.746303    5.251035    5.729291    6.283185    6.018490    6.229992    6.283185    6.283185    0.586677    0.468126    0.380340    0.263036    0.152618    0.123402    0.141528    0.125127    0.111471    0.062467    
