 7    -3.741831    3.372398    1.010290
-0.913186  0.596383  0.783402  -0.561723  -0.291456  1.049971  0.974512  -0.630528  -0.053466  1.690651  -0.015440  0.065761  -0.867256  -0.327027  -0.371583  -0.194330  -0.448940  -1.491343  1.642849  0.599594  -0.460096  
-0.288584  -0.231147  0.159009  0.169016  -0.526377  0.210712  0.254449  
 1    -1.611547    0.258711      0.299440
 2    -3.050318    0.753709      0.097201
 3    -3.473339    0.896246      0.037740
 4    -3.653999    0.963000      0.012346
 5    -3.713402    0.987485      0.003996
 6    -3.736191    0.997381      0.000793
 7    -3.739362    0.998522      0.000347
 8    -3.740867    0.999671      0.000136
 9    -3.741553    0.999895      0.000039
10    -3.741555    0.999897      0.000039
4.735099    0.737805    
3.856370    4.965582    0.649484    0.388986    
3.230297    3.821574    4.439883    0.624303    0.458665    0.257206    
2.572888    3.794121    3.681358    4.458880    0.651078    0.507970    0.353251    0.199600    
1.993395    3.256361    3.358351    3.700842    4.188368    0.628594    0.487873    0.420774    0.280332    0.142116    
1.698933    3.106849    3.090292    3.150946    3.621845    4.232737    0.646386    0.484011    0.411006    0.331179    0.218973    0.098745    
1.502093    2.605104    2.738058    2.871370    3.109878    3.650053    4.010815    0.620747    0.446981    0.399288    0.347601    0.276420    0.170993    0.070973    
1.527474    2.709108    2.786886    2.915934    3.196407    3.687083    4.132980    5.037293    0.626743    0.457402    0.405991    0.353641    0.286517    0.204503    0.105171    0.036025    
1.200247    2.299919    2.666098    2.808274    3.007083    3.369325    3.788104    4.286055    4.840478    0.606586    0.470391    0.418402    0.374104    0.329013    0.258470    0.185429    0.092019    0.035456    
1.168440    2.264194    2.657087    2.805650    3.003495    3.358691    3.784171    4.261690    4.832283    3.395202    0.603894    0.471918    0.419501    0.376150    0.331358    0.261293    0.188019    0.094983    0.036821    0.001559    
