 7    -5.304953    3.626026    0.821649
-0.377364  0.166759  0.682802  1.921379  -0.197037  -0.759879  -2.089066  -0.036373  -1.217749  -1.428905  -0.170528  1.160940  -1.061140  -1.408500  0.839550  -0.099625  -1.736265  -0.307186  -0.080870  0.834319  1.885460  
-0.207497  0.287640  0.324786  0.128727  0.282139  0.248968  -0.320472  
 1    -2.082087    0.235469      0.360864
 2    -4.512209    0.774333      0.088763
 3    -5.105788    0.927240      0.022300
 4    -5.234107    0.964351      0.007933
 5    -5.274424    0.982761      0.003418
 6    -5.298869    0.997625      0.000681
 7    -5.302967    0.999021      0.000222
 8    -5.303763    0.999626      0.000133
 9    -5.304598    0.999910      0.000040
10    -5.304077    0.999801      0.000098
6.149084    0.361774    
4.598008    5.761364    0.763997    0.416397    
3.477496    4.206315    4.817706    0.659542    0.521450    0.281152    
2.558641    3.808495    3.712149    4.317168    0.622355    0.511138    0.372787    0.188579    
2.027446    3.596812    3.418146    3.709714    4.539087    0.643312    0.506192    0.412161    0.308446    0.127767    
1.797803    3.451969    3.384241    3.553697    4.220006    5.559178    0.644722    0.508224    0.429889    0.334186    0.223858    0.076450    
1.597309    2.973239    2.968935    3.055392    3.469354    4.054228    5.219371    0.631275    0.466511    0.407120    0.347955    0.268556    0.168923    0.065472    
1.619007    2.992876    2.994424    3.121161    3.545893    4.100412    5.174175    6.191449    0.631917    0.470700    0.413304    0.358152    0.282734    0.186057    0.097352    0.021400    
1.250364    2.475048    2.895480    2.976481    3.243228    3.656745    4.182648    5.002700    5.864064    0.613820    0.484086    0.429403    0.384639    0.334355    0.260710    0.177459    0.100765    0.028677    
1.582510    2.923413    2.975988    3.101676    3.495357    4.017893    5.051500    6.079308    6.081746    6.042944    0.628056    0.470221    0.415331    0.362938    0.290901    0.195898    0.095153    0.000000    1.541017    1.555062    
