 7    -2.904248    2.780627    0.061265
1.197643  -0.714573  -0.331470  0.595437  0.338292  0.659938  -0.500032  0.115505  -0.342145  -0.596453  -0.067084  1.545699  -0.413591  0.960188  -0.016378  0.482895  -0.638031  0.569905  -2.400921  0.158575  0.180194  
0.346879  -0.228520  0.263888  -0.236939  -0.266553  -0.371339  0.061679  
 1    -1.600164    0.318837      0.229395
 2    -2.604377    0.632227      0.052749
 3    -2.819461    0.723002      0.014915
 4    -2.857937    0.751503      0.008146
 5    -2.869638    0.786166      0.006088
 6    -2.880882    0.880219      0.004110
 7    -2.894948    0.979054      0.001636
 8    -2.902395    0.998367      0.000326
 9    -2.903717    0.999656      0.000093
10    -2.904003    0.999862      0.000043
5.786507    0.672918    
4.605934    5.559278    0.772836    0.416120    
2.961045    3.984275    4.785728    0.631912    0.549959    0.287933    
2.314249    3.540185    3.155564    3.943073    0.613705    0.484687    0.336954    0.195431    
1.947233    3.374231    3.024574    3.393867    4.386864    0.640098    0.483535    0.377622    0.302405    0.122679    
1.860756    3.512302    3.231715    3.472472    4.460852    5.700041    0.627811    0.507894    0.382255    0.307907    0.206479    0.100054    
2.064517    3.557164    3.219981    3.652783    4.943277    5.461997    5.470052    0.615826    0.503888    0.350322    0.267301    0.178824    0.199631    0.103973    
1.699351    3.395199    3.129930    3.461318    4.577659    5.664323    4.610710    5.046707    0.636346    0.497923    0.394423    0.290261    0.193618    0.185498    0.181916    0.095785    
1.478535    2.877571    3.054471    3.193541    3.841437    4.946138    5.202709    4.743150    4.981619    0.624925    0.477417    0.423710    0.338279    0.242209    0.168635    0.182054    0.158755    0.074930    
1.405254    2.732619    2.990181    3.110523    3.560426    4.398259    5.179471    4.975676    4.888643    5.027837    0.631527    0.486905    0.429678    0.365834    0.289945    0.200881    0.163190    0.161097    0.125143    0.045226    
