 7    -4.224113    4.173070    0.809630
0.678844  0.916339  -0.121169  -1.154417  -0.271141  0.472377  1.269233  0.984344  -1.327064  -1.593114  -2.256591  -0.017827  -1.976864  1.137158  -0.490799  1.221608  -1.529330  1.045777  -0.322531  -0.944890  0.158779  
-0.252462  0.283518  0.207037  -0.290618  0.273517  -0.110330  0.418945  
 1    -1.681285    0.239859      0.302819
 2    -3.663362    0.772558      0.066778
 3    -4.070879    0.919154      0.018248
 4    -4.163039    0.955244      0.007273
 5    -4.192882    0.986687      0.003719
 6    -4.215998    0.995868      0.000966
 7    -4.221984    0.998687      0.000253
 8    -4.223214    0.999686      0.000107
 9    -4.223231    0.999700      0.000105
10    -4.223895    0.999916      0.000026
6.073249    0.359478    
4.638542    5.623796    0.758547    0.403583    
3.569177    4.077036    4.691709    0.653908    0.504098    0.268814    
2.689347    3.684314    3.637532    4.250549    0.612898    0.498011    0.360441    0.179151    
2.712483    3.718133    3.650188    4.218082    5.716488    0.622897    0.503439    0.374324    0.257107    0.083817    
1.863913    3.377092    3.358903    3.663482    4.356065    5.689898    0.618659    0.499695    0.424954    0.327873    0.215828    0.084136    
1.570019    3.055763    3.041926    3.194653    3.710192    4.345402    5.294104    0.630173    0.480575    0.415056    0.356365    0.270981    0.170485    0.074094    
1.561433    2.996138    3.021572    3.138717    3.603995    4.175279    5.009390    5.427419    0.630622    0.480913    0.415566    0.361453    0.287392    0.194389    0.110854    0.028454    
1.559772    2.996442    3.025100    3.140530    3.604786    4.170927    5.001931    5.434327    5.355107    0.630323    0.482091    0.416133    0.362591    0.289365    0.197526    0.115129    0.033268    0.002789    
1.301761    2.508513    2.817231    2.952751    3.256317    3.716994    4.261487    4.955703    5.315708    3.105506    0.614438    0.467705    0.419178    0.378576    0.324059    0.251056    0.169779    0.098054    0.025083    0.005757    
