 7    -5.410322    3.216511    1.399735
-0.994205  -0.671251  -0.887883  0.195603  1.382997  0.888781  -0.060407  -0.573972  0.071070  -1.079800  1.842317  -1.375264  1.536962  1.111330  0.582643  0.988356  0.304395  -0.174480  0.961648  -1.968457  2.608949  
-0.244034  -0.192458  -0.210214  -0.175886  0.169886  -0.805142  0.166351  
 1    -3.017942    0.333758      0.277318
 2    -4.311732    0.728116      0.127346
 3    -4.838034    0.845586      0.066338
 4    -5.241791    0.948993      0.019536
 5    -5.357696    0.985123      0.006100
 6    -5.400342    0.997639      0.001157
 7    -5.407282    0.999262      0.000352
 8    -5.408417    0.999511      0.000221
 9    -5.409402    0.999772      0.000107
10    -5.410000    0.999923      0.000037
6.211207    0.667215    
3.116716    4.057347    0.509280    0.405253    
2.472337    3.457098    4.026042    0.577187    0.423097    0.264390    
2.264918    3.282102    3.213496    4.167794    0.614117    0.488704    0.302819    0.231691    
1.775366    2.857848    2.923144    3.379263    3.622344    0.589307    0.463830    0.392546    0.238897    0.166495    
1.441697    2.731924    2.756624    2.868808    3.330004    3.595658    0.617787    0.463090    0.397241    0.320015    0.193585    0.122071    
1.253934    2.288539    2.444428    2.611083    2.817666    3.402776    3.377186    0.599077    0.429902    0.385888    0.338586    0.263800    0.162624    0.086655    
0.989423    1.988044    2.334245    2.504804    2.685404    2.969800    3.408992    3.435176    0.585459    0.449554    0.397773    0.353648    0.305863    0.225823    0.137420    0.061054    
0.962788    2.038926    2.382493    2.553491    2.723575    3.028091    3.422618    3.589312    4.440727    0.603585    0.470850    0.408797    0.364814    0.319243    0.245525    0.177337    0.080733    0.032473    
0.840173    1.822764    2.162879    2.425177    2.607164    2.829540    3.112559    3.445781    3.715471    4.166020    0.616862    0.476519    0.418682    0.379467    0.344961    0.298913    0.229780    0.165001    0.073541    0.034333    
