 7    -3.350614    3.793792    0.164171
-0.564163  -0.238681  -0.774429  0.260315  -1.294135  1.222583  -0.293067  -0.331231  -0.351750  0.464535  1.249793  2.165466  1.597250  0.090560  -0.645840  -0.492307  -1.035561  -1.291473  0.005765  -0.351684  -0.950603  
0.153701  0.197735  0.307482  -0.297884  -0.261487  -0.215278  -0.320174  
 1    -1.710865    0.323698      0.229515
 2    -2.979656    0.756023      0.051923
 3    -3.261705    0.904847      0.012445
 4    -3.321070    0.943458      0.004135
 5    -3.335500    0.964743      0.002116
 6    -3.346668    0.990999      0.000552
 7    -3.349215    0.995746      0.000196
 8    -3.349659    0.998689      0.000134
 9    -3.349712    0.998795      0.000126
10    -3.350342    0.999837      0.000038
4.022500    0.569916    
4.819907    5.750890    0.762462    0.401677    
3.548719    4.113301    4.774626    0.647231    0.504319    0.264591    
2.670723    3.642827    3.602285    4.196004    0.599089    0.487477    0.346116    0.175478    
1.969169    3.496177    3.340571    3.658812    4.445893    0.624597    0.490907    0.398299    0.297631    0.121924    
1.773625    3.368817    3.383613    3.567579    4.258974    5.526788    0.625971    0.499581    0.421366    0.327068    0.214490    0.071029    
1.524568    2.936671    3.036968    3.176651    3.616036    4.220808    5.240744    0.626507    0.472325    0.413652    0.357225    0.273829    0.169348    0.063567    
1.567036    2.972384    3.070661    3.232274    3.679930    4.262300    5.261902    6.158901    0.628825    0.475270    0.418107    0.362382    0.283465    0.185743    0.094748    0.020170    
1.568958    2.985607    3.066535    3.208194    3.664634    4.249502    5.174360    5.555315    4.473904    0.629884    0.476522    0.416007    0.361244    0.285312    0.189833    0.101302    0.027462    0.006141    
1.308045    2.589592    2.971362    3.082697    3.388149    3.860050    4.403510    5.219312    6.133326    6.283060    0.622260    0.489073    0.430497    0.384082    0.331519    0.256572    0.173138    0.097128    0.027694    1.570796    
