 7    -4.111810    2.652606    0.943889
-0.016842  1.193143  0.399772  -1.002405  -1.181365  -0.378506  -0.714387  -0.865035  1.730648  -0.959349  -0.173111  -1.518304  0.611202  0.386043  0.675178  0.119889  1.049504  0.194760  0.715019  -0.416904  -0.306104  
-0.346032  0.194768  0.300036  0.281484  -0.251218  -0.198111  -0.321950  
 1    -1.204241    0.206370      0.429833
 2    -3.539599    0.828590      0.084591
 3    -3.996861    0.969202      0.016993
 4    -4.085227    0.990994      0.003930
 5    -4.101675    0.995330      0.001498
 6    -4.109368    0.999415      0.000361
 7    -4.109425    0.999409      0.000353
 8    -4.111207    0.999805      0.000089
 9    -4.111054    0.999767      0.000112
10    -4.111300    0.999841      0.000075
2.422496    0.419063    
4.376542    5.434516    0.778483    0.415107    
3.499253    3.700016    4.371876    0.660301    0.496013    0.282174    
2.498929    3.417572    3.330684    3.870415    0.609137    0.506680    0.360272    0.194695    
1.570625    3.313113    3.106631    3.298818    3.943851    0.665241    0.517081    0.434274    0.326948    0.155853    
1.609093    3.192830    3.148002    3.313396    3.886272    5.190753    0.650749    0.515058    0.443976    0.343828    0.223212    0.063630    
1.608924    3.176627    3.133937    3.294574    3.879460    5.106376    6.170563    0.650057    0.512797    0.442491    0.341807    0.217802    0.050361    1.562738    
1.427072    2.679560    2.686871    2.855657    3.263058    3.777864    4.797753    4.909277    0.628635    0.462435    0.415325    0.369461    0.291162    0.184268    0.078002    0.009970    
1.366617    2.545288    2.678473    2.842997    3.207439    3.954479    6.280809    4.550811    5.861597    0.622904    0.466278    0.419797    0.377541    0.302076    0.182977    1.570796    1.490111    1.534543    
1.466892    2.772105    2.713851    2.862495    3.286284    3.802592    4.955971    4.239416    5.639619    2.954597    0.633808    0.467933    0.412955    0.364298    0.285706    0.180726    0.077341    1.570796    1.566385    1.564337    
