 7    -3.212726    4.400355    0.009760
-1.005836  0.503446  1.199233  1.483479  -0.592821  -0.667869  -0.277927  -0.746122  -1.144461  -0.517024  -1.065586  0.040723  -0.927408  0.138031  -1.344592  0.494226  -0.986034  0.821460  1.196688  1.597137  -1.299495  
0.248321  0.162796  0.078644  -0.022204  -0.537548  0.236883  0.302788  
 1    -1.024690    0.065390      0.287405
 2    -2.594676    0.231512      0.081183
 3    -2.951493    0.281556      0.034314
 4    -3.098068    0.299109      0.015061
 5    -3.117077    0.297748      0.012564
 6    -3.119817    0.295042      0.012204
 7    -3.120362    0.291460      0.012132
 8    -3.121160    0.286309      0.012027
 9    -3.125344    0.354335      0.011478
10    -3.145962    0.477474      0.008770
3.865961    0.803809    
4.245085    5.353302    0.618782    0.311462    
3.834747    5.092930    6.105689    0.664490    0.444724    0.241207    
3.178912    4.411569    5.004698    5.492370    0.618754    0.459680    0.325578    0.167827    
2.166868    3.640047    4.224653    4.745880    5.047070    0.560996    0.453072    0.370115    0.253127    0.115626    
1.490705    3.154091    3.695503    4.121708    4.539473    4.824024    0.574183    0.450724    0.387440    0.304267    0.200534    0.082270    
1.211514    2.741357    3.511070    3.952956    4.241795    4.568301    4.768918    0.595033    0.464743    0.410756    0.337869    0.246629    0.143037    0.042386    
1.361669    2.811111    3.419805    3.897154    4.124342    4.512852    4.986522    5.323565    0.690752    0.537845    0.454615    0.388502    0.318054    0.234943    0.127947    0.030378    
2.274092    3.569344    4.180759    4.715309    5.313094    3.189683    6.283161    3.789321    6.283185    0.572268    0.455725    0.379115    0.282576    0.125594    0.000000    0.000000    1.533750    1.527273    
1.759267    3.318197    3.886861    3.877551    3.845012    4.655803    6.282968    5.605806    6.283185    6.283185    0.650495    0.510366    0.409679    0.310446    0.250199    0.147039    0.000000    1.466129    1.457140    1.493495    
