 7    -2.253540    2.848766    0.125595
-0.387979  1.027428  -0.161652  -1.247563  0.865654  -0.059300  -0.902750  -0.009563  0.619805  0.494273  0.241427  -0.782034  -0.710795  0.554494  0.314347  0.665382  0.619601  0.789661  0.478173  -0.066191  0.159553  
-0.205226  -0.220950  -0.250736  -0.174171  -0.685907  0.187785  0.198054  
 1    -1.002258    0.281158      0.245239
 2    -1.806577    0.740040      0.087600
 3    -2.042311    0.871817      0.041399
 4    -2.189039    0.956572      0.012642
 5    -2.229121    0.985141      0.004786
 6    -2.246733    0.995487      0.001334
 7    -2.250412    0.997846      0.000613
 8    -2.253029    0.999705      0.000100
 9    -2.253290    0.999856      0.000049
10    -2.253316    0.999871      0.000044
5.889948    0.492072    
3.307265    3.894273    0.561455    0.399116    
2.769335    3.310817    3.736397    0.583232    0.422929    0.233651    
2.483753    3.243952    3.179507    4.029365    0.622395    0.482706    0.300922    0.199719    
1.918894    2.764457    2.824783    3.273496    3.478535    0.588617    0.453610    0.381254    0.235523    0.145375    
1.453936    2.745984    2.715383    2.806600    3.215365    3.623772    0.640525    0.470970    0.395073    0.317318    0.195516    0.105470    
1.401144    2.457163    2.575297    2.699724    2.927600    3.444137    3.671161    0.621514    0.457726    0.395674    0.329501    0.253020    0.144988    0.059065    
1.288653    2.358636    2.476504    2.626049    2.868728    3.323550    3.566425    4.252834    0.616173    0.451119    0.398586    0.344052    0.270588    0.197353    0.093898    0.042282    
0.944838    1.800321    2.264055    2.468445    2.661155    2.962985    3.339725    3.643939    4.109302    0.569892    0.445273    0.407938    0.367447    0.319638    0.245316    0.175692    0.081692    0.037228    
1.019938    1.942861    2.333283    2.527293    2.723800    3.060977    3.407776    3.880303    3.936018    5.947897    0.586016    0.451374    0.410411    0.367242    0.316181    0.242775    0.174635    0.083781    0.043761    0.008856    
