 7    -4.596573    3.273347    0.737414
0.441145  -0.576500  -1.269955  -2.450535  1.899251  -0.074970  -0.255748  -0.274553  -0.856710  0.858997  0.574482  0.136117  -0.110739  0.963468  0.789986  -0.354507  0.655454  -1.442845  0.516226  1.165711  -0.683643  
-0.341000  -0.115515  -0.171411  0.752204  -0.196259  0.235793  0.178574  
 1    -2.016587    0.136623      0.327829
 2    -3.101812    0.078017      0.189933
 3    -3.760182    0.238396      0.106277
 4    -4.006608    0.591428      0.074965
 5    -4.220967    0.840061      0.047727
 6    -4.341723    0.921917      0.032383
 7    -4.348672    0.930066      0.031500
 8    -4.352184    0.930455      0.031054
 9    -4.462550    0.954627      0.017030
10    -4.486199    0.967344      0.014025
4.650135    0.573717    
2.810136    3.932436    0.519017    0.464645    
2.968533    3.126843    5.336460    0.599988    0.522753    0.294751    
2.492012    3.271465    6.184428    1.947505    0.547058    0.568196    0.553228    1.236805    
2.511178    3.306873    6.283185    2.380394    3.404138    0.587641    0.552142    0.581870    1.080348    0.193205    
2.833129    3.001777    5.544446    1.979748    3.988244    2.464858    0.541767    0.516302    0.526526    1.247602    0.362083    1.268044    
2.889792    2.960049    5.278128    1.935575    4.182614    2.577143    1.990425    0.538977    0.505809    0.510527    1.272200    0.331687    1.194445    0.092931    
2.896821    2.949301    5.162932    1.851549    4.313358    2.553731    2.341034    2.407025    0.539340    0.499212    0.510997    1.273976    0.323037    1.232310    0.123118    1.507422    
2.596745    2.862914    3.012458    1.749552    4.438129    4.097578    2.760499    3.051200    2.115741    0.555003    0.457321    0.298388    1.570796    0.284613    1.185641    0.432063    0.987522    0.315026    
2.398866    2.833358    2.878809    1.502318    4.383009    4.768296    2.790615    3.469106    2.417006    2.699188    0.553959    0.449029    0.331425    1.570796    0.300123    1.219470    0.456444    1.022202    0.495891    1.351122    
