 7    -3.451368    4.262257    0.109937
0.425188  -0.032820  0.989448  -1.579437  0.454097  0.217572  -1.497999  1.743353  -0.600091  -0.362574  1.672800  -0.356083  0.579311  -1.287199  -0.941917  1.686668  0.022534  0.530166  0.436340  -0.059709  0.772730  
0.384969  -0.153546  -0.224887  -0.312684  0.294304  -0.230202  0.250248  
 1    -1.364545    0.271575      0.270537
 2    -2.999540    0.813010      0.058575
 3    -3.351045    0.958261      0.013006
 4    -3.419130    0.983683      0.004179
 5    -3.436333    0.994322      0.001949
 6    -3.448782    0.998876      0.000335
 7    -3.450549    0.999576      0.000106
 8    -3.450756    0.999725      0.000079
 9    -3.450766    0.999730      0.000078
10    -3.450795    0.999745      0.000074
3.888002    0.350341    
4.662985    5.729244    0.776411    0.421345    
3.632125    3.835396    4.560801    0.653073    0.491777    0.279491    
2.717916    3.403096    3.492730    4.100712    0.594858    0.487120    0.355857    0.180811    
2.572215    3.472896    3.436968    3.990183    5.381162    0.607054    0.498197    0.375989    0.258993    0.074005    
1.643832    3.230868    3.235927    3.457718    4.089966    5.389112    0.627778    0.505133    0.435754    0.340573    0.220800    0.070792    
1.447785    2.806650    2.830854    2.954534    3.347609    3.899161    5.081676    0.624216    0.466696    0.410316    0.356905    0.272198    0.168829    0.062578    
1.480680    2.851956    2.889222    3.043545    3.465683    4.008080    5.145854    6.283185    0.625309    0.472822    0.417771    0.364075    0.279808    0.177189    0.084490    0.014625    
1.479890    2.837218    2.885130    3.023169    3.416943    3.913999    4.764356    4.064462    4.452807    0.624646    0.473024    0.417443    0.363685    0.281752    0.183396    0.089519    0.023295    0.010952    
1.480588    2.839624    2.891458    3.035842    3.442562    3.978709    5.149169    5.628417    3.066048    4.008074    0.625095    0.473123    0.417731    0.363105    0.276719    0.173899    0.072247    0.000000    0.000455    1.563687    
