 7    -2.896476    3.250113    0.197859
-0.835604  0.665364  0.481271  -0.938764  -0.122347  -1.126123  -0.846273  -1.317148  -1.813608  -0.155595  0.611860  0.014949  0.795852  0.011985  0.922505  0.349768  0.002359  -0.999109  0.421646  -0.261758  0.127665  
-0.351878  -0.213396  0.246975  -0.236726  -0.249606  0.082934  -0.426769  
 1    -1.087232    0.256864      0.294349
 2    -2.580942    0.731113      0.051335
 3    -2.811706    0.856533      0.013791
 4    -2.863485    0.895941      0.005367
 5    -2.878290    0.925397      0.002959
 6    -2.888380    0.980347      0.001317
 7    -2.894019    0.995624      0.000400
 8    -2.895729    0.999471      0.000121
 9    -2.896346    0.999928      0.000021
10    -2.896360    0.999939      0.000019
3.898056    0.373625    
4.982411    6.058073    0.771741    0.421364    
3.520345    4.278569    5.040946    0.643465    0.520184    0.276376    
2.578773    4.000325    3.767464    4.447915    0.623890    0.511631    0.358937    0.187270    
2.081476    3.649722    3.435019    3.761843    4.751695    0.638530    0.493736    0.402347    0.308627    0.132520    
1.978248    3.736247    3.565259    3.841288    4.695794    6.189804    0.637928    0.510928    0.414521    0.322910    0.215391    0.088408    
1.821367    3.442550    3.289717    3.510776    4.159011    4.903920    5.620424    0.639572    0.486659    0.410254    0.345538    0.262907    0.174785    0.085052    
1.662478    3.222953    3.209575    3.348680    3.908930    4.559504    5.201790    5.619657    0.631986    0.483478    0.412606    0.356919    0.283358    0.202302    0.140395    0.052109    
1.497464    2.860642    3.078170    3.196182    3.611693    4.155892    4.738035    5.211036    5.986010    0.623756    0.473480    0.418041    0.371312    0.312074    0.238944    0.170543    0.112323    0.037507    
1.458025    2.788256    3.062384    3.201601    3.596257    4.135572    4.727962    5.270077    5.952794    5.707473    0.619946    0.472931    0.422278    0.376994    0.320475    0.248724    0.179446    0.119770    0.046863    0.005999    
