 7    -3.939823    3.968067    0.671047
-0.736260  0.440260  0.731900  0.254316  -1.807715  1.053235  -2.661686  -1.076339  0.484691  0.170791  0.129711  -0.386408  1.199626  -1.070269  -1.157811  -0.271514  -0.071525  -0.862646  -0.789977  0.300384  -0.166081  
-0.163489  0.222540  0.182586  0.780280  -0.158358  -0.127509  0.255682  
 1    -1.846889    0.228262      0.264664
 2    -3.181543    0.718312      0.095889
 3    -3.509051    0.841779      0.054474
 4    -3.785803    0.941810      0.019477
 5    -3.884932    0.978392      0.006941
 6    -3.918989    0.990702      0.002635
 7    -3.931745    0.996946      0.001022
 8    -3.938885    0.999640      0.000119
 9    -3.939533    0.999897      0.000037
10    -3.939691    0.999953      0.000017
5.725908    0.835453    
3.529496    3.663184    0.502267    0.385578    
2.556905    3.428354    3.317744    0.515141    0.387426    0.222997    
2.630102    3.345523    3.293741    4.203464    0.600726    0.471237    0.257916    0.202016    
2.183957    2.905360    2.884338    3.598413    3.354122    0.567791    0.442160    0.347284    0.200308    0.148268    
1.495160    2.893924    2.876000    2.993356    3.446382    3.662894    0.630109    0.457137    0.383400    0.307577    0.168329    0.114120    
1.544647    2.658991    2.795263    3.017028    3.268771    3.636764    4.154022    0.600929    0.454953    0.384891    0.304450    0.238415    0.118313    0.064244    
1.313195    2.424972    2.601375    2.803484    3.084382    3.547115    3.650538    4.381736    0.602541    0.438947    0.389573    0.334226    0.253129    0.195429    0.083553    0.053171    
1.087594    2.034306    2.403428    2.646325    2.886991    3.248468    3.591105    3.847930    4.199064    0.576340    0.433120    0.393397    0.349887    0.297824    0.221308    0.159168    0.068316    0.040571    
0.924609    1.835888    2.218908    2.458798    2.692902    2.964558    3.310701    3.537152    3.902998    3.900701    0.568699    0.436922    0.387865    0.352914    0.314003    0.255792    0.187629    0.127873    0.055455    0.032477    
