 7    -3.916071    2.671600    0.078700
0.339865  0.191300  -1.140822  0.778411  1.707351  1.008358  -1.292085  -0.473293  0.210802  -0.992069  0.924987  0.120085  -0.173989  1.086957  1.130888  -0.286387  0.510305  1.395815  -0.250652  0.675379  -1.229298  
-0.303670  -0.135040  -0.157835  -0.572504  0.009482  0.201271  0.317040  
 1    -1.484130    0.150573      0.369166
 2    -3.301962    0.441670      0.093221
 3    -3.659922    0.513199      0.038883
 4    -3.810091    0.553044      0.016088
 5    -3.863004    0.570129      0.008056
 6    -3.879084    0.580227      0.005615
 7    -3.883113    0.597065      0.005003
 8    -3.884747    0.606825      0.004755
 9    -3.887141    0.662776      0.004392
10    -3.891405    0.727825      0.003744
3.369834    0.588684    
4.302353    5.098960    0.615158    0.362559    
3.383428    4.287132    4.624081    0.588702    0.426240    0.222556    
2.746541    4.265557    4.316777    5.003306    0.642598    0.482246    0.336376    0.167533    
2.142473    3.642733    3.915901    4.393939    4.872975    0.610501    0.470431    0.398592    0.252528    0.108656    
1.839919    3.364982    3.489875    3.689760    4.282747    4.994807    0.626557    0.455565    0.388610    0.308421    0.191033    0.078949    
1.862408    3.389274    3.569195    3.810274    4.333026    5.047584    5.914667    0.625088    0.470072    0.403451    0.320991    0.230722    0.121270    0.041124    
1.553540    3.003534    3.422395    3.662141    4.050247    4.736194    5.310683    5.823112    0.617886    0.476015    0.417209    0.355490    0.276491    0.190980    0.092788    0.033997    
1.857960    3.500946    3.744994    4.039136    4.663220    5.297079    6.277725    5.842044    6.283185    0.632643    0.480299    0.417224    0.333783    0.244920    0.170994    0.132725    0.078112    0.048610    
1.937377    3.603410    3.803851    4.210001    4.989272    5.966744    6.283185    6.283185    5.632679    6.019821    0.631426    0.477323    0.414164    0.315128    0.212867    0.140258    0.148212    0.142733    0.103369    0.051212    
