 7    -2.951755    4.589425    0.452820
-1.749765  0.342680  1.153036  -0.252436  0.981321  0.514219  0.221180  -1.070043  -0.189496  0.255001  -0.458027  0.435163  -0.583595  0.816847  0.672721  -0.104411  -0.531280  1.029733  -0.438136  -1.118318  1.618982  
-0.385703  -0.258211  -0.136434  0.270895  -0.211907  0.255208  -0.353715  
 1    -1.150891    0.211378      0.238804
 2    -2.508948    0.786256      0.058719
 3    -2.849051    0.926496      0.013619
 4    -2.923165    0.968009      0.003791
 5    -2.942274    0.985995      0.001257
 6    -2.949209    0.998080      0.000338
 7    -2.951161    0.999552      0.000079
 8    -2.951346    0.999714      0.000054
 9    -2.951637    0.999919      0.000016
10    -2.951658    0.999944      0.000013
3.149068    0.328821    
4.464455    5.824778    0.783611    0.434423    
3.176332    4.089365    4.885127    0.649623    0.559818    0.307287    
2.416498    3.857265    3.460152    4.224389    0.644848    0.521237    0.377494    0.210313    
1.991239    3.541481    3.270018    3.572408    4.413740    0.660366    0.508753    0.419053    0.326032    0.142457    
1.794933    3.434835    3.327200    3.517516    4.142575    5.476162    0.654274    0.515505    0.439040    0.345542    0.231861    0.078208    
1.608062    2.950297    2.886967    3.041000    3.463024    4.043869    5.216090    0.636309    0.467367    0.413021    0.360236    0.279271    0.177670    0.069675    
1.519473    2.781447    2.809576    2.939269    3.280477    3.696015    4.115263    4.202446    0.625664    0.460930    0.410372    0.364283    0.291653    0.197705    0.097094    0.036649    
1.275011    2.435532    2.758214    2.838450    3.116444    3.502851    4.018260    4.839474    5.671624    0.609170    0.469747    0.420594    0.380271    0.330980    0.256909    0.174156    0.095219    0.023446    
1.248653    2.403004    2.784581    2.852117    3.121801    3.510704    4.012706    4.794932    4.880481    3.773125    0.605984    0.472810    0.425033    0.382227    0.334093    0.260929    0.180047    0.101513    0.027922    0.009523    
