 7    -3.459359    3.777437    0.046771
1.181663  3.286588  -1.621765  0.949320  0.052378  0.064238  -0.407483  -0.086520  0.716453  1.220180  -0.421267  -0.436458  0.176678  0.855759  1.180917  0.303532  0.876488  0.409602  0.206339  -0.013353  -1.192493  
0.250243  -0.153667  -0.170475  -0.088038  -0.998525  0.127601  0.170695  
 1    -2.283305    0.054256      0.162510
 2    -3.029533    0.045026      0.059394
 3    -3.134009    0.030799      0.044958
 4    -3.176306    0.041326      0.039113
 5    -3.248573    0.072059      0.029127
 6    -3.296526    0.104534      0.022501
 7    -3.328871    0.088033      0.018031
 8    -3.331372    0.102792      0.017686
 9    -3.345668    0.105474      0.015710
10    -3.347726    0.137436      0.015426
5.700686    0.550271    
2.721929    4.199524    0.338237    0.531047    
2.688111    3.569307    5.128431    0.480084    0.470473    0.197517    
2.443406    3.701097    6.111664    6.283185    0.496022    0.521934    0.203068    1.483011    
2.476957    3.526121    4.061024    6.283185    6.283185    0.519488    0.501444    0.210692    1.570796    1.410000    
1.927136    3.410788    2.985578    6.121606    5.563817    5.585680    0.513835    0.443046    0.292660    1.570796    1.375965    1.410123    
2.161846    3.322991    3.075963    6.213252    5.690733    3.709643    6.283185    0.550032    0.419879    0.338936    1.570796    1.341603    1.342737    1.403552    
2.090921    3.292037    3.078974    6.209089    5.627738    3.838105    6.283185    6.283185    0.540781    0.421623    0.342010    1.570796    1.332976    1.344752    1.412956    0.023889    
1.931333    3.372564    3.171681    6.283185    5.276606    3.767754    6.283185    6.283185    6.283185    0.526300    0.398477    0.345432    1.498819    1.352584    1.272554    1.418871    0.067010    0.060870    
1.818295    3.430201    3.105749    6.283185    5.032022    3.879570    6.283185    6.283185    6.283185    6.283185    0.524481    0.393808    0.330709    1.470648    1.380605    1.260755    1.469391    0.074728    0.056117    1.540884    
