 7    -3.109721    4.499579    0.014413
-0.374470  1.163536  1.171028  0.762805  -1.399164  -0.805286  -0.567384  0.003154  0.933997  -1.232669  0.347803  0.644465  0.018927  -0.473181  -1.407803  -1.970348  0.821106  0.569608  -1.868063  0.428322  2.014901  
-0.407551  -0.151759  0.169152  0.334090  0.178234  -0.288254  0.328667  
 1    -1.539896    0.368997      0.206303
 2    -2.571249    0.779106      0.070765
 3    -2.978034    0.934378      0.017306
 4    -3.062992    0.973802      0.006141
 5    -3.093021    0.992669      0.002195
 6    -3.105981    0.998630      0.000492
 7    -3.108486    0.999459      0.000162
 8    -3.108892    0.999645      0.000109
 9    -3.108986    0.999675      0.000097
10    -3.108985    0.999677      0.000097
6.141568    0.485952    
4.479263    5.705754    0.765353    0.428549    
3.497674    4.192294    4.746313    0.663490    0.521079    0.280658    
2.744471    3.807612    3.684680    4.301945    0.632394    0.501107    0.364032    0.180677    
2.566391    3.677524    3.503265    3.996231    5.166916    0.630858    0.497902    0.380333    0.272323    0.090748    
1.725392    3.328554    3.327654    3.487643    4.090399    5.323895    0.633738    0.503146    0.430565    0.333958    0.224688    0.076121    
1.513002    2.924738    2.940418    3.008597    3.393012    3.957462    5.099776    0.634981    0.471640    0.408007    0.351515    0.271486    0.172039    0.064512    
1.556435    2.940754    2.974576    3.073311    3.458507    3.982683    5.015032    5.908786    0.633972    0.475501    0.414811    0.360011    0.285600    0.189199    0.095840    0.021045    
1.545686    2.901077    2.944515    3.040369    3.415549    3.955967    5.053120    6.159646    5.847153    0.631854    0.472038    0.411840    0.358600    0.283009    0.184854    0.078389    0.000000    1.559818    
1.551738    2.909544    2.967290    3.060297    3.432498    3.958556    5.033165    5.765657    6.221096    5.138392    0.632694    0.474276    0.414313    0.359466    0.282432    0.182837    0.077542    0.000000    1.560344    0.000633    
