 7    -3.197994    3.531777    0.108203
1.857565  -0.203968  0.711019  -0.958718  0.636314  0.984796  0.976736  -0.773217  -0.776050  -1.071380  -0.238518  -0.933245  -0.167597  -1.889870  0.563232  -1.514799  -0.558354  0.092131  0.432031  0.517837  -0.093025  
-0.319867  0.230960  0.292725  0.243719  0.118325  0.477338  -0.008939  
 1    -1.750409    0.231066      0.215102
 2    -2.902588    0.401194      0.043895
 3    -3.065243    0.434020      0.019726
 4    -3.102411    0.440314      0.014203
 5    -3.125629    0.438196      0.010753
 6    -3.135427    0.434873      0.009297
 7    -3.136133    0.432550      0.009192
 8    -3.136802    0.442799      0.009093
 9    -3.142966    0.506149      0.008177
10    -3.149997    0.585630      0.007132
5.898327    0.515698    
4.898957    5.627323    0.735390    0.391903    
3.343379    4.231363    4.914288    0.629879    0.500061    0.241631    
2.631525    3.676939    3.845103    4.548057    0.591706    0.478061    0.338946    0.145413    
2.652073    3.582704    3.523003    4.136166    5.656530    0.597223    0.463142    0.343667    0.246628    0.095814    
1.766558    3.431047    3.473569    3.543578    4.410553    5.665824    0.617050    0.497762    0.394235    0.300548    0.210359    0.083980    
1.475050    2.880720    3.049627    3.217462    3.758104    4.418300    5.194130    0.607892    0.458466    0.395815    0.334790    0.255072    0.155121    0.061445    
1.632155    3.298970    3.405150    3.427932    4.159244    5.358379    5.500920    6.128836    0.622387    0.493265    0.400332    0.305929    0.221632    0.100371    0.000000    1.551120    
1.530233    3.018808    2.948490    2.653844    1.724055    3.944650    6.283185    6.283185    6.283185    0.600127    0.447567    0.352343    0.202139    0.159774    0.169940    0.000000    1.461492    1.501464    
0.961465    2.636593    3.457703    3.719712    3.426268    3.323955    5.127095    6.052961    5.931268    5.966835    0.859656    0.708574    0.511714    0.443274    0.246148    0.170585    0.000000    1.431093    1.391982    1.479510    
