 7    -4.901531    5.381450    0.474525
-1.243488  -2.264139  0.865807  -1.336708  -1.279517  1.240628  -0.033184  -0.820098  1.200778  0.918955  -1.424009  2.450503  -0.537670  0.570585  0.081665  1.937139  -0.584177  -0.168090  0.839135  -0.710069  0.423163  
-0.381232  -0.186297  -0.283787  0.282148  -0.276098  0.250166  -0.254007  
 1    -2.617145    0.003095      0.222152
 2    -3.759708    0.000154      0.111040
 3    -4.178321    0.000310      0.070331
 4    -4.266989    0.000055      0.061708
 5    -4.281423    0.000011      0.060304
 6    -4.287422    0.000003      0.059721
 7    -4.287601    0.000005      0.059703
 8    -4.288657    0.000013      0.059601
 9    -4.288666    0.000013      0.059600
10    -4.288872    0.000017      0.059580
5.926808    0.536242    
4.418620    5.408228    0.792487    0.412045    
3.328582    3.463421    4.346690    0.642897    0.508024    0.293511    
2.449911    3.266192    3.166050    3.757002    0.607118    0.501042    0.357628    0.198161    
1.532583    3.162992    2.951397    3.210500    3.847285    0.654478    0.506697    0.430743    0.330375    0.154728    
1.598205    3.078805    3.012453    3.246421    3.837695    5.185283    0.643426    0.506009    0.438797    0.341444    0.215426    0.059680    
1.588929    3.036226    2.993539    3.225378    3.855545    4.999843    6.236177    0.640102    0.501238    0.438395    0.336388    0.200766    0.026359    1.550822    
1.364599    2.563053    2.580452    2.689936    3.092135    3.789191    6.147741    4.705936    0.619650    0.457693    0.405342    0.356314    0.267006    0.141866    1.570796    1.539656    
1.361484    2.571914    2.627038    2.731469    3.110820    3.722128    2.449404    4.637177    3.876085    0.620513    0.463104    0.411971    0.358266    0.266379    0.138050    0.007318    1.570796    1.541147    
1.368214    2.560777    2.591769    2.738529    3.143554    3.849216    6.026200    4.960310    5.964636    6.077934    0.619680    0.461242    0.409668    0.364956    0.278292    0.155692    1.570796    1.524442    1.570796    0.012022    
