 7    -3.652334    4.781214    0.694526
-0.277191  -1.145218  1.062622  -0.870811  -1.755050  -1.015249  1.560385  0.481436  -1.006437  1.485005  -0.585905  -0.851112  0.591227  1.385524  1.787364  0.401825  0.404999  0.073697  0.025266  0.675647  1.116530  
-0.177482  -0.142901  0.993345  0.146203  -0.168455  0.046066  -0.288655  
 1    -1.617705    0.156467      0.241254
 2    -2.727071    0.282819      0.109712
 3    -2.949440    0.282860      0.083345
 4    -3.063227    0.272317      0.069853
 5    -3.135593    0.306783      0.061272
 6    -3.260183    0.578614      0.046499
 7    -3.339478    0.635560      0.037097
 8    -3.532659    0.922720      0.014190
 9    -3.595740    0.965440      0.006711
10    -3.623079    0.982075      0.003469
4.099424    0.531807    
3.478102    3.308703    0.467742    0.369752    
2.147431    3.256499    2.818558    0.438410    0.368583    0.222142    
1.675512    3.100450    3.400666    3.200143    0.685837    0.433488    0.311951    0.225197    
2.120286    3.040175    3.620879    3.468337    2.637436    0.957077    0.910636    0.517614    0.357466    0.249711    
3.038547    2.705724    3.363758    3.789086    5.059755    6.276205    0.987183    0.933318    0.623374    0.385133    0.000000    1.326012    
1.155506    1.470736    2.624550    2.533632    5.500704    6.149284    3.490397    0.313748    0.420069    0.347056    0.312045    0.000000    1.408610    1.389756    
3.131752    2.943693    3.737627    3.458230    4.739521    5.931989    3.732614    4.435090    0.948415    0.872331    0.576415    0.487678    0.000000    1.209015    1.423034    1.368622    
2.299919    2.229402    3.079651    2.752114    4.434116    6.283185    3.523082    4.500346    3.387802    0.947490    0.889271    0.555728    0.395945    0.056802    1.243476    1.315313    1.397855    1.424727    
2.160705    2.754310    3.239596    2.468007    2.321526    5.857368    3.522529    3.426623    4.095274    3.463919    0.942697    0.882406    0.494318    0.251812    0.234720    1.405345    1.302718    1.318091    1.380422    1.454299    
