 7    -2.861171    3.050787    0.207555
0.458901  1.173661  0.398716  1.044500  0.584015  0.653871  1.328473  -0.097377  -0.441175  -0.278228  -0.389714  -0.718051  -0.625707  -0.346769  -1.994583  -0.832022  -1.447044  0.816843  0.281185  0.968107  0.519780  
-0.230031  0.170686  0.810822  0.171867  0.194263  0.235272  -0.075736  
 1    -1.528221    0.135516      0.225467
 2    -2.139604    0.249086      0.122052
 3    -2.285616    0.231069      0.097354
 4    -2.392772    0.205206      0.079229
 5    -2.519173    0.464898      0.057849
 6    -2.624427    0.647106      0.040045
 7    -2.717668    0.826151      0.024273
 8    -2.756036    0.882332      0.017783
 9    -2.781398    0.898689      0.013494
10    -2.820771    0.969547      0.006834
5.875481    0.791218    
3.027651    3.744152    0.498203    0.413730    
2.323512    3.187834    3.759850    0.523926    0.427493    0.222461    
1.944472    2.934247    2.975748    4.199536    0.611480    0.461810    0.325474    0.237350    
2.527840    2.845312    3.240909    6.097803    6.281351    0.575714    0.438137    0.331287    0.000000    1.351304    
1.434936    3.202074    4.301455    3.120712    3.307990    6.283185    0.486040    0.547263    0.220051    0.000000    1.327075    1.360913    
1.910897    2.607511    2.616737    4.980224    6.240708    3.830835    4.411059    0.538005    0.354367    0.412149    0.000000    1.233049    1.393124    1.397027    
1.932952    2.358356    2.559889    4.694884    6.283185    3.788886    4.104593    3.496204    0.559751    0.368808    0.411549    0.084530    1.227341    1.320202    1.374965    1.447404    
1.156459    2.448367    3.067579    2.875013    6.127380    3.576437    3.475419    3.994591    3.689432    0.655800    0.495934    0.371813    0.244275    1.419290    1.310952    1.280402    1.387026    1.474182    
1.881531    2.675923    2.610278    4.492003    6.283185    3.730873    3.913313    4.989281    6.283185    6.283185    0.569590    0.418189    0.379041    0.119642    1.263917    1.365514    1.276130    1.479162    0.130534    0.129966    
