 7    -2.849280    3.435307    0.133391
1.980655  1.795750  -0.728124  -0.283760  1.757234  -0.700888  0.749530  1.466181  -0.359759  -0.314563  -0.497060  -0.582411  0.826093  0.847297  -0.248796  -1.247295  -0.320472  0.092944  -0.984481  -0.621929  0.498765  
0.486786  -0.437714  -0.497967  -0.129229  -0.104721  0.146329  -0.027876  
 1    -1.225902    0.097706      0.258311
 2    -2.136841    0.368109      0.113363
 3    -2.168707    0.405094      0.108292
 4    -2.297218    0.464749      0.087844
 5    -2.349825    0.473315      0.079473
 6    -2.370989    0.491401      0.076105
 7    -2.440112    0.564088      0.065107
 8    -2.456768    0.554688      0.062456
 9    -2.470276    0.570388      0.060307
10    -2.480463    0.575203      0.058686
5.313453    1.139297    
6.283185    6.283185    0.975156    1.260618    
0.567386    6.283185    6.077010    0.429685    1.004329    1.279130    
4.009214    2.400839    6.283185    5.337899    0.074424    0.943046    1.208600    1.426676    
2.868619    1.502209    6.283185    4.583684    3.906628    1.254423    1.069928    1.067789    1.321525    1.507019    
2.906519    1.954140    6.283185    4.795716    4.060213    6.283185    1.180947    1.142058    1.012796    1.368995    1.449793    1.461054    
6.283185    5.924908    3.600126    5.555923    6.283185    6.283185    5.650818    0.986897    1.252397    1.369986    1.401256    1.506251    1.479317    1.443050    
2.745467    1.697142    6.283185    5.511827    5.268613    4.843163    4.843282    5.658754    1.147336    1.153751    1.012287    1.260802    1.386579    1.570796    1.526585    1.390939    
2.534908    1.570438    6.283185    5.749591    5.513463    4.621405    4.621796    6.283185    6.283185    1.101749    1.172160    1.008084    1.230684    1.378135    1.570796    1.523267    1.376463    1.510473    
2.528243    1.559275    6.283185    5.942825    5.621979    4.986635    4.986817    6.283185    6.283185    5.790792    1.088078    1.199532    1.007591    1.219680    1.365063    1.570796    1.535077    1.375739    1.500839    0.061204    
