 7    -4.485581    5.798879    0.777322
0.363580  1.314545  -1.146046  -0.488436  0.720190  -0.065189  1.841201  0.129148  1.689050  0.924599  -0.364502  1.552866  0.687094  1.868193  -2.101154  -0.860455  -1.583306  0.702538  1.232649  1.126887  -1.175439  
-0.370582  0.057630  0.296979  -0.278907  -0.238834  -0.007947  0.439385  
 1    -2.266257    0.217019      0.215794
 2    -3.773548    0.384710      0.069234
 3    -3.916247    0.433563      0.055359
 4    -3.965974    0.493615      0.050523
 5    -4.061543    0.587363      0.041231
 6    -4.117338    0.626507      0.035806
 7    -4.134366    0.632269      0.034150
 8    -4.144180    0.642898      0.033196
 9    -4.153691    0.659837      0.032271
10    -4.193283    0.705170      0.028421
6.203134    0.611002    
5.229404    5.861700    0.725550    0.378527    
3.337687    4.627103    5.399069    0.633043    0.506184    0.235721    
3.443039    4.730662    5.342675    6.283185    0.658843    0.529876    0.342283    0.119825    
3.827375    4.456699    4.876591    5.948193    6.105002    0.621652    0.442374    0.289141    0.209487    0.150878    
3.376640    4.327594    4.999871    5.841877    5.980025    6.254030    0.608546    0.464689    0.276156    0.177613    0.236972    0.121912    
2.213231    3.990592    4.310198    5.060516    6.248845    5.658425    6.034682    0.598850    0.502858    0.364674    0.224582    0.189533    0.203149    0.101072    
2.472869    3.981465    4.241554    4.683414    5.665511    6.258901    6.283185    6.283185    0.620291    0.505169    0.397750    0.280038    0.202390    0.166129    0.154548    0.082977    
2.797876    4.117523    4.345762    4.776412    5.572679    5.770641    6.283185    6.283185    6.283185    0.590881    0.488157    0.367022    0.273750    0.245054    0.139127    0.088329    0.128837    0.062451    
3.688261    4.365009    5.081801    5.639914    5.318531    5.298979    5.542784    6.118500    6.123170    6.283185    0.623349    0.459223    0.277337    0.209830    0.277489    0.196675    0.000000    0.000000    0.160319    0.116744    
