 7    -3.002273    3.012585    0.290655
-0.270164  0.934725  -0.978179  1.679502  -0.282496  -2.137573  -0.087249  -0.115780  1.694825  0.442736  0.904835  -0.777380  -0.167235  0.549352  0.270288  -0.407457  0.289694  -0.826243  0.196590  -0.202494  -0.952162  
0.302003  0.077264  -0.153660  0.921711  -0.155843  0.175380  0.269163  
 1    -1.941106    0.324558      0.176424
 2    -2.566701    0.636192      0.072416
 3    -2.714703    0.708065      0.047810
 4    -2.895846    0.824809      0.017694
 5    -2.936633    0.885766      0.010913
 6    -2.963204    0.946809      0.006495
 7    -2.969301    0.966675      0.005482
 8    -2.969905    0.967118      0.005381
 9    -2.977363    0.975934      0.004141
10    -2.987228    0.988889      0.002501
6.159901    0.641703    
2.677194    3.327991    0.425883    0.456023    
2.292796    2.967996    3.784816    0.508153    0.433654    0.201662    
2.177565    2.670189    2.494087    4.429722    0.557351    0.454555    0.287758    0.249030    
1.567659    2.438456    2.559695    2.917494    3.331205    0.567788    0.441920    0.367150    0.219817    0.172737    
1.770428    2.450160    2.565495    3.252864    2.870869    6.283185    0.555365    0.452259    0.353376    0.235907    0.240502    0.109817    
1.822277    2.441206    2.550238    3.343851    2.731493    6.283185    6.283185    0.551877    0.454426    0.348587    0.225576    0.235015    0.144259    0.046678    
1.821064    2.426764    2.549181    3.305048    2.706900    6.283185    6.283185    5.327838    0.554244    0.456306    0.348811    0.232524    0.238310    0.145606    0.054232    0.013811    
1.681725    2.433748    2.574136    3.088959    2.877973    6.283185    6.268664    6.283185    0.961751    0.570722    0.451712    0.360987    0.255695    0.239284    0.150629    0.006688    0.072015    1.459546    
1.563929    2.343078    2.560590    3.018348    3.026111    6.283185    6.283185    6.217531    0.975160    6.283185    0.576047    0.449980    0.369574    0.258834    0.232582    0.126878    0.021136    0.027450    1.448908    1.496267    
