 7    -4.044723    2.981241    0.623616
-1.271091  0.176137  -0.296216  0.326929  -0.973419  0.227681  -0.819328  0.107223  0.975278  0.081974  -0.476623  -1.492172  -0.403465  0.694778  0.212153  0.090990  -1.548855  -0.044827  1.556763  1.947111  -0.785140  
0.311521  0.256613  0.249283  0.240642  -0.273483  0.249864  0.325207  
 1    -2.292683    0.473303      0.249366
 2    -3.500341    0.844917      0.077481
 3    -3.940647    0.969528      0.014813
 4    -4.025650    0.994601      0.002715
 5    -4.043128    0.999480      0.000227
 6    -4.044189    0.999840      0.000076
 7    -4.044306    0.999870      0.000059
 8    -4.044364    0.999890      0.000051
 9    -4.044385    0.999891      0.000048
10    -4.044381    0.999884      0.000049
4.707064    0.558153    
4.482726    5.690050    0.805077    0.434786    
3.399276    3.273681    4.556114    0.616636    0.515990    0.324941    
2.260724    3.518211    3.196461    3.903431    0.618964    0.531046    0.368996    0.222358    
1.635711    3.216304    3.036516    3.289611    3.973940    0.664758    0.510340    0.443478    0.336636    0.164088    
1.627604    3.166306    3.064093    3.272102    3.825132    5.084092    0.657654    0.513727    0.447185    0.351531    0.224897    0.059080    
1.625394    3.101324    3.022932    3.238177    3.864441    5.401105    5.476695    0.652929    0.504852    0.444799    0.345645    0.203204    0.000000    1.536817    
1.609648    3.004889    3.007601    3.244234    3.883730    5.310007    5.577409    5.795787    0.645976    0.498619    0.450056    0.359481    0.236079    0.007820    1.482108    1.532042    
1.603886    2.983248    2.981965    3.211403    3.847779    5.307620    5.219985    3.068406    2.966777    0.645724    0.495900    0.447893    0.360454    0.238963    0.002781    1.476258    1.557440    1.531994    
1.588299    2.915334    2.937912    3.170441    3.767513    4.979482    5.837925    3.097556    2.698599    2.902436    0.642553    0.488991    0.447037    0.365026    0.252217    0.016700    1.469782    0.029720    1.518252    0.023505    
