 7    -3.526825    3.143788    0.544769
0.439265  0.438488  1.147810  -0.067318  1.282502  1.203008  1.135877  -0.804010  -0.355338  1.115535  0.416017  0.281031  0.602493  -0.502367  -0.360674  -0.046913  -0.271253  1.007771  0.968143  0.644780  0.042835  
0.227311  0.200016  -0.190537  0.750401  0.185829  -0.214384  -0.216744  
 1    -1.747548    0.190060      0.266734
 2    -2.876655    0.752840      0.097468
 3    -3.215457    0.827643      0.046678
 4    -3.446164    0.933822      0.012092
 5    -3.498100    0.984673      0.004306
 6    -3.520448    0.997256      0.000956
 7    -3.524598    0.999077      0.000334
 8    -3.526351    0.999849      0.000071
 9    -3.526667    0.999950      0.000024
10    -3.526728    0.999971      0.000015
5.727475    0.881224    
3.018522    3.784762    0.535765    0.428712    
2.597976    3.058338    3.977298    0.573018    0.444397    0.245060    
2.309935    2.928940    2.716051    4.157264    0.601660    0.471915    0.300561    0.234985    
1.768350    2.525933    2.590097    2.966358    3.314904    0.581861    0.446054    0.381072    0.226332    0.175509    
1.333777    2.484959    2.503708    2.600092    2.974613    3.322746    0.622716    0.462206    0.390252    0.315847    0.191655    0.118551    
1.241379    2.130895    2.258516    2.418635    2.608863    3.127913    3.188878    0.610457    0.429532    0.382825    0.331635    0.259843    0.152737    0.075994    
1.225257    2.176769    2.293489    2.452545    2.683562    3.146913    3.230304    4.201682    0.609460    0.438043    0.390504    0.339243    0.262830    0.191562    0.086181    0.040442    
0.922946    1.765153    2.168317    2.350223    2.531938    2.829125    3.210283    3.379666    4.042023    0.575041    0.449189    0.405552    0.361662    0.314358    0.235307    0.170682    0.072132    0.038316    
0.887231    1.789161    2.119088    2.287574    2.456946    2.698924    3.012244    3.140776    3.545858    3.307113    0.589854    0.461989    0.404658    0.363479    0.321350    0.258063    0.187824    0.118691    0.049654    0.026746    
