 7    -2.263808    2.513568    0.218812
-0.579335  -0.256799  -1.403429  0.787643  -0.286088  0.092368  0.611031  -0.920969  -0.368623  0.503275  -0.321653  -0.481067  0.552648  -0.557544  0.445270  -1.708090  -0.378939  -0.515746  -0.074162  0.108905  -0.032169  
-0.218309  -0.299732  0.174024  -0.314544  -0.330749  0.060921  -0.276494  
 1    -1.258488    0.307592      0.210433
 2    -1.981146    0.641694      0.059167
 3    -2.172265    0.777062      0.019162
 4    -2.208463    0.814543      0.011585
 5    -2.228846    0.893539      0.007318
 6    -2.242948    0.930184      0.004367
 7    -2.254332    0.987868      0.001983
 8    -2.261814    0.998027      0.000417
 9    -2.263068    0.999485      0.000155
10    -2.263497    0.999806      0.000065
5.080119    0.572570    
5.046743    5.883829    0.724558    0.375303    
3.676517    4.506115    5.071053    0.629308    0.494648    0.252838    
2.773752    3.939646    3.909853    4.468177    0.585282    0.470719    0.336623    0.162903    
2.976153    4.063349    4.008039    4.653240    6.283185    0.609035    0.480563    0.348506    0.228181    0.083004    
2.283728    3.747812    3.742085    4.073404    4.994744    6.062305    0.601117    0.479687    0.394874    0.296987    0.191991    0.087689    
2.522321    3.857938    3.861098    4.260590    5.147989    5.903067    6.283185    0.590407    0.478335    0.377929    0.288236    0.200099    0.162840    0.070473    
1.781761    3.675947    3.734731    3.928710    4.625157    5.479928    5.601210    6.134357    0.621719    0.494369    0.412950    0.320632    0.243220    0.183842    0.146726    0.071014    
1.614777    3.261764    3.474827    3.659930    4.215162    4.998409    5.432250    5.574692    5.707737    0.631578    0.473973    0.419004    0.348385    0.273080    0.203980    0.169113    0.116380    0.050676    
1.545394    3.043628    3.435650    3.624971    4.047353    4.759953    5.378541    5.558449    5.999148    6.283185    0.623663    0.480355    0.430375    0.369608    0.300631    0.229373    0.180292    0.136427    0.084919    0.026833    
