 7    -3.810343    3.232269    0.405781
-1.121427  0.552710  -0.128515  -0.098978  0.525132  0.641744  1.041625  -0.042823  1.512432  -1.412685  -0.643521  0.264371  -1.049341  1.305647  0.713874  1.167148  0.704935  -0.414135  0.073798  1.057499  0.449541  
0.129523  0.227060  -0.175459  0.095690  -0.998131  0.102630  0.151383  
 1    -1.731275    0.224341      0.295213
 2    -3.137392    0.682519      0.095554
 3    -3.445231    0.800625      0.051843
 4    -3.633133    0.899050      0.025163
 5    -3.751462    0.952967      0.008361
 6    -3.788451    0.978307      0.003109
 7    -3.801782    0.991227      0.001216
 8    -3.808668    0.998152      0.000238
 9    -3.809630    0.999194      0.000101
10    -3.810034    0.999731      0.000044
4.151522    0.437654    
3.904437    3.690767    0.477727    0.346168    
2.511216    3.700722    3.223111    0.461309    0.360449    0.213965    
2.559218    3.631751    3.639028    4.148793    0.588007    0.439477    0.239052    0.181718    
2.261749    3.121458    3.147668    3.976530    3.487157    0.549850    0.429540    0.323312    0.190921    0.142622    
1.597991    3.072842    3.136326    3.322832    3.769713    3.904854    0.597804    0.432868    0.361732    0.286314    0.148318    0.107095    
1.588122    2.712777    2.971529    3.286372    3.438087    3.966659    4.123541    0.584776    0.428073    0.360691    0.295943    0.233860    0.107872    0.073295    
1.399826    2.630774    2.886737    3.155533    3.431311    3.980703    3.834824    4.881876    0.589822    0.428115    0.376804    0.322049    0.236089    0.184041    0.076404    0.054953    
1.214299    2.299941    2.687482    2.988011    3.266190    3.670727    4.005406    4.144240    4.615953    0.570408    0.423452    0.381186    0.334047    0.279341    0.203434    0.145503    0.061417    0.040903    
1.109545    2.161984    2.531352    2.829346    3.119896    3.464087    3.788846    4.144216    4.176824    4.614775    0.567130    0.422046    0.378880    0.339457    0.295384    0.237284    0.169824    0.114274    0.050184    0.031665    
