 7    -4.331781    3.808051    0.241609
-0.035920  -1.299604  0.889104  -0.585994  0.462999  -0.768262  -1.095189  -1.467687  1.944982  -0.321040  -0.414614  -0.035430  3.271529  -0.267381  0.734255  -0.297524  -0.216513  1.865483  0.718226  0.226963  -0.908634  
0.018100  -0.283766  -0.337954  -0.074561  0.588923  -0.036753  0.050237  
 1    -2.240256    0.107951      0.256949
 2    -2.903672    0.196760      0.175447
 3    -3.222657    0.299817      0.136259
 4    -3.590667    0.453714      0.091048
 5    -3.746200    0.532761      0.071940
 6    -3.797036    0.568327      0.065695
 7    -3.919423    0.684086      0.050659
 8    -4.066584    0.783698      0.032580
 9    -4.136896    0.838131      0.023942
10    -4.174329    0.855240      0.019343
6.016177    0.519209    
4.411376    5.728221    0.599472    0.275098    
4.188957    5.735635    6.283185    0.652427    0.384929    0.199396    
4.332564    5.460486    6.283185    6.283185    0.610779    0.375583    0.265553    0.182661    
3.592135    5.179973    6.180912    6.283185    5.887940    0.588199    0.389800    0.255729    0.221989    0.124859    
2.906607    4.868568    5.616102    6.283185    6.283185    6.283185    0.624860    0.434191    0.299801    0.217647    0.178284    0.090219    
4.225470    5.427342    6.283185    6.283185    6.283185    6.283185    6.185157    0.624280    0.434044    0.322693    0.216883    0.069105    0.103444    0.131615    
3.693918    5.358510    6.283185    6.283185    5.880481    6.283185    6.283185    6.123878    0.557419    0.391995    0.306103    0.284600    0.090734    0.005689    0.155453    0.137684    
3.563764    5.173318    6.283185    6.283185    5.822696    6.283185    6.283185    6.283185    6.283185    0.585283    0.372244    0.270724    0.272854    0.164285    0.013939    0.072628    0.162796    0.101884    
2.871156    4.596192    5.427474    6.283185    6.108713    6.147781    6.283185    6.283185    6.283185    6.005394    0.581200    0.415791    0.280059    0.223827    0.212518    0.122539    0.043089    0.073866    0.138707    0.094871    
