 7    -3.511883    3.023551    0.669942
1.023492  0.283144  -0.004423  -0.507907  0.852055  -1.412692  0.568955  1.263137  -1.571967  -0.876978  -0.225261  0.303901  0.219018  0.460761  -0.189678  -1.520499  -1.072632  -0.267436  -1.661053  -1.062456  1.171652  
-0.202109  0.160218  -0.114971  -0.936000  -0.465397  0.160148  -0.154015  
 1    -1.494018    0.113361      0.308758
 2    -2.103710    0.255148      0.215467
 3    -2.126461    0.279040      0.211986
 4    -2.262213    0.308154      0.191215
 5    -2.349355    0.408640      0.177881
 6    -3.069209    0.796507      0.067734
 7    -3.161813    0.859290      0.053565
 8    -3.201871    0.871670      0.047436
 9    -3.202428    0.871786      0.047350
10    -3.202428    0.871786      0.047350
5.564811    0.554682    
1.343432    4.726488    0.315342    0.738971    
1.190710    4.846666    4.031902    0.327484    0.790870    1.492346    
5.475060    4.230595    5.035366    4.373797    0.968343    1.027729    0.362632    1.287797    
5.261425    3.939815    4.292584    4.861606    3.772403    1.020067    0.991267    0.417893    1.155052    0.184294    
2.817009    2.876364    4.274947    5.262086    1.467915    6.236417    0.610690    0.501289    0.794760    0.798925    0.310567    0.325652    
3.493980    2.682444    4.306143    5.607397    0.972989    6.283185    3.736807    0.598620    0.518577    0.793778    0.675850    0.364675    0.537779    1.376314    
3.747465    2.588567    4.320478    5.520224    0.632382    6.283185    5.232631    5.543534    0.629440    0.524532    0.794630    0.537408    0.487901    0.572996    1.323616    0.113901    
3.735774    2.593968    4.322501    5.522242    0.636400    6.283185    5.181596    5.827832    2.094574    0.628396    0.523845    0.794909    0.544803    0.481227    0.572043    1.324408    0.129199    1.549422    
3.146648    0.589655    2.593714    4.322602    5.522389    0.635627    6.283185    5.183204    5.827190    2.102059    0.000000    0.628480    0.523824    0.794928    0.544624    0.481398    0.572124    1.324341    0.129244    1.549452    
