 7    -3.274465    4.319819    0.118255
1.412241  2.337697  1.611915  1.649743  0.798248  -0.038336  -0.416919  0.573888  0.379333  0.395861  -0.639797  -0.622015  -1.097253  -0.040995  0.406483  1.850516  0.371162  -0.024252  0.881849  1.684386  -0.044589  
-0.352083  0.237384  0.266209  0.249415  -0.265643  0.180189  0.381962  
 1    -1.587735    0.033266      0.222105
 2    -2.733783    0.004834      0.071196
 3    -3.033525    0.005744      0.031726
 4    -3.087751    0.000468      0.024586
 5    -3.100059    0.000000      0.022965
 6    -3.102826    0.000000      0.022601
 7    -3.103635    0.000006      0.022495
 8    -3.103635    0.000005      0.022495
 9    -3.103641    0.000007      0.022494
10    -3.103655    0.000007      0.022492
3.928654    0.362471    
4.642723    5.704347    0.813219    0.432148    
3.467485    3.013908    4.598312    0.583068    0.518405    0.333318    
2.310654    3.404625    3.144823    3.817038    0.602473    0.523549    0.357488    0.214718    
1.683917    3.216956    3.019571    3.261137    4.024416    0.657527    0.512072    0.430014    0.333455    0.157065    
1.621905    3.154698    3.075162    3.234709    3.829334    5.081535    0.656610    0.516531    0.442649    0.348427    0.229036    0.065231    
1.462149    2.651334    2.580995    2.749774    3.157422    3.673121    4.984693    0.633764    0.456479    0.405231    0.364651    0.279460    0.175012    0.058910    
1.463240    2.659731    2.583903    2.743383    3.156302    3.684839    4.999653    4.718310    0.634155    0.457472    0.404589    0.363545    0.279377    0.174735    0.058622    1.570764    
1.460745    2.660830    2.600770    2.754815    3.163329    3.676128    4.979350    5.806112    5.701392    0.634875    0.460548    0.406061    0.365017    0.276887    0.169748    0.044441    1.555436    1.564750    
1.471687    2.680056    2.618998    2.740883    3.127338    3.658095    5.007783    3.760602    2.123184    6.013364    0.633888    0.464818    0.405468    0.360889    0.275022    0.169341    0.034832    1.569343    1.538179    1.554731    
