 7    -4.176823    2.919045    0.264642
1.280115  -0.016914  1.288989  -1.524326  0.398734  0.280433  -0.312277  -1.152803  0.120756  -0.404666  1.486642  0.080295  -1.019572  -0.430669  0.541674  1.054699  1.378783  -1.434888  0.590506  0.855630  1.783113  
-0.362534  0.219687  -0.197523  0.280426  -0.238813  -0.251152  0.347829  
 1    -2.058119    0.270543      0.298583
 2    -3.566340    0.830235      0.086034
 3    -4.047941    0.962679      0.018163
 4    -4.152462    0.990540      0.003433
 5    -4.171371    0.996999      0.000768
 6    -4.175438    0.999595      0.000195
 7    -4.175642    0.999617      0.000166
 8    -4.175809    0.999671      0.000143
 9    -4.175937    0.999710      0.000125
10    -4.176002    0.999719      0.000116
6.110595    0.368192    
4.399083    5.647175    0.785988    0.417674    
3.315041    3.677322    4.682661    0.638007    0.533122    0.309133    
2.390450    3.690885    3.321608    3.993689    0.635725    0.527673    0.367714    0.215541    
1.729155    3.322843    3.142647    3.381835    4.059364    0.662491    0.510532    0.437582    0.333397    0.158781    
1.706549    3.258812    3.187716    3.407446    3.960605    5.295197    0.654232    0.513121    0.447950    0.351476    0.229630    0.067498    
1.686177    3.208012    3.158054    3.369236    3.993286    5.196523    6.131585    0.650407    0.507995    0.445630    0.345519    0.211134    0.019230    1.543049    
1.669334    3.117844    3.108065    3.302667    3.950507    5.396738    5.466604    5.716689    0.647464    0.500762    0.444525    0.353286    0.227231    0.004998    1.490358    1.537393    
1.678475    3.127840    3.120080    3.311735    3.987486    5.279223    5.526739    5.252360    5.230417    0.646157    0.502158    0.444406    0.352847    0.229103    0.000000    1.469482    1.501628    1.548089    
1.683830    3.125162    3.120938    3.306818    3.942872    4.860451    5.461922    4.215226    3.493453    4.289431    0.646503    0.502723    0.444699    0.354138    0.232606    0.000000    1.459646    1.492398    1.517355    1.547923    
