 7    -3.559374    2.831922    0.721468
1.319751  -0.169291  -0.060430  0.880154  0.440474  0.282055  -1.219574  -0.679306  -0.367388  -0.797539  0.622276  -0.818255  -0.316651  -2.039845  0.708758  -0.138086  0.106757  -0.657646  0.217738  -0.925505  -0.420240  
-0.291455  0.269079  0.287425  0.254392  0.232590  0.283816  0.244074  
 1    -1.899429    0.467298      0.259720
 2    -3.067088    0.828665      0.077024
 3    -3.457823    0.964328      0.015889
 4    -3.536663    0.990363      0.003553
 5    -3.553786    0.996309      0.000874
 6    -3.558091    0.999547      0.000201
 7    -3.558173    0.999541      0.000188
 8    -3.558357    0.999577      0.000159
 9    -3.558779    0.999702      0.000093
10    -3.558923    0.999792      0.000071
5.494659    0.521365    
4.429453    5.562053    0.784543    0.424111    
3.423116    3.619979    4.495582    0.645373    0.509611    0.298849    
2.414690    3.508991    3.342543    3.975457    0.616234    0.518165    0.370048    0.204392    
1.671248    3.294300    3.114628    3.360946    4.055448    0.659186    0.511791    0.436545    0.331642    0.156271    
1.639356    3.204106    3.136855    3.342630    3.902363    5.160965    0.650379    0.512626    0.445133    0.350169    0.227685    0.066337    
1.631776    3.189595    3.124587    3.327015    3.913853    5.085351    6.209601    0.649898    0.510283    0.443809    0.346025    0.216895    0.040788    1.556033    
1.611734    3.061778    3.062574    3.255326    3.898611    4.867882    5.983108    5.757713    0.644089    0.498466    0.442989    0.351645    0.226324    0.008798    1.493175    1.536781    
1.475317    2.812027    2.783660    2.798885    3.033535    3.567410    5.889747    4.658368    5.409260    0.632990    0.475478    0.412716    0.340450    0.246945    0.139743    1.570676    1.529359    1.561532    
1.425979    2.667223    2.671899    2.714083    3.069945    3.754608    6.252465    4.592969    5.606382    3.998595    0.624023    0.463979    0.403185    0.352934    0.276521    0.167917    1.570796    1.502859    1.541603    1.565686    
