 7    -4.168259    4.508309    0.274128
-0.022632  1.838848  2.505268  0.975403  1.654330  -1.869582  -0.764621  -0.785072  0.028540  -0.021013  -0.984052  -1.679671  -0.721709  0.394450  -1.455288  0.784736  0.940057  2.082766  1.098766  0.717849  0.395293  
0.502253  -0.045552  -0.227512  -0.299365  -0.182380  0.073136  0.446970  
 1    -2.098433    0.207157      0.238554
 2    -3.806975    0.533353      0.041639
 3    -4.001247    0.653019      0.019249
 4    -4.045844    0.723532      0.014109
 5    -4.097162    0.875629      0.008194
 6    -4.130119    0.950797      0.004396
 7    -4.151058    0.971953      0.001982
 8    -4.159969    0.977957      0.000956
 9    -4.161795    0.982626      0.000745
10    -4.164710    0.993990      0.000409
6.219845    0.735904    
5.186400    5.746434    0.705040    0.351615    
3.655841    4.434216    5.153322    0.611725    0.471377    0.224269    
2.975193    4.092842    4.453529    5.077639    0.593749    0.479880    0.330897    0.124772    
3.379818    4.130758    4.476741    5.225513    6.283185    0.600325    0.471137    0.329212    0.205272    0.101524    
3.195568    3.990873    4.280074    4.995780    6.105341    6.062528    0.587658    0.463664    0.336141    0.230505    0.181354    0.085229    
2.449951    3.894008    4.108563    4.600780    5.575848    5.972466    6.283185    0.586096    0.484228    0.368613    0.263771    0.194916    0.164835    0.071948    
1.931789    3.621095    3.857318    4.178453    4.976623    5.717994    5.882496    6.237205    0.618386    0.486005    0.407694    0.310234    0.228673    0.182922    0.141694    0.061369    
1.783502    3.420512    3.789190    4.022054    4.620054    5.451012    5.843025    6.157582    6.283185    0.629603    0.493762    0.425248    0.339684    0.259181    0.198379    0.158683    0.103343    0.035903    
2.079094    3.594599    3.873181    4.124761    4.667422    5.276326    5.841022    6.283185    6.283185    6.283185    0.612839    0.493620    0.418162    0.336202    0.272223    0.219286    0.158591    0.105153    0.077964    0.040983    
