 7    -2.677678    3.908884    0.222860
0.277660  1.805239  -0.840097  -0.895218  0.561813  -0.478703  0.312600  -1.203183  -1.609399  -0.798519  -0.206177  -0.118149  0.223079  0.612972  1.086046  0.936871  -0.778794  1.019699  0.968641  1.117000  -0.644645  
0.453536  0.089312  -0.289465  0.227054  -0.262884  0.249695  0.316119  
 1    -1.132946    0.250557      0.234528
 2    -2.361073    0.743289      0.048068
 3    -2.573148    0.866890      0.015870
 4    -2.623119    0.909886      0.008283
 5    -2.653892    0.976870      0.003611
 6    -2.668585    0.991358      0.001381
 7    -2.674918    0.997872      0.000419
 8    -2.676920    0.999606      0.000115
 9    -2.677562    0.999934      0.000018
10    -2.677619    0.999969      0.000009
3.027833    0.452890    
4.716430    5.704425    0.785193    0.423284    
3.215597    3.684740    4.688055    0.615483    0.525192    0.293954    
2.492817    3.531417    3.410585    4.137793    0.612980    0.501183    0.358219    0.187186    
2.808461    3.535307    3.502111    4.033765    5.904491    0.612607    0.499879    0.354704    0.270029    0.118527    
1.895451    3.378321    3.255149    3.584972    4.366088    5.526403    0.607600    0.508545    0.403060    0.320442    0.215929    0.105987    
1.685047    3.195305    2.997880    3.233504    3.821294    4.470875    5.049549    0.639344    0.487304    0.406563    0.343201    0.257660    0.173379    0.088107    
1.547453    3.009147    2.924165    3.063830    3.592913    4.147690    4.848116    5.345940    0.637341    0.484778    0.409761    0.356299    0.280051    0.198177    0.137374    0.044502    
1.368645    2.583787    2.781343    2.905248    3.277878    3.766819    4.302132    4.802703    5.598518    0.622907    0.470883    0.418024    0.373808    0.314594    0.241747    0.170610    0.110895    0.036590    
1.138652    2.330704    2.733594    2.856740    3.099391    3.521176    3.984472    4.525867    4.937918    5.398157    0.620383    0.494445    0.438535    0.391640    0.348540    0.286139    0.217109    0.152225    0.089401    0.031251    
