 7    -3.539284    3.564086    0.559354
0.865590  -0.505806  0.978056  0.089766  -0.313105  -0.997138  -0.062213  -0.719255  0.387988  0.285235  -2.107092  1.542011  -0.122495  -0.217374  1.046019  1.691346  1.035376  -0.154498  0.326185  -1.045922  -0.085956  
-0.149688  0.221108  -0.209543  0.183333  -0.847654  -0.156484  0.235123  
 1    -1.700937    0.293014      0.258799
 2    -2.863878    0.684519      0.095082
 3    -3.155760    0.747839      0.053992
 4    -3.414093    0.893718      0.017624
 5    -3.472256    0.954869      0.009436
 6    -3.498704    0.973049      0.005713
 7    -3.500939    0.973865      0.005398
 8    -3.511236    0.986096      0.003948
 9    -3.523064    0.993465      0.002283
10    -3.539019    0.999883      0.000037
4.869246    0.470928    
2.823087    3.527326    0.488633    0.430020    
2.452370    3.006363    4.039846    0.561476    0.442317    0.238714    
2.279360    2.796336    2.602011    4.264270    0.575799    0.466794    0.285110    0.240247    
1.779988    2.504257    2.550446    3.061251    3.204646    0.562016    0.446199    0.367145    0.211630    0.168114    
1.876651    2.464372    2.541407    3.247991    2.843410    6.283185    0.559527    0.452279    0.359314    0.227884    0.232086    0.091950    
1.808795    2.468676    2.560610    3.140966    2.918446    6.283185    4.444914    0.566315    0.452845    0.364172    0.243577    0.235495    0.086756    1.549905    
1.689747    2.486213    2.581856    3.092828    3.152457    6.283185    3.992075    6.283185    0.574774    0.454917    0.369657    0.246915    0.214885    0.056825    1.496840    1.505166    
1.521340    2.386052    2.514476    2.825355    3.236296    6.283185    4.346491    5.182873    4.277564    0.572256    0.445010    0.383785    0.262186    0.247907    0.081832    1.485986    1.512759    1.508171    
0.928256    1.814666    2.095035    2.303015    2.519336    2.813215    3.081655    3.333012    3.558697    3.549037    0.585768    0.441964    0.397053    0.356849    0.309563    0.250307    0.187579    0.128354    0.063001    0.037170    
