 7    -3.389663    3.317337    0.472683
-0.944526  -0.876067  0.826348  -0.320301  -1.080067  1.307439  -0.072256  1.633084  1.209046  -0.966583  -1.493422  -0.523997  0.003965  -0.293546  0.062105  -0.430417  0.109365  -0.063731  0.741933  -0.730128  -1.295282  
-0.195237  -0.318998  -0.145085  0.246948  0.200687  -0.188516  -0.598285  
 1    -1.246524    0.190244      0.319538
 2    -2.807923    0.725071      0.086736
 3    -3.205778    0.884455      0.027417
 4    -3.326253    0.958605      0.009454
 5    -3.367472    0.986270      0.003309
 6    -3.383327    0.996206      0.000945
 7    -3.387212    0.997550      0.000365
 8    -3.388496    0.999415      0.000174
 9    -3.389050    0.999721      0.000091
10    -3.389359    0.999860      0.000045
5.925663    0.819879    
4.126916    5.396382    0.706739    0.404639    
3.199704    4.038479    4.910083    0.632017    0.518726    0.278354    
2.519493    3.805819    3.724362    4.625407    0.633365    0.510129    0.377736    0.196608    
2.034587    3.414781    3.421573    3.766653    4.615894    0.624829    0.496687    0.415799    0.299559    0.135436    
1.680055    3.207203    3.231152    3.345259    3.895872    4.855611    0.631059    0.492809    0.421357    0.329969    0.227783    0.083575    
1.516132    2.878404    3.005782    3.070146    3.405523    3.993508    4.922746    0.625984    0.475505    0.414674    0.345403    0.266073    0.165493    0.056600    
1.426676    2.697286    2.883805    2.974052    3.233494    3.704366    4.302105    5.068782    0.621048    0.469757    0.413626    0.356346    0.288150    0.203379    0.106762    0.032419    
1.174437    2.366450    2.768159    2.903955    3.087998    3.441074    3.876797    4.518300    5.122611    0.612245    0.485754    0.428175    0.378681    0.330087    0.258691    0.178973    0.093339    0.030111    
1.240800    2.462183    2.812096    2.942837    3.150625    3.517555    3.913865    4.445112    4.961009    5.377790    0.616859    0.484139    0.432414    0.383166    0.336374    0.275171    0.204865    0.135154    0.071840    0.022721    
