 7    -3.004646    3.630537    0.106645
-1.450948  1.910953  0.711879  -0.247738  0.361466  -0.032950  -0.221347  0.477257  -0.691939  0.792006  0.073249  1.303286  0.213481  1.017349  1.911712  -0.529672  1.842135  -1.057235  -0.862916  0.237631  -1.154182  
0.379560  0.233802  -0.290991  0.060693  0.237645  0.258448  0.346176  
 1    -1.225461    0.111633      0.268144
 2    -2.546731    0.228382      0.069013
 3    -2.856585    0.205815      0.022314
 4    -2.903835    0.189897      0.015193
 5    -2.913677    0.172637      0.013710
 6    -2.939638    0.546799      0.009797
 7    -2.960389    0.741526      0.006670
 8    -2.968822    0.745626      0.005399
 9    -2.972436    0.812318      0.004854
10    -2.989365    0.936078      0.002303
3.255880    0.316170    
4.587259    5.813708    0.756320    0.390992    
3.117975    4.441715    5.145984    0.658028    0.567128    0.301641    
2.394717    3.871755    3.477020    4.202004    0.634231    0.500662    0.359409    0.204354    
1.815288    3.314775    3.201445    3.296962    4.120465    0.629799    0.474521    0.396602    0.297166    0.150650    
2.492063    3.976011    3.689389    4.213952    6.283185    6.283185    0.648100    0.509145    0.381039    0.078415    1.337295    1.431432    
2.330165    3.896013    4.010212    4.399536    6.283185    5.663488    5.609102    0.628178    0.529262    0.424329    0.065205    1.278555    1.286218    1.427511    
1.992207    3.781231    3.237737    3.965597    6.283185    4.738514    4.848012    5.463680    0.672172    0.491779    0.397627    0.275034    1.446799    1.269504    1.300270    1.429184    
2.125309    3.757403    3.149580    4.273115    6.283185    5.188860    5.078225    5.823200    6.283185    0.676854    0.467146    0.411136    0.252881    1.392012    1.250633    1.294502    1.504618    0.068114    
2.258131    3.898503    3.367197    4.284828    6.283185    5.130528    5.030123    5.442852    6.283185    6.283185    0.688172    0.492590    0.410520    0.254798    1.412856    1.256477    1.296316    1.528998    0.184657    0.110592    
