 7    -3.645600    4.224551    1.005757
1.228264  -0.961592  -1.375194  -0.666736  -0.408250  -0.159367  -1.010143  -0.272901  1.148510  0.304371  0.659412  1.625798  -1.085026  -0.277913  0.463255  -0.990108  0.434097  -0.866149  1.488676  -0.134554  0.149314  
0.163263  -0.121820  -0.971696  0.126605  0.156972  -0.144900  0.210999  
 1    -1.707346    0.299873      0.246279
 2    -3.104003    0.753173      0.068817
 3    -3.329356    0.899470      0.040183
 4    -3.491439    0.918506      0.019588
 5    -3.604449    0.983757      0.005229
 6    -3.637179    0.996520      0.001070
 7    -3.643989    0.999217      0.000205
 8    -3.644924    0.999722      0.000086
 9    -3.645284    0.999869      0.000040
10    -3.645470    0.999947      0.000017
5.143939    0.441461    
3.533082    4.060798    0.381890    0.466251    
2.533980    3.806942    3.098282    0.409403    0.368545    0.231436    
2.610040    3.415796    3.167429    4.944068    0.578110    0.456607    0.240338    0.255420    
2.161050    3.003427    3.084805    3.943426    3.476211    0.575174    0.448688    0.336678    0.202699    0.188287    
1.577458    2.862462    2.939433    3.198498    3.723947    3.623976    0.576556    0.441505    0.376464    0.283979    0.171615    0.132367    
1.400985    2.500217    2.736511    2.983274    3.169008    3.889944    3.619665    0.588884    0.419183    0.371780    0.323085    0.248083    0.137092    0.097628    
1.305671    2.436985    2.707652    2.947705    3.179786    3.598555    3.825565    4.139369    0.582907    0.430728    0.384198    0.331877    0.268967    0.196593    0.102054    0.057615    
1.107667    2.137517    2.550624    2.825412    3.064166    3.412810    3.764878    3.887416    4.434939    0.566140    0.425562    0.386530    0.344777    0.296647    0.221203    0.163144    0.069852    0.041458    
0.856213    1.928096    2.344818    2.676672    2.916917    3.180760    3.518550    3.823589    3.950431    4.430577    0.592779    0.457216    0.399459    0.363731    0.326037    0.278636    0.204922    0.155867    0.059156    0.043368    
