 7    -4.117563    4.114811    0.792511
0.779165  0.433715  -0.868448  0.416689  -0.606075  0.537735  -1.068886  0.371192  -1.583441  0.551922  -1.085115  0.775944  0.416375  0.780529  0.033247  1.286144  2.901189  0.521076  1.021167  -0.454762  -1.219863  
-0.247092  0.229661  0.168637  -0.261649  0.143783  0.611326  0.176084  
 1    -0.717924    0.083684      0.412960
 2    -3.345869    0.721683      0.093739
 3    -3.835570    0.869534      0.034254
 4    -4.025205    0.958226      0.011219
 5    -4.077596    0.982006      0.004855
 6    -4.101226    0.994882      0.001984
 7    -4.109829    0.996801      0.000939
 8    -4.115998    0.999445      0.000190
 9    -4.117121    0.999819      0.000054
10    -4.117220    0.999862      0.000042
2.627688    0.196631    
3.783353    5.222417    0.646022    0.387532    
3.093011    3.966108    4.907276    0.612815    0.483174    0.266364    
2.443129    3.725934    3.607468    4.465580    0.614720    0.490850    0.342667    0.203193    
1.781001    3.311492    3.386696    3.645336    4.268360    0.624285    0.483911    0.413068    0.281260    0.144471    
1.700569    3.159494    3.177349    3.241440    3.690336    4.336005    0.649417    0.479657    0.405435    0.320076    0.210797    0.086546    
1.613169    3.000396    3.133049    3.236681    3.552645    4.122598    5.047319    0.627338    0.487465    0.420656    0.340366    0.260852    0.152676    0.056907    
1.474972    2.788190    2.873323    3.004094    3.250973    3.705325    4.163460    4.753461    0.623953    0.467950    0.412483    0.355976    0.292660    0.221312    0.124539    0.056755    
1.115815    2.242299    2.662783    2.821975    3.008258    3.325423    3.693852    4.166990    4.481697    0.598285    0.468044    0.421089    0.376298    0.333243    0.271333    0.201617    0.112647    0.046157    
0.961561    2.062181    2.551463    2.736616    2.912307    3.157222    3.458784    3.716807    3.865188    3.665434    0.595831    0.478517    0.424217    0.383458    0.344467    0.291316    0.225002    0.143358    0.070786    0.026538    
