 7    -4.467485    3.206108    1.300115
-0.217286  -0.915852  1.062431  0.444871  -0.375857  -1.325971  -0.652894  -0.842896  -0.447425  1.539325  0.027425  -0.777571  -1.614024  0.688196  -0.014051  0.026840  0.549220  0.855711  0.291851  -0.626174  -2.124388  
0.964699  -0.116638  -0.161250  -0.218371  -0.198211  0.242062  0.277643  
 1    -1.622735    0.184554      0.370719
 2    -3.572484    0.755628      0.116634
 3    -4.068969    0.881741      0.051933
 4    -4.334964    0.956747      0.017270
 5    -4.415523    0.983302      0.006772
 6    -4.451736    0.994837      0.002052
 7    -4.459000    0.997026      0.001106
 8    -4.465962    0.999567      0.000198
 9    -4.467083    0.999880      0.000052
10    -4.467281    0.999934      0.000027
6.116289    0.389429    
3.325644    4.110888    0.585176    0.399988    
2.757496    3.350360    3.757833    0.589646    0.436551    0.247746    
2.337389    3.350221    3.226039    4.007554    0.638688    0.501649    0.328391    0.206079    
1.807765    2.842599    2.909722    3.288761    3.603394    0.610917    0.473446    0.404041    0.258237    0.147378    
1.512276    2.773653    2.732650    2.814145    3.216150    3.695949    0.641660    0.479809    0.399642    0.322744    0.204267    0.103362    
1.384653    2.441818    2.529958    2.643606    2.860745    3.398337    3.625336    0.620674    0.458255    0.398863    0.335842    0.263816    0.155825    0.065423    
1.378473    2.485723    2.504422    2.630554    2.866646    3.332426    3.624182    4.317367    0.627035    0.457913    0.400308    0.344766    0.275089    0.205879    0.103851    0.051239    
1.074625    2.052327    2.356508    2.512179    2.688275    3.016020    3.350494    3.758163    4.040599    0.597117    0.456069    0.412082    0.365673    0.316874    0.246716    0.180740    0.088976    0.042174    
0.785190    1.729829    2.141143    2.358339    2.542509    2.767544    3.076386    3.363364    3.755922    3.858745    0.590757    0.472694    0.415750    0.382501    0.344981    0.293389    0.227334    0.158285    0.077241    0.034461    
