 7    -4.345394    4.175256    1.187089
-1.105140  -1.607770  -1.264305  -0.061869  -0.944557  -1.679209  -0.822992  -0.049193  -0.700455  0.428230  -1.542561  0.340174  1.443574  -0.181025  0.498420  0.636785  -0.874873  -0.610991  0.944186  0.764858  0.946040  
0.302769  0.165739  0.167041  0.723779  -0.176064  0.118722  0.286170  
 1    -1.101098    0.115921      0.380757
 2    -3.542487    0.730528      0.094231
 3    -3.923652    0.854080      0.049496
 4    -4.189869    0.940380      0.018253
 5    -4.288182    0.973211      0.006715
 6    -4.322612    0.986191      0.002674
 7    -4.334458    0.994686      0.001283
 8    -4.343777    0.999330      0.000190
 9    -4.344786    0.999762      0.000071
10    -4.345097    0.999911      0.000035
2.579565    0.754302    
3.431335    3.725711    0.529764    0.381278    
2.658046    3.322885    3.337241    0.540372    0.394866    0.217967    
2.544040    3.316107    3.276427    4.050364    0.620504    0.477970    0.282659    0.193426    
2.080571    2.805770    2.846421    3.413660    3.391900    0.583567    0.445806    0.364341    0.219788    0.144491    
1.497587    2.782610    2.775835    2.897128    3.313693    3.650174    0.628600    0.461164    0.387913    0.310900    0.183206    0.104732    
1.533387    2.602699    2.728195    2.910136    3.174415    3.599419    4.091257    0.606410    0.459868    0.392513    0.313656    0.245069    0.126458    0.060335    
1.356349    2.468703    2.581853    2.760662    3.034390    3.496198    3.691885    4.261947    0.616517    0.447258    0.395644    0.339512    0.260289    0.200642    0.090455    0.056879    
1.164154    2.151733    2.451009    2.652099    2.872509    3.245242    3.577398    3.900097    4.090971    0.595585    0.448489    0.402838    0.354567    0.300857    0.226723    0.160123    0.075456    0.040035    
1.093787    2.029001    2.352434    2.570817    2.800761    3.128435    3.436131    3.800340    3.929686    4.209304    0.585945    0.441062    0.400857    0.359743    0.311788    0.247251    0.179660    0.109716    0.054145    0.020033    
