 7    -3.128989    4.152535    0.254846
1.348629  1.991068  1.393069  -0.686884  -0.095791  -0.756370  0.561199  0.751012  -1.191746  -1.487929  -0.625148  0.282211  -1.079033  -0.515311  0.327559  0.879111  0.555377  0.181936  0.944846  -1.306168  0.341810  
-0.375971  -0.100797  0.148086  0.220047  -0.155757  -0.839373  -0.153725  
 1    -1.111018    0.236377      0.277136
 2    -2.306934    0.624502      0.112896
 3    -2.748704    0.656312      0.052226
 4    -2.750120    0.657061      0.052032
 5    -3.014279    0.913459      0.015754
 6    -3.014279    0.913376      0.015754
 7    -3.090653    0.972514      0.005265
 8    -3.114705    0.980442      0.001962
 9    -3.126787    0.997927      0.000302
10    -3.126790    0.997944      0.000302
5.053356    0.421519    
3.038848    4.026199    0.497203    0.449468    
3.039178    3.423960    5.690263    0.580090    0.507713    0.270536    
3.045751    3.419288    5.567982    6.283185    0.583636    0.499855    0.272354    0.014123    
2.140139    3.179991    3.192267    3.638401    4.851123    0.602043    0.469417    0.354561    0.267056    0.143404    
2.141087    3.180175    3.192507    3.639109    4.620390    0.232465    0.602060    0.469436    0.354473    0.267116    1.570796    0.143346    
1.914241    3.005585    2.934522    3.968864    1.890323    0.993094    5.591301    0.561077    0.440777    0.369856    0.364602    1.177408    0.463468    0.118732    
1.475753    2.894173    2.899092    3.085691    2.072271    1.509396    3.496091    5.477368    0.620728    0.470209    0.402326    0.311845    1.570796    0.227110    0.163968    0.097715    
1.285972    2.489206    2.663889    2.875010    3.138942    3.489275    3.916956    3.931260    4.854076    0.611351    0.462342    0.405152    0.344866    0.276403    0.216633    0.138985    0.085173    0.037881    
1.273913    2.468855    2.655425    2.865805    3.125304    0.001683    3.486566    3.894519    3.957428    4.760387    0.610077    0.461608    0.404966    0.345449    1.165047    0.683161    0.216919    0.140930    0.085006    0.038394    
