 7    -3.499455    3.131583    0.339769
0.127319  -0.882520  0.047507  0.623834  -1.852717  -1.683985  -0.291250  -0.089777  -0.375991  -0.228138  -0.523171  0.493229  0.219159  -0.422662  0.446305  0.129420  -0.183992  0.532464  1.174072  1.075326  -0.561457  
0.449476  0.022721  0.157935  -0.099184  -0.472614  0.211319  0.262038  
 1    -1.841094    0.232599      0.250091
 2    -2.961323    0.457727      0.081154
 3    -3.210795    0.553267      0.043532
 4    -3.323910    0.634477      0.026473
 5    -3.368562    0.665091      0.019739
 6    -3.386883    0.692722      0.016977
 7    -3.407361    0.750674      0.013888
 8    -3.426504    0.829058      0.011001
 9    -3.443215    0.864743      0.008481
10    -3.464606    0.931130      0.005255
5.601932    0.528573    
4.625508    5.396167    0.632923    0.347484    
3.539381    4.515478    5.067052    0.594017    0.437528    0.214556    
3.264019    4.470663    4.718254    5.652539    0.626120    0.474552    0.319048    0.142148    
2.438600    3.847867    4.188201    4.766149    5.426286    0.586984    0.466095    0.385944    0.244046    0.105967    
2.063631    3.780449    3.964080    4.278487    4.921849    5.660385    0.629582    0.471417    0.398726    0.304324    0.184593    0.077299    
2.203992    3.824922    4.075849    4.457173    5.076700    5.715326    6.283185    0.617878    0.482173    0.406677    0.302762    0.220095    0.132508    0.066567    
2.434303    4.110825    4.333637    4.851255    5.497197    6.283185    6.283185    6.283185    0.607970    0.486147    0.397867    0.289549    0.198699    0.159233    0.124095    0.072488    
2.128647    3.889459    4.232027    4.675806    5.301832    5.892992    6.283185    6.283185    6.099327    0.635432    0.487730    0.416175    0.312101    0.227566    0.172285    0.160705    0.116826    0.068111    
2.281852    3.898090    4.115434    4.641239    5.447615    6.283185    6.283185    6.283185    5.973737    6.274426    0.601969    0.472991    0.400044    0.287333    0.194167    0.153099    0.150453    0.145064    0.108840    0.068751    
