 7    -4.057128    3.373742    0.304050
0.659883  0.275174  0.023310  -0.031400  -0.488760  1.769949  -1.057899  0.536744  0.252211  -0.359362  -1.231819  -1.621168  -1.835555  -0.398626  -1.042137  -1.006256  -0.611754  -0.682057  2.505280  1.717893  -0.361545  
0.269313  -0.246823  -0.193866  -0.136400  0.450072  -0.262506  -0.282107  
 1    -2.169975    0.367507      0.253961
 2    -3.386197    0.742480      0.090290
 3    -3.831755    0.905224      0.030329
 4    -3.976866    0.961975      0.010801
 5    -4.028283    0.984502      0.003882
 6    -4.047796    0.994942      0.001256
 7    -4.051660    0.996967      0.000736
 8    -4.055201    0.999419      0.000259
 9    -4.056371    0.999737      0.000102
10    -4.056735    0.999822      0.000053
5.897018    0.599729    
4.129243    5.381531    0.717854    0.389967    
3.233092    3.893464    4.715074    0.639560    0.494986    0.271684    
2.499988    3.725387    3.659271    4.367877    0.640068    0.508313    0.363758    0.193778    
1.944721    3.370464    3.391518    3.680999    4.345107    0.645274    0.501351    0.423858    0.297838    0.136017    
1.738186    3.157377    3.165917    3.231804    3.723267    4.481533    0.655235    0.490764    0.420694    0.333052    0.224077    0.084598    
1.586428    2.802430    2.997168    3.081901    3.366193    3.965059    4.604358    0.637314    0.478787    0.424047    0.354858    0.274802    0.162710    0.052542    
1.548633    2.743937    2.869762    2.974318    3.260161    3.750809    4.332177    5.120253    0.632344    0.469973    0.416842    0.360490    0.293571    0.209665    0.114491    0.040928    
1.240166    2.386757    2.737145    2.838071    3.030268    3.395134    3.832915    4.437692    4.936589    0.623610    0.487441    0.427675    0.379361    0.335439    0.267664    0.192211    0.103695    0.036356    
1.010971    2.110487    2.526267    2.763029    2.901728    3.140563    3.470772    3.915445    4.445116    4.875139    0.638083    0.509591    0.452569    0.403014    0.367184    0.322879    0.258396    0.182228    0.096352    0.031771    
