 7    -4.810560    5.022038    1.147391
1.736738  1.897914  -2.106773  -0.148912  0.583062  -2.259233  0.137240  -0.701213  -0.620780  -0.479620  1.209739  -1.075184  0.806919  -0.290783  -0.220948  -0.169156  1.100834  0.082511  -0.004376  -1.722558  1.057556  
0.405731  -0.120920  -0.170193  0.200135  0.156999  -0.651932  0.172336  
 1    -1.557392    0.179387      0.330855
 2    -3.859045    0.710817      0.096771
 3    -4.357239    0.854722      0.046104
 4    -4.640164    0.943890      0.017330
 5    -4.738709    0.974847      0.007307
 6    -4.783657    0.990143      0.002736
 7    -4.799596    0.996779      0.001115
 8    -4.808708    0.999318      0.000188
 9    -4.809512    0.999543      0.000107
10    -4.809981    0.999813      0.000059
2.748316    0.566997    
3.837676    4.488213    0.574350    0.367843    
3.042266    3.887580    4.124797    0.579645    0.430612    0.234383    
2.629244    3.849734    3.817931    4.475853    0.631828    0.492085    0.329316    0.181677    
2.092397    3.351169    3.405497    3.852948    4.182761    0.606714    0.471305    0.391345    0.252272    0.124512    
1.810388    3.206663    3.205302    3.336653    3.776810    4.356702    0.630928    0.472962    0.392462    0.308249    0.195225    0.088223    
1.646778    3.022319    3.141306    3.269814    3.620494    4.171646    4.806841    0.613289    0.475836    0.407155    0.322653    0.244582    0.137205    0.052247    
1.486636    2.748617    2.878123    3.030312    3.298196    3.803559    4.210810    4.776413    0.617208    0.454175    0.399906    0.344678    0.274580    0.202395    0.106767    0.046831    
1.142570    2.192279    2.660023    2.871340    3.082167    3.432671    3.845647    4.260667    4.556449    0.579112    0.448523    0.407588    0.363803    0.315289    0.244685    0.172571    0.088456    0.036750    
1.229475    2.373455    2.765717    2.956963    3.178672    3.567329    3.937130    4.539253    4.605258    6.214085    0.595783    0.459490    0.413640    0.366711    0.314415    0.245918    0.177414    0.099676    0.047215    0.014068    
