 7    -3.373116    3.266223    0.633357
1.852027  1.201873  -0.549276  0.219038  -0.016983  0.671893  0.333167  -1.771524  1.975094  0.418604  -0.558470  0.925971  -0.505698  -0.325270  -1.075545  0.446122  -0.836724  0.162329  0.281473  0.505949  -0.553527  
-0.196592  0.189569  0.852361  0.165392  -0.202739  0.125923  0.200397  
 1    -1.916851    0.334070      0.219339
 2    -2.677748    0.658590      0.104734
 3    -2.986406    0.729877      0.058245
 4    -3.029925    0.757848      0.051690
 5    -3.120719    0.869087      0.038015
 6    -3.147541    0.903023      0.033976
 7    -3.151294    0.905476      0.033410
 8    -3.156212    0.913649      0.032670
 9    -3.163961    0.907309      0.031502
10    -3.179355    0.922153      0.029184
4.853650    0.578115    
3.139350    3.362242    0.436331    0.430260    
3.285053    3.160600    6.283185    0.587059    0.509496    0.267086    
3.090559    3.217430    6.283185    4.669818    0.580449    0.516472    0.267448    1.507122    
3.122541    3.183130    6.283185    6.001716    1.000477    0.600615    0.518506    0.362320    1.149556    0.418024    
3.099628    3.188150    6.283185    5.718889    1.341451    3.484940    0.595460    0.515825    0.352434    1.240352    0.326728    1.509757    
3.095263    3.175590    6.283185    5.701071    1.260215    3.316186    5.982730    0.595005    0.516105    0.343398    1.262784    0.290229    1.500590    1.540186    
3.158496    3.146560    6.283185    5.588848    1.431125    4.148948    4.877884    3.575255    0.598456    0.521551    0.351222    1.253954    0.299765    1.462035    1.567640    1.514761    
3.031101    3.176755    6.283185    5.444617    1.598605    4.743670    5.703104    4.335149    6.198857    0.584029    0.522806    0.345942    1.271975    0.258992    1.476750    1.570796    1.570796    0.058599    
2.954125    3.180574    6.283185    5.349019    1.914279    4.577608    6.283185    3.722468    5.655933    6.283185    0.591626    0.530418    0.359648    1.302298    0.203343    1.433963    1.547519    1.570796    0.113765    0.073156    
