 7    -2.880991    2.040925    0.287152
-0.804458  0.320932  -0.025483  0.644324  -0.300797  0.389475  -0.107437  -0.479983  0.595036  -0.464668  0.667281  -0.806116  -1.196070  -0.405960  -0.182377  0.103193  -0.138422  0.705692  1.271795  -0.986747  -0.334835  
-0.270900  -0.220971  0.144822  -0.568629  0.204744  -0.150971  0.315618  
 1    -1.425076    0.351020      0.295802
 2    -2.404068    0.751917      0.096898
 3    -2.692566    0.869333      0.038283
 4    -2.823884    0.948020      0.011603
 5    -2.860416    0.979876      0.004180
 6    -2.875442    0.995190      0.001127
 7    -2.878203    0.997209      0.000566
 8    -2.880552    0.999834      0.000089
 9    -2.880857    0.999950      0.000027
10    -2.880860    0.999950      0.000027
5.434758    0.511553    
3.690800    4.699327    0.631863    0.394062    
3.127160    3.613755    4.560754    0.606595    0.465744    0.244270    
2.592410    3.501989    3.326126    4.512285    0.627943    0.483370    0.336803    0.209433    
1.848475    3.004644    3.166004    3.402832    4.087870    0.612194    0.473452    0.412386    0.274494    0.159687    
1.597252    2.927768    2.935937    3.001675    3.450695    4.027624    0.637742    0.474624    0.401187    0.324386    0.212726    0.100993    
1.480108    2.569641    2.711460    2.829377    3.092590    3.632029    4.037754    0.623058    0.451690    0.397749    0.340527    0.266302    0.160830    0.060269    
1.462617    2.584771    2.697160    2.849560    3.152669    3.648713    4.019817    4.859330    0.619895    0.453511    0.401852    0.349860    0.277783    0.200188    0.097748    0.041696    
1.086826    2.049763    2.511081    2.706799    2.919992    3.279500    3.693272    4.116864    4.598218    0.580349    0.455228    0.413461    0.372714    0.324809    0.251636    0.177792    0.085305    0.037101    
1.079864    2.036585    2.502374    2.698676    2.911570    3.261309    3.671232    4.048786    4.471301    2.606172    0.579278    0.455168    0.413317    0.373111    0.325983    0.253874    0.180149    0.089392    0.037917    0.004080    
