 7    -3.494307    4.207301    0.044393
-0.643717  -1.251820  -0.563915  0.331439  1.203907  0.410914  1.678242  -1.025964  -0.021762  0.530480  0.576005  -1.554301  0.135096  -0.623157  1.427615  -2.456159  -1.629362  1.660334  -0.304425  -0.554435  -0.470783  
-0.197003  -0.013624  -0.242428  -0.208777  -0.678045  -0.111356  0.230202  
 1    -1.948492    0.180623      0.200713
 2    -3.040242    0.408070      0.058957
 3    -3.236239    0.473963      0.033508
 4    -3.417129    0.557861      0.010021
 5    -3.455150    0.574071      0.005084
 6    -3.469401    0.590697      0.003234
 7    -3.475632    0.613515      0.002425
 8    -3.477215    0.622633      0.002219
 9    -3.477693    0.635783      0.002157
10    -3.479770    0.719929      0.001888
4.165023    0.621281    
3.729453    4.132880    0.545304    0.339051    
2.725588    3.831492    4.465194    0.548643    0.418255    0.195887    
2.714556    3.704117    3.894435    4.772759    0.595125    0.462516    0.280380    0.177295    
1.842169    3.208560    3.518493    4.045993    4.365569    0.564297    0.452319    0.376692    0.228826    0.118554    
1.588779    3.068662    3.274360    3.543230    4.078282    4.512628    0.621378    0.441976    0.381300    0.302474    0.171615    0.084981    
1.519537    3.008593    3.286056    3.641072    4.168965    4.415680    5.402856    0.595252    0.463686    0.397022    0.306130    0.224058    0.114059    0.051330    
1.300338    2.668411    3.131863    3.460276    3.847052    4.381123    4.724707    5.241602    0.605418    0.468956    0.410248    0.347289    0.262740    0.181812    0.087911    0.037793    
1.207926    2.559148    3.069275    3.418584    3.781414    4.209725    4.777274    4.950509    5.453256    0.604905    0.479683    0.422901    0.363524    0.295245    0.217360    0.134945    0.065892    0.025416    
1.550901    3.156117    3.469087    3.897823    4.559934    4.961071    5.603915    6.283185    4.945643    6.283185    0.613887    0.473399    0.412198    0.321023    0.237870    0.147878    0.120701    0.078770    0.065893    0.047304    
