 7    -3.706048    4.074795    0.937815
-1.130571  0.696200  -0.432293  0.741020  -0.478137  1.386040  0.125180  1.148860  -2.350259  0.183293  -0.311386  -0.294066  0.400061  1.005500  0.501643  -0.000668  1.303972  1.073324  -0.515345  1.662900  0.551817  
-0.280941  -0.282919  0.236004  0.195835  -0.294754  -0.243428  0.301916  
 1    -1.599347    0.283774      0.270755
 2    -3.159005    0.828018      0.070306
 3    -3.586587    0.961628      0.015353
 4    -3.677140    0.988748      0.003715
 5    -3.698827    0.996373      0.000928
 6    -3.704966    0.999649      0.000139
 7    -3.705042    0.999647      0.000129
 8    -3.705286    0.999741      0.000098
 9    -3.705644    0.999847      0.000052
10    -3.705837    0.999926      0.000027
5.476521    0.343982    
4.623648    5.832483    0.784595    0.425600    
3.545049    3.876593    4.715214    0.650200    0.520076    0.303775    
2.430691    3.798686    3.530218    4.170612    0.628191    0.530115    0.378661    0.211499    
1.838095    3.513580    3.279736    3.524380    4.232023    0.669872    0.513709    0.435375    0.331093    0.155366    
1.759064    3.397782    3.321300    3.502033    4.079985    5.368904    0.657303    0.518151    0.448459    0.356483    0.238949    0.076250    
1.743149    3.354784    3.290521    3.469070    4.074091    5.311853    6.205989    0.654777    0.512798    0.445951    0.351887    0.227392    0.048716    1.555727    
1.722160    3.213954    3.202130    3.378618    3.989426    5.068901    5.854931    5.759831    0.650345    0.499821    0.443549    0.359484    0.243724    0.021566    1.483317    1.527464    
1.490301    2.715214    2.855684    2.900162    3.150192    3.609453    5.526009    4.858809    5.589632    0.621373    0.465445    0.416063    0.358932    0.272406    0.168427    1.570796    1.491456    1.536536    
1.478818    2.564927    2.574272    2.784744    3.163926    3.787716    5.869030    4.294007    4.579421    4.675758    0.612070    0.431679    0.393033    0.369025    0.301728    0.200405    1.570796    1.461549    1.488979    1.535469    
