 7    -4.705529    4.399248    0.876111
0.158384  -2.469081  -1.367974  0.135415  1.363801  -0.059990  -0.573970  0.521582  -0.633190  -0.989024  -1.811767  -0.207563  0.278757  1.736000  1.327823  -0.349844  0.156643  -2.476514  0.480148  -0.972058  1.202101  
-0.476532  -0.078969  -0.269247  -0.264952  -0.210267  0.253834  -0.313361  
 1    -1.888858    0.236730      0.309362
 2    -4.077147    0.724129      0.069017
 3    -4.475213    0.848851      0.025296
 4    -4.573108    0.892398      0.014544
 5    -4.640921    0.968567      0.007096
 6    -4.680209    0.987725      0.002781
 7    -4.697722    0.996851      0.000857
 8    -4.703718    0.999430      0.000199
 9    -4.705100    0.999860      0.000047
10    -4.705272    0.999930      0.000028
3.527041    0.362684    
4.736462    5.730586    0.772663    0.417581    
3.299680    4.039229    4.804249    0.640062    0.529531    0.282707    
2.595779    3.718039    3.646953    4.314756    0.622396    0.506281    0.364016    0.178195    
2.902936    3.676517    3.673609    4.329957    6.124245    0.615635    0.493301    0.358155    0.260031    0.118610    
2.088164    3.623371    3.449976    3.794182    4.736119    5.702403    0.623276    0.512710    0.395689    0.310213    0.209428    0.108948    
1.823614    3.384615    3.183512    3.468743    4.157901    4.943897    5.170446    0.631364    0.492763    0.403831    0.332307    0.244943    0.173289    0.084043    
1.624521    3.175458    3.075415    3.219435    3.788304    4.425291    4.998943    5.453241    0.641757    0.488233    0.410500    0.348766    0.271697    0.194145    0.144583    0.050858    
1.416335    2.664536    2.885976    3.026563    3.414776    3.977117    4.520342    4.866936    5.555593    0.619864    0.466890    0.418024    0.368887    0.307182    0.234285    0.169326    0.116011    0.040723    
1.342391    2.653972    2.938160    3.037354    3.352862    3.854561    4.369755    4.836935    5.404728    5.659392    0.628094    0.489067    0.432649    0.381217    0.328932    0.262116    0.195442    0.138889    0.076487    0.023426    
