 7    -3.351198    2.780391    1.276090
-0.923498  -0.196534  0.260503  -0.102614  -0.289689  0.713549  1.119250  -0.355867  -0.124338  0.141519  0.018409  -0.366028  0.248184  -0.044728  -1.645756  0.499089  0.988699  -0.835499  -1.171304  0.700343  -0.401667  
-0.270881  -0.206071  0.206551  0.173406  -0.664709  -0.148968  0.236278  
 1    -1.532758    0.272187      0.296569
 2    -2.716330    0.776414      0.103541
 3    -3.049533    0.899671      0.049199
 4    -3.250687    0.964350      0.016392
 5    -3.321658    0.989261      0.004818
 6    -3.345132    0.997467      0.000989
 7    -3.349128    0.998801      0.000338
 8    -3.350478    0.999699      0.000117
 9    -3.350976    0.999904      0.000036
10    -3.351047    0.999933      0.000025
6.088948    0.450257    
3.590549    3.973694    0.549152    0.374771    
2.828237    3.513944    3.517756    0.573959    0.405656    0.231342    
2.575846    3.507100    3.490038    4.060794    0.651675    0.495194    0.310638    0.196000    
2.114566    2.903058    2.954757    3.479937    3.546218    0.604112    0.458219    0.380286    0.239922    0.145333    
1.542008    2.839919    2.832637    2.914909    3.364195    3.731970    0.629787    0.474023    0.397543    0.317286    0.200662    0.105272    
1.389282    2.389790    2.494611    2.659021    2.870597    3.429683    3.556437    0.615359    0.433163    0.387233    0.338219    0.268274    0.160992    0.078545    
1.408761    2.501304    2.575856    2.723890    2.974682    3.450537    3.721669    4.505033    0.619966    0.447389    0.397466    0.344816    0.275393    0.201490    0.099026    0.042946    
1.092800    2.063673    2.433574    2.614736    2.810628    3.154797    3.516737    3.892501    4.295344    0.590602    0.450661    0.409566    0.366783    0.319470    0.246814    0.180484    0.083786    0.040321    
0.998884    1.958197    2.339513    2.510203    2.692014    2.950193    3.245688    3.366007    3.697171    3.536993    0.587716    0.455232    0.406282    0.367439    0.326851    0.264118    0.197401    0.121036    0.056779    0.026797    
