 7    -2.443713    3.532421    0.272687
-0.659308  -0.719588  -0.144427  -0.408353  0.227388  0.597708  -0.412917  -0.404949  0.066307  0.000811  -0.183957  1.244675  0.437136  -1.128792  -0.263570  0.076330  -1.121988  -0.142288  0.212140  -1.121190  1.833720  
0.344199  0.239510  0.271573  0.019768  -0.239769  0.269060  -0.363504  
 1    -1.308505    0.200305      0.189957
 2    -2.078326    0.512119      0.061141
 3    -2.296582    0.590443      0.024620
 4    -2.328554    0.609319      0.019270
 5    -2.341071    0.631043      0.017175
 6    -2.356060    0.706651      0.014667
 7    -2.388034    0.875685      0.009317
 8    -2.406131    0.890047      0.006289
 9    -2.421450    0.941889      0.003725
10    -2.434408    0.986697      0.001557
5.126241    0.341666    
4.866952    6.001056    0.749892    0.392712    
3.039600    4.587380    5.407037    0.633060    0.582994    0.311772    
2.399101    3.946105    3.408102    4.430370    0.627473    0.481840    0.360418    0.214023    
2.222861    3.798621    3.345819    3.592691    4.916010    0.650615    0.495544    0.368320    0.307617    0.131432    
2.240070    4.072064    3.701079    3.679770    5.157237    6.283185    0.629575    0.518841    0.349963    0.290326    0.220458    0.135320    
3.190835    4.181069    4.506802    6.283185    6.283185    5.467123    6.251422    0.613781    0.519982    0.315721    0.008206    0.095448    0.286013    0.170285    
2.215946    4.041260    3.725124    4.037078    6.283185    6.283185    5.249043    5.860163    0.624704    0.517476    0.373374    0.196116    0.067315    0.183855    0.246860    0.151392    
2.282175    3.986117    3.926913    4.504223    6.283185    6.283185    5.353343    5.296651    5.691956    0.656814    0.517593    0.412560    0.254291    0.000000    0.051129    0.230094    0.251874    0.126887    
2.244620    3.793805    3.379474    4.252943    6.283185    6.283185    6.283185    6.283185    5.377051    5.507037    0.615208    0.471808    0.377109    0.250610    0.016238    0.000000    0.113627    0.213369    0.219192    0.125999    
