 7    -3.909987    3.304933    0.085159
1.415251  0.219463  -0.718165  -0.944054  -0.116164  0.462922  0.910378  -0.360768  -0.283324  0.908532  -2.179756  0.817572  -0.543350  -0.058177  -0.193823  -1.548497  1.024911  -1.174386  1.714655  -0.665776  -0.677361  
0.110997  -0.105859  -0.998720  -0.134138  -0.169457  0.162104  -0.218441  
 1    -1.962544    0.230097      0.269919
 2    -2.930322    0.217072      0.135783
 3    -3.153527    0.203465      0.104847
 4    -3.402774    0.728575      0.070301
 5    -3.561033    0.827852      0.048366
 6    -3.673808    0.922542      0.032735
 7    -3.798536    0.959209      0.015447
 8    -3.800534    0.959160      0.015170
 9    -3.860910    0.978246      0.006802
10    -3.864262    0.979262      0.006337
5.388840    0.972792    
2.628961    4.699979    0.320462    0.591387    
2.975620    3.741327    6.013626    0.524390    0.491815    0.259422    
2.536452    3.449149    6.283185    2.464457    0.279406    0.570330    0.498613    1.182642    
2.382492    3.876402    6.283185    2.540841    4.147472    0.385722    0.520905    0.547614    1.035641    0.190794    
3.104368    3.592553    6.283185    2.158007    4.696424    2.245084    0.466613    0.503800    0.547828    1.133961    0.408614    1.279449    
3.088385    3.704993    4.310328    2.830708    4.616865    3.231653    1.940327    0.569319    0.427531    0.513932    1.275439    0.644268    1.046290    0.106488    
3.061397    3.701606    4.271902    2.876668    4.638458    3.359565    2.101653    2.410417    0.562748    0.431809    0.505243    1.279398    0.621948    1.081856    0.160797    1.499498    
2.041872    3.478418    3.067322    1.246383    3.839776    2.781054    3.130315    1.780209    2.072740    0.543493    0.401943    0.327163    1.570796    0.517300    1.104480    0.202430    0.484404    1.160066    
2.066636    3.456108    3.074039    1.509517    3.747129    2.812180    2.045025    2.649869    2.363099    2.273895    0.553067    0.400302    0.339216    1.570796    0.502487    1.103198    0.138883    0.494493    1.159599    0.069315    
