 7    -5.659861    4.232764    1.197079
0.955418  0.440712  -0.478419  -0.682530  -0.793871  0.427983  -0.773764  2.050114  -0.211533  1.453954  -0.061595  1.474451  0.824645  0.581223  -1.225692  -2.162298  -0.516786  2.092389  0.053569  -0.047480  -1.708678  
0.277858  -0.238995  -0.253481  0.279579  0.226232  0.049700  -0.457629  
 1    -2.811009    0.318059      0.287977
 2    -4.877900    0.649077      0.079045
 3    -5.288613    0.749635      0.037528
 4    -5.381784    0.786180      0.028110
 5    -5.500212    0.917427      0.016138
 6    -5.585604    0.974565      0.007506
 7    -5.640676    0.995951      0.001939
 8    -5.656714    0.999270      0.000318
 9    -5.658993    0.999785      0.000088
10    -5.659366    0.999888      0.000050
5.141118    0.634551    
5.095346    6.082263    0.772654    0.409502    
3.544115    4.330227    5.101134    0.645956    0.518527    0.270279    
2.837658    3.809607    3.805303    4.546456    0.611043    0.486141    0.350045    0.170532    
3.609024    4.013936    4.371523    4.973584    6.283185    0.621400    0.470119    0.334964    0.216370    0.150434    
3.307210    3.765750    4.160572    4.868281    6.283185    5.805616    0.600167    0.462618    0.329528    0.227831    0.223477    0.106671    
2.639509    3.752779    3.691744    4.409603    5.888760    5.208862    5.930234    0.592083    0.486613    0.331852    0.245407    0.175237    0.206843    0.112683    
1.720756    3.599389    3.472463    3.779512    4.761018    5.942360    5.114677    5.662254    0.628908    0.502619    0.405386    0.299541    0.211257    0.187814    0.178172    0.092294    
1.575718    3.105258    3.277064    3.461231    4.131628    5.135301    5.524154    5.208175    5.490025    0.626100    0.475619    0.421780    0.343502    0.254911    0.182357    0.179932    0.145563    0.067557    
1.530186    3.002425    3.280326    3.442515    3.935171    4.799570    5.503702    5.379660    5.600431    5.846693    0.631970    0.483745    0.431980    0.363382    0.286194    0.209001    0.175571    0.150288    0.101099    0.028717    
