 7    -3.939443    4.073414    1.067437
-0.200346  -0.722750  -1.006436  -0.435368  0.930336  -0.694714  -3.291892  -0.638987  0.114389  0.204070  -0.750726  0.169636  0.328819  -0.584229  0.753944  0.230280  0.240640  -1.494794  -1.133634  0.667369  -0.284219  
-0.200967  -0.341938  -0.333807  -0.217889  0.247394  0.181697  -0.336425  
 1    -2.087028    0.395597      0.231180
 2    -3.365087    0.796652      0.071679
 3    -3.791153    0.950676      0.018506
 4    -3.882319    0.978967      0.007129
 5    -3.917459    0.992264      0.002744
 6    -3.934870    0.998419      0.000571
 7    -3.937444    0.999194      0.000249
 8    -3.938119    0.999534      0.000165
 9    -3.938260    0.999592      0.000148
10    -3.938376    0.999644      0.000133
6.199655    0.549580    
4.487571    5.462180    0.766284    0.410124    
3.487007    3.732287    4.394163    0.646969    0.493650    0.279395    
2.519628    3.426731    3.465379    3.943114    0.598348    0.501747    0.357475    0.180827    
2.358734    3.467300    3.284572    3.754464    4.945473    0.618245    0.508116    0.375278    0.272498    0.086734    
1.618791    3.229492    3.202962    3.312580    3.930860    5.117046    0.651195    0.515419    0.437516    0.339383    0.226541    0.075817    
1.456183    2.770318    2.773810    2.850693    3.205184    3.740329    4.789553    0.639103    0.471387    0.409749    0.355293    0.274076    0.173406    0.066486    
1.485959    2.818214    2.835981    2.964071    3.353341    3.866445    4.892112    5.952007    0.637401    0.476804    0.420167    0.365134    0.284891    0.187058    0.097505    0.021683    
1.466507    2.779771    2.836638    2.967854    3.343902    3.864104    4.883776    6.011577    5.985461    0.636226    0.477417    0.422111    0.367670    0.284216    0.183848    0.078885    0.000000    1.559747    
1.456716    2.748556    2.820199    2.973926    3.331120    3.836614    4.744609    6.043417    4.691097    4.601616    0.633784    0.475539    0.424151    0.371910    0.291411    0.192612    0.087338    0.000000    1.552673    1.561162    
