 7    -4.383637    3.840765    0.164226
0.286737  -1.614226  -2.273977  -0.592228  0.483037  0.143706  -2.061878  -0.378867  -1.044350  -0.467956  -1.944020  -0.360842  -0.845624  -0.393506  -0.128412  1.699103  -0.205102  -1.353236  0.078569  -0.912648  0.287707  
-0.315270  -0.232817  -0.300275  -0.266859  -0.173872  -0.005100  -0.447484  
 1    -2.138796    0.230835      0.272949
 2    -3.988038    0.473130      0.048101
 3    -4.240863    0.515982      0.017360
 4    -4.286654    0.525319      0.011792
 5    -4.299631    0.530994      0.010214
 6    -4.307544    0.540449      0.009252
 7    -4.308282    0.543806      0.009162
 8    -4.312400    0.582900      0.008662
 9    -4.319254    0.631682      0.007828
10    -4.321297    0.655630      0.007580
4.416511    0.611536    
5.049382    5.904339    0.757667    0.402595    
3.411239    4.149219    4.931737    0.623104    0.496894    0.257580    
2.532323    3.652731    3.558425    4.236794    0.581592    0.470836    0.326738    0.170971    
1.844623    3.521148    3.362153    3.589226    4.514106    0.625809    0.481820    0.383367    0.283352    0.121560    
1.751746    3.355287    3.401462    3.489235    4.268159    5.738102    0.617169    0.485399    0.398706    0.305597    0.205079    0.067392    
1.393586    2.870078    3.308451    3.348400    3.707049    4.596123    5.673328    0.626658    0.495888    0.432194    0.352124    0.278533    0.172183    0.055700    
1.903528    3.678648    3.726294    3.845279    4.757804    6.184626    6.283185    5.975933    0.603570    0.512828    0.400878    0.287289    0.199054    0.168999    0.132322    0.062902    
1.868699    3.694450    3.581614    4.341012    6.283185    6.283185    5.748821    5.081109    5.345370    0.583821    0.498871    0.366836    0.232186    0.079621    0.176253    0.244857    0.206946    0.104316    
2.323257    3.571010    3.707427    4.333300    6.283185    6.283185    6.283185    5.837868    5.641525    6.283185    0.560034    0.484480    0.354121    0.239800    0.084159    0.107496    0.190631    0.179017    0.147435    0.073867    
