 7    -5.605859    6.447359    0.910879
2.630205  0.331635  -0.987540  1.196508  1.705176  0.144573  -0.224789  0.221373  2.062121  2.356455  2.345444  -0.973641  -0.211556  -0.499396  -1.075603  -1.606699  1.315930  1.240364  2.464476  -1.954646  1.271019  
0.341652  -0.276916  0.161978  0.243500  0.287426  -0.255030  0.309959  
 1    -3.323493    0.454738      0.189357
 2    -4.794104    0.813622      0.067348
 3    -5.429360    0.949689      0.014643
 4    -5.564572    0.982394      0.003425
 5    -5.594316    0.992845      0.000958
 6    -5.603033    0.999161      0.000234
 7    -5.605126    0.999738      0.000061
 8    -5.605158    0.999779      0.000058
 9    -5.605198    0.999825      0.000055
10    -5.605234    0.999832      0.000052
5.441031    0.540289    
4.465073    5.738261    0.790322    0.426757    
3.270367    3.773290    4.716442    0.639446    0.540164    0.309915    
2.356118    3.698715    3.354601    4.050641    0.632252    0.525168    0.372508    0.214037    
1.795191    3.378231    3.168870    3.420496    4.144309    0.662492    0.509406    0.431461    0.330356    0.153523    
1.720597    3.294800    3.213722    3.403872    3.976105    5.263655    0.652874    0.514505    0.443484    0.350012    0.232694    0.073172    
1.515867    2.782569    2.756672    2.906685    3.298524    3.826628    5.001000    0.629882    0.462104    0.413477    0.363734    0.284785    0.179337    0.066439    
1.527509    2.801043    2.754576    2.898387    3.287668    3.809768    4.982702    5.989908    0.630651    0.462838    0.412165    0.362642    0.286169    0.183783    0.077113    0.006477    
1.514840    2.774852    2.764287    2.936249    3.336507    3.855101    5.007817    6.130788    6.058942    0.627932    0.462073    0.416789    0.368079    0.291058    0.186515    0.078412    0.000306    1.565029    
1.535869    2.822465    2.786351    2.943977    3.343491    3.867504    5.078765    6.146983    6.268236    3.144935    0.632108    0.466174    0.416274    0.365553    0.286251    0.181409    0.074570    0.000000    1.565239    1.569261    
