 7    -4.004441    3.726892    0.735687
0.050657  0.392329  0.609438  -0.588129  1.443758  0.402090  0.166803  0.853984  1.658907  0.699776  -1.693152  -0.962174  -2.420045  -0.416890  -0.337671  0.421032  -1.120160  -0.961434  0.302471  0.846941  0.373882  
-0.095899  -0.230852  0.176905  0.797259  0.208810  0.125708  -0.245967  
 1    -1.644343    0.118142      0.305264
 2    -3.132968    0.602986      0.112720
 3    -3.444279    0.719951      0.072454
 4    -3.778355    0.861660      0.029243
 5    -3.862393    0.904687      0.018373
 6    -3.924508    0.957011      0.010339
 7    -3.964912    0.972125      0.005113
 8    -3.980647    0.983282      0.003078
 9    -3.993255    0.993980      0.001447
10    -3.999688    0.997609      0.000615
4.558074    0.906086    
3.317324    3.474183    0.499622    0.391004    
2.513247    3.308793    3.592700    0.538438    0.399969    0.220851    
2.622726    3.182133    3.145683    4.249904    0.582499    0.469853    0.241438    0.206071    
2.085091    2.840955    2.855762    3.630238    3.354251    0.550528    0.444376    0.343367    0.195157    0.140333    
2.367337    2.815728    2.820642    3.891996    2.744875    6.283185    0.566519    0.454671    0.309194    0.233678    0.167268    0.095116    
1.487414    2.813952    2.882980    3.171963    3.548735    3.505375    4.541462    0.595782    0.472330    0.393259    0.282622    0.234007    0.106293    0.089824    
1.366707    2.619805    2.780857    2.993780    3.329188    3.679045    3.934063    4.162557    0.619586    0.466763    0.400576    0.329436    0.236156    0.189187    0.086508    0.066675    
1.335719    2.639628    2.781286    3.011078    3.387787    3.435602    4.489261    3.089373    6.261762    0.613011    0.468513    0.412231    0.331169    0.258998    0.199354    0.117061    0.088034    0.055340    
1.247404    2.425898    2.678265    2.958898    3.224926    3.554505    3.845392    4.382117    3.547770    5.541104    0.607334    0.469417    0.413785    0.353581    0.286544    0.223823    0.161979    0.108497    0.064006    0.048166    
