 7    -4.383977    3.452643    0.520202
0.238444  0.083739  -0.285309  0.820320  2.772535  1.922071  0.717749  0.194126  -1.362224  1.075911  0.656403  0.149734  0.320614  0.914567  -1.547847  2.150050  0.871377  -0.892210  0.312259  0.446726  -0.424200  
-0.266983  -0.179816  0.161291  0.142984  -0.965759  0.133707  0.209307  
 1    -1.414067    0.208440      0.378978
 2    -3.499345    0.782222      0.112884
 3    -3.937803    0.898064      0.056934
 4    -4.186726    0.947788      0.025170
 5    -4.329559    0.986697      0.006944
 6    -4.372722    0.996913      0.001436
 7    -4.381465    0.999030      0.000321
 8    -4.382660    0.999555      0.000168
 9    -4.383384    0.999817      0.000076
10    -4.383776    0.999949      0.000026
2.633552    0.518191    
3.315593    3.212389    0.473998    0.392413    
2.247463    3.164816    2.751012    0.478747    0.369943    0.235190    
2.142953    3.019159    3.013023    3.473169    0.605328    0.459689    0.253467    0.211289    
1.865493    2.570943    2.593794    3.275258    2.896234    0.576725    0.445142    0.343088    0.207707    0.162430    
1.337086    2.455178    2.497160    2.662239    3.079608    3.095150    0.595275    0.449671    0.378607    0.294732    0.175292    0.120757    
1.196801    2.088033    2.258624    2.456094    2.619056    3.183509    3.051900    0.592228    0.420353    0.373975    0.323610    0.253792    0.143189    0.090730    
1.138227    2.070058    2.266922    2.450791    2.639396    3.013003    3.205862    3.553451    0.589779    0.432051    0.385993    0.333645    0.270640    0.196030    0.101041    0.050140    
0.956943    1.831198    2.171920    2.384257    2.567864    2.865243    3.189304    3.307197    3.835211    0.574680    0.434940    0.393371    0.349785    0.301870    0.224653    0.166770    0.069135    0.042259    
0.788240    1.707563    2.028202    2.292351    2.475663    2.693634    2.982388    3.246515    3.403294    3.768778    0.601898    0.464659    0.408682    0.371089    0.331449    0.283024    0.210452    0.158775    0.061775    0.043781    
