 7    -3.624960    3.457275    0.687364
-0.865377  -0.906804  -0.216282  -1.436207  -1.287836  0.000968  0.262022  -0.588278  -0.086633  2.495468  0.738580  -1.138786  -0.119129  -1.040382  -0.558895  -1.008352  0.341405  0.190311  -0.480779  -0.992802  1.018609  
-0.270930  0.144086  -0.186400  -0.886464  -0.190968  -0.162442  -0.200024  
 1    -1.852063    0.310405      0.250330
 2    -2.912629    0.717443      0.100580
 3    -3.219806    0.835296      0.057207
 4    -3.508969    0.931486      0.016378
 5    -3.583630    0.983274      0.005836
 6    -3.612342    0.994406      0.001782
 7    -3.620078    0.997752      0.000689
 8    -3.624168    0.999714      0.000112
 9    -3.624696    0.999900      0.000037
10    -3.624850    0.999957      0.000016
3.898084    0.669502    
2.807639    3.438745    0.488629    0.428328    
2.246489    2.952965    3.260176    0.528526    0.400328    0.232776    
2.227744    2.803951    2.598184    4.003652    0.576183    0.466515    0.259446    0.231682    
1.809226    2.476724    2.463114    3.074277    2.928304    0.556506    0.438534    0.348892    0.195994    0.162521    
1.227748    2.414452    2.448808    2.554707    2.967396    3.109347    0.609882    0.450079    0.382339    0.304746    0.169342    0.120747    
1.194386    2.099799    2.274890    2.441660    2.606394    3.103437    3.119507    0.600375    0.431664    0.376713    0.318879    0.245049    0.135587    0.075279    
1.090809    2.052330    2.216876    2.386807    2.611007    3.054596    3.000638    3.945409    0.596532    0.431574    0.384541    0.332790    0.249221    0.191522    0.082444    0.046085    
0.871660    1.698057    2.061949    2.266862    2.464407    2.761606    3.095035    3.174500    3.809031    0.570930    0.434862    0.392555    0.350065    0.300773    0.220919    0.163581    0.065154    0.040164    
0.729896    1.559565    1.881817    2.103897    2.297849    2.520997    2.819679    3.035611    3.267732    3.522011    0.580676    0.448538    0.390087    0.355618    0.319805    0.267352    0.194915    0.142908    0.054911    0.038289    
