 7    -3.070787    2.719501    0.125827
-0.275434  0.009924  0.464788  0.342611  1.134445  -1.210976  -1.443573  -0.759583  0.937481  0.102493  0.591607  -0.425419  0.755324  -1.678499  -0.895253  0.458548  0.258016  -1.155983  0.649192  0.046318  0.348382  
0.090796  0.325954  0.260045  0.295388  -0.259736  0.169706  0.328676  
 1    -1.618172    0.358762      0.250871
 2    -2.757174    0.688371      0.054162
 3    -2.985681    0.818498      0.014698
 4    -3.033742    0.858811      0.006398
 5    -3.047940    0.888424      0.003946
 6    -3.058572    0.953641      0.002110
 7    -3.064668    0.982414      0.001057
 8    -3.069141    0.997599      0.000284
 9    -3.070328    0.999500      0.000079
10    -3.070553    0.999886      0.000040
5.885027    0.621116    
4.857162    5.767105    0.759454    0.401297    
3.523536    4.129645    4.846387    0.640608    0.500143    0.256869    
2.613154    3.686961    3.665125    4.344336    0.598006    0.487704    0.347736    0.172361    
2.039561    3.487574    3.348754    3.658750    4.601684    0.620869    0.482806    0.389737    0.293997    0.123934    
2.019312    3.452950    3.431044    3.713770    4.549290    5.881596    0.605911    0.489284    0.397652    0.305084    0.202200    0.081487    
1.862252    3.377168    3.371836    3.564689    4.254503    5.118044    5.584516    0.622994    0.490937    0.410165    0.329136    0.244604    0.163552    0.073323    
1.706748    3.226039    3.299433    3.467179    4.066489    4.849716    5.343987    5.883281    0.617710    0.487404    0.414784    0.341512    0.265018    0.187756    0.140859    0.057120    
1.455725    2.851682    3.111229    3.271341    3.702068    4.336675    4.937689    5.196181    5.733531    0.621136    0.478509    0.423830    0.367927    0.302237    0.229541    0.169438    0.119657    0.047752    
1.386898    2.736454    3.092013    3.252553    3.604910    4.177878    4.760552    5.122097    5.519751    5.772104    0.624513    0.485183    0.433168    0.379638    0.320195    0.250756    0.187156    0.137835    0.077657    0.021736    
