 7    -5.012984    3.584593    1.163413
1.044560  -1.449536  0.588023  1.842537  1.549008  -0.023531  -0.878637  1.253610  1.377716  0.376270  -0.124098  0.904463  -0.398546  0.898816  -0.822881  -1.367960  -0.748894  0.512918  0.068307  0.592726  -0.537103  
0.288127  0.135853  0.188193  -0.154486  -0.957173  -0.139486  0.156102  
 1    -2.403646    0.348264      0.303497
 2    -4.019973    0.747621      0.115499
 3    -4.490557    0.863590      0.060764
 4    -4.774095    0.935446      0.027786
 5    -4.937493    0.977606      0.008781
 6    -4.988435    0.990976      0.002855
 7    -5.003237    0.996221      0.001134
 8    -5.011730    0.999665      0.000146
 9    -5.012622    0.999897      0.000042
10    -5.012772    0.999937      0.000025
4.373480    0.614972    
3.438226    3.245397    0.479204    0.385126    
2.312808    3.224253    2.812959    0.473839    0.372746    0.228446    
2.335236    3.119586    3.071884    3.722526    0.591352    0.459938    0.240384    0.198882    
2.024343    2.682649    2.680251    3.446565    2.996824    0.564948    0.443091    0.337528    0.196460    0.156083    
1.370756    2.613086    2.630051    2.782463    3.229522    3.266764    0.602067    0.448635    0.378727    0.297422    0.164475    0.119655    
1.316424    2.302135    2.470049    2.669257    2.818653    3.379777    3.326466    0.600326    0.434157    0.374459    0.317261    0.245255    0.129850    0.080988    
1.224800    2.268983    2.432495    2.631765    2.860841    3.299709    3.295539    4.075890    0.597937    0.434982    0.385441    0.331083    0.249323    0.197166    0.081328    0.058229    
1.016598    1.885421    2.215979    2.449923    2.670504    3.007537    3.277434    3.511283    3.815242    0.569649    0.420980    0.384924    0.342722    0.292351    0.216212    0.161138    0.064519    0.044547    
0.862832    1.707645    2.057248    2.276536    2.492708    2.739070    3.045976    3.247770    3.544082    3.651639    0.561691    0.427077    0.380190    0.344424    0.306501    0.249621    0.183952    0.128276    0.052330    0.034923    
