 7    -3.532716    3.887548    0.122180
1.388700  1.788755  0.578529  -1.270554  -1.258753  -0.139977  -0.346450  -1.133400  0.839501  -1.195614  -0.891264  0.056036  -0.382613  -1.776864  -0.436097  0.527447  -0.499284  0.978743  -0.462637  -0.235565  0.134705  
0.344018  -0.241827  -0.293033  -0.242500  0.206066  -0.309470  0.161758  
 1    -1.764846    0.355219      0.238249
 2    -3.126145    0.772037      0.054792
 3    -3.437739    0.918453      0.012800
 4    -3.506794    0.958494      0.003493
 5    -3.524414    0.974132      0.001119
 6    -3.529830    0.993277      0.000389
 7    -3.531802    0.997680      0.000123
 8    -3.532143    0.998479      0.000077
 9    -3.532531    0.999887      0.000025
10    -3.532196    0.999759      0.000070
4.004903    0.528478    
4.678861    5.670289    0.764686    0.402246    
3.494341    3.843126    4.718434    0.633207    0.503278    0.278685    
2.488110    3.695221    3.573425    4.201986    0.610080    0.511753    0.362270    0.190381    
1.792111    3.399622    3.300569    3.533879    4.300050    0.643476    0.501011    0.424006    0.316492    0.145895    
1.725155    3.278659    3.278282    3.449896    4.016861    5.138383    0.637421    0.500635    0.431420    0.339141    0.225264    0.071025    
1.520632    2.846494    2.919244    3.069585    3.494889    4.075936    5.118591    0.625320    0.467549    0.414116    0.362538    0.283259    0.176093    0.062269    
1.297938    2.436365    2.696546    2.806996    3.104534    3.533095    4.129244    5.049872    0.609614    0.458974    0.405961    0.370005    0.320827    0.243719    0.150287    0.053058    
1.260333    2.443130    2.809840    2.946688    3.242073    3.673908    4.199826    4.924887    5.702882    0.609936    0.473702    0.425950    0.385533    0.335515    0.261911    0.176695    0.098198    0.027203    
1.554314    2.900089    2.928352    3.085589    3.535131    4.119390    5.190232    5.876943    5.690200    3.473561    0.625557    0.469137    0.412757    0.361755    0.285470    0.183777    0.081329    0.000000    1.558835    1.565595    
