 7    -3.611130    4.584057    0.800883
1.387236  0.963562  -0.944981  1.624400  0.264741  0.367542  0.797701  -0.556226  -0.100179  0.323385  -1.814105  -0.930862  1.097972  0.485753  0.527625  0.093865  -1.150458  0.466368  0.442111  0.138366  -0.105991  
-0.253617  0.175596  -0.634064  -0.181021  0.226403  -0.154965  0.302820  
 1    -1.677085    0.334653      0.235998
 2    -2.943079    0.746923      0.081517
 3    -3.309777    0.880205      0.036772
 4    -3.516960    0.959475      0.011491
 5    -3.580610    0.986457      0.003724
 6    -3.604487    0.996120      0.000811
 7    -3.608414    0.998065      0.000331
 8    -3.610430    0.999761      0.000085
 9    -3.610907    0.999907      0.000027
10    -3.610911    0.999912      0.000027
5.099146    0.486537    
3.441795    4.091288    0.586122    0.389585    
2.845313    3.396904    3.755543    0.591280    0.425001    0.234592    
2.512080    3.389926    3.326489    4.122049    0.639582    0.495812    0.317122    0.197932    
1.965340    2.836032    2.934947    3.380745    3.614138    0.600297    0.463563    0.394394    0.247671    0.145581    
1.494547    2.774255    2.776292    2.862920    3.302947    3.716159    0.633367    0.474731    0.401658    0.322734    0.203368    0.104733    
1.356473    2.373853    2.500790    2.640104    2.867378    3.401499    3.549651    0.617130    0.443317    0.393638    0.340295    0.267146    0.159755    0.071270    
1.331624    2.399817    2.511559    2.662476    2.920099    3.375447    3.658248    4.387564    0.616627    0.449417    0.400528    0.348430    0.278326    0.201482    0.099527    0.039520    
1.040038    1.947143    2.333239    2.517907    2.722576    3.053139    3.421914    3.773033    4.236616    0.582955    0.446143    0.406376    0.366267    0.319731    0.246541    0.176126    0.081706    0.035289    
1.026199    1.961626    2.355147    2.533723    2.731808    3.059520    3.431956    3.764280    4.244126    2.874778    0.586225    0.453469    0.409658    0.368298    0.321466    0.248543    0.177957    0.084241    0.036203    0.001539    
