 7    -4.332330    3.229744    0.642545
0.445292  -0.280395  -1.876685  -0.387690  0.596937  0.683369  0.232692  0.715544  0.804504  0.348361  -0.195662  -0.923606  0.598020  -1.569014  -0.119666  0.392834  1.194875  0.806525  1.582657  1.459610  -0.604105  
0.466424  -0.140366  -0.096827  0.288436  0.257335  -0.249058  -0.302840  
 1    -0.973044    0.104356      0.444228
 2    -3.760312    0.718723      0.075643
 3    -4.149650    0.871668      0.024157
 4    -4.253572    0.928969      0.010415
 5    -4.297315    0.974170      0.004630
 6    -4.320754    0.990303      0.001531
 7    -4.327364    0.995050      0.000657
 8    -4.330060    0.998584      0.000300
 9    -4.331799    0.999793      0.000070
10    -4.332174    0.999950      0.000021
2.445619    0.692657    
4.906412    5.935543    0.748109    0.402869    
3.610260    4.431066    5.126842    0.646784    0.517704    0.266450    
2.852220    4.105531    4.123246    4.768259    0.627581    0.511998    0.366589    0.166981    
2.632651    3.851325    3.781688    4.228750    5.506271    0.615383    0.497564    0.379550    0.276046    0.106090    
1.925530    3.674203    3.654093    3.855450    4.584847    5.899729    0.636133    0.507309    0.421750    0.321714    0.220740    0.086860    
1.728080    3.240886    3.310271    3.424402    3.963770    4.644127    5.588738    0.632605    0.479836    0.412586    0.345969    0.265441    0.168480    0.070289    
1.693647    3.225233    3.323405    3.427468    3.901878    4.517967    5.391816    6.283185    0.632746    0.489128    0.420595    0.357648    0.287436    0.196640    0.116958    0.036977    
1.500672    2.860018    3.137336    3.277493    3.646548    4.141405    4.719083    5.441991    6.275203    0.618978    0.479050    0.422956    0.375377    0.319412    0.245836    0.167195    0.100727    0.037009    
1.244966    2.513113    2.954797    3.132958    3.410902    3.813087    4.287791    4.829655    5.311250    5.816986    0.608636    0.481063    0.428157    0.386675    0.343568    0.283290    0.213687    0.143213    0.082287    0.029991    
