 7    -3.352649    4.168064    0.332569
-1.485170  -0.260205  -1.424565  -0.891399  0.761163  -0.698757  -0.396650  1.243787  0.074518  -0.322948  1.461472  1.241821  0.259419  1.071688  -0.130218  1.885784  -0.705359  0.335575  0.568752  -0.916734  -1.059760  
-0.284004  -0.251373  -0.245098  0.294997  -0.305805  0.262753  0.137007  
 1    -1.521145    0.264868      0.243528
 2    -2.976411    0.760083      0.050027
 3    -3.258209    0.895549      0.012557
 4    -3.315775    0.932051      0.004903
 5    -3.331848    0.975435      0.002766
 6    -3.346312    0.992092      0.000843
 7    -3.350454    0.997307      0.000292
 8    -3.351809    0.999604      0.000112
 9    -3.351989    0.999719      0.000088
10    -3.352089    0.999754      0.000074
3.774665    0.366452    
4.725560    5.735989    0.779872    0.417911    
3.377515    3.817716    4.667486    0.634021    0.509740    0.280312    
2.528540    3.492663    3.423379    4.074946    0.598274    0.492526    0.349072    0.184531    
2.584453    3.548159    3.435548    3.993226    5.493464    0.618167    0.495124    0.367902    0.264145    0.084721    
1.864241    3.252514    3.243073    3.526285    4.228712    5.488902    0.604495    0.495620    0.412842    0.326349    0.215844    0.086622    
1.537398    3.021431    2.988756    3.152796    3.646474    4.266630    5.066542    0.620388    0.482473    0.413189    0.352684    0.270613    0.172195    0.076989    
1.527253    2.978131    2.979191    3.125715    3.599319    4.175443    4.985429    5.582708    0.629261    0.482531    0.416172    0.360108    0.283972    0.194609    0.117780    0.030584    
1.538112    2.969381    2.977811    3.140321    3.654749    4.274359    5.290529    5.920381    6.191228    0.628491    0.478567    0.414507    0.354897    0.271232    0.178235    0.096256    0.000000    1.551466    
1.487726    2.871332    2.923627    3.069028    3.533770    4.133395    5.157244    5.528023    5.713224    5.356011    0.626178    0.474131    0.413432    0.358331    0.276499    0.181230    0.094362    0.000000    1.534983    1.551473    
