 7    -2.885285    3.409525    0.030668
-0.470129  0.670906  -0.822153  0.503401  -0.184276  0.514476  -0.472338  -0.433457  0.480020  -0.085906  -1.356367  -0.635875  -1.624491  0.912932  0.715495  -1.484308  -1.404396  0.367661  0.657626  -0.521781  1.926133  
0.110962  0.076147  0.226149  0.317410  0.216457  0.349956  -0.290204  
 1    -1.323633    0.007718      0.248086
 2    -2.078770    0.000365      0.128124
 3    -2.229289    0.000096      0.104212
 4    -2.252859    0.000014      0.100468
 5    -2.262940    0.000002      0.098866
 6    -2.270307    0.000005      0.097696
 7    -2.279302    0.000004      0.096267
 8    -2.282679    0.000002      0.095731
 9    -2.283115    0.000001      0.095661
10    -2.283513    0.000001      0.095598
4.001516    0.501239    
4.766700    5.443453    0.681634    0.357789    
3.260150    4.310421    5.041050    0.596541    0.484968    0.235015    
2.376777    4.094054    4.177916    4.748702    0.616855    0.488899    0.348691    0.147717    
2.315068    3.770675    3.931193    4.415932    5.365158    0.612840    0.474783    0.372329    0.240024    0.080674    
2.402229    3.890738    4.047062    4.424423    5.306508    6.024166    0.624997    0.490604    0.388939    0.273459    0.171669    0.070502    
2.132183    3.621142    3.903518    4.275623    4.862187    5.581973    5.991977    0.595539    0.484411    0.401075    0.295622    0.212617    0.160046    0.070208    
1.700926    3.336395    3.650833    3.940733    4.481310    5.160286    5.619154    5.906729    0.618226    0.485221    0.419990    0.333613    0.253578    0.193165    0.137422    0.054603    
1.423733    2.872278    3.375710    3.664551    4.100105    4.746880    5.202072    5.350908    5.530593    0.604242    0.473460    0.423864    0.357098    0.284855    0.217605    0.161410    0.101906    0.035959    
1.473308    3.052122    3.487630    3.767294    4.286266    5.035534    5.454980    5.738360    5.694337    6.179276    0.609129    0.476720    0.421016    0.343141    0.261319    0.191376    0.144253    0.075968    0.000000    1.552499    
