 7    -5.351561    4.530034    1.875733
-0.497271  0.107765  1.882873  -1.069230  -1.527741  -1.511618  0.386228  0.482651  2.007500  -0.509702  -0.890950  0.223526  0.045737  1.275074  0.981557  -1.357761  0.467119  -0.566509  2.345418  -0.477393  -0.310067  
-0.254485  -0.221583  0.185908  0.189360  0.171429  -0.124232  -0.992036  
 1    -2.325966    0.308943      0.306185
 2    -4.230682    0.751863      0.113431
 3    -4.788931    0.877030      0.056937
 4    -5.177996    0.958361      0.017564
 5    -5.294148    0.986746      0.005810
 6    -5.339828    0.997416      0.001187
 7    -5.346823    0.998904      0.000480
 8    -5.349366    0.999434      0.000222
 9    -5.350804    0.999799      0.000077
10    -5.351305    0.999940      0.000026
5.990481    0.489506    
3.482551    4.007953    0.540841    0.400082    
2.740953    3.510217    3.815804    0.572648    0.420388    0.246473    
2.433192    3.461276    3.377255    4.182416    0.631546    0.499967    0.313207    0.216794    
1.882860    2.958821    3.039711    3.493665    3.686776    0.603549    0.473346    0.401426    0.248025    0.156306    
1.542780    2.836500    2.838127    2.949784    3.383777    3.717436    0.629183    0.473990    0.400250    0.322541    0.198655    0.113487    
1.335560    2.369199    2.517739    2.695937    2.908881    3.471632    3.535211    0.604266    0.438967    0.392938    0.342150    0.269454    0.163367    0.081439    
1.229291    2.362893    2.526494    2.677229    2.870236    3.232142    3.604406    3.872400    0.614988    0.463727    0.408029    0.356945    0.300500    0.225787    0.127419    0.055473    
1.056808    2.126556    2.446013    2.616195    2.790835    3.100079    3.425308    3.783299    4.148769    0.603239    0.466587    0.413786    0.370419    0.323932    0.257346    0.189654    0.094753    0.042565    
0.867186    1.867781    2.221281    2.474656    2.660039    2.885667    3.168127    3.484408    3.836895    4.089690    0.610999    0.474680    0.419127    0.383753    0.348472    0.300677    0.236346    0.169018    0.081068    0.036214    
