 7    -3.440911    3.176841    0.907629
-0.894779  0.121654  -0.763285  -0.481901  1.059032  0.356689  -0.392180  1.515508  -0.183340  -0.140353  -1.015118  -1.061475  -0.607602  1.142866  0.181214  0.037874  0.814313  -0.188506  0.959805  -0.357926  -1.180893  
-0.178209  0.123461  -0.968176  -0.149105  -0.160332  0.247058  0.214275  
 1    -1.543213    0.290288      0.286759
 2    -2.809726    0.765959      0.095378
 3    -3.108583    0.885396      0.050218
 4    -3.294895    0.940367      0.022064
 5    -3.392575    0.979896      0.007304
 6    -3.426610    0.993309      0.002161
 7    -3.435372    0.997190      0.000837
 8    -3.440044    0.999591      0.000131
 9    -3.440555    0.999813      0.000054
10    -3.440697    0.999891      0.000032
3.486463    0.555473    
3.202179    3.332996    0.477244    0.391895    
2.310616    3.114672    2.820575    0.482105    0.372473    0.221338    
2.200335    3.038521    2.954862    3.642368    0.594915    0.458230    0.256595    0.200719    
1.859866    2.598763    2.624743    3.206617    2.989356    0.574731    0.437583    0.345109    0.207290    0.152083    
1.374075    2.510208    2.554651    2.712222    3.045019    3.241213    0.607996    0.447619    0.372359    0.297644    0.170725    0.109297    
1.303548    2.194690    2.375030    2.575334    2.722921    3.196059    3.276982    0.595684    0.431368    0.372809    0.310952    0.247777    0.129404    0.073239    
1.224934    2.198072    2.358327    2.546262    2.747003    3.206155    3.205363    4.040881    0.596366    0.433753    0.383001    0.328567    0.252813    0.189965    0.082904    0.051020    
0.997046    1.834785    2.164984    2.388282    2.595097    2.897169    3.207588    3.411768    3.734139    0.568081    0.424301    0.387460    0.343954    0.296206    0.220043    0.158971    0.067448    0.040697    
0.713079    1.590419    1.986221    2.248304    2.452489    2.677962    2.972562    3.225256    3.459518    3.614133    0.575606    0.454321    0.399300    0.365122    0.326464    0.276271    0.205170    0.145742    0.062553    0.037281    
