 7    -3.760620    3.857233    0.045525
-0.000432  -1.841434  -0.203556  -0.624784  -1.219408  -1.390574  -1.150531  0.491366  0.054424  0.097679  0.567014  -0.634688  -0.084317  2.237933  1.307675  -0.653678  0.796986  0.879571  1.715826  -0.195418  -0.504751  
0.184748  0.177134  0.220151  0.495751  0.176075  -0.280009  -0.192224  
 1    -1.306370    0.190854      0.322171
 2    -3.204747    0.729882      0.072970
 3    -3.533469    0.888269      0.029818
 4    -3.675372    0.957822      0.011191
 5    -3.731668    0.980665      0.003801
 6    -3.752526    0.993068      0.001062
 7    -3.756420    0.996304      0.000551
 8    -3.759469    0.999573      0.000151
 9    -3.760070    0.999713      0.000072
10    -3.760354    0.999686      0.000035
2.903098    0.420551    
4.146690    4.899247    0.626802    0.357246    
3.458986    3.989211    4.425065    0.601144    0.430514    0.217759    
2.825108    4.004340    3.964265    4.666382    0.638222    0.489565    0.336293    0.170508    
2.172517    3.409472    3.559901    3.914454    4.372571    0.613673    0.471436    0.401119    0.265410    0.125512    
1.772455    3.266602    3.313595    3.387097    3.870276    4.522075    0.642782    0.473762    0.402145    0.317709    0.208426    0.084216    
1.632068    2.819200    3.125581    3.233139    3.498921    4.072322    4.594845    0.623363    0.462834    0.406949    0.341343    0.266528    0.155754    0.054352    
1.546062    2.805982    3.047778    3.202292    3.513432    4.038638    4.577447    5.230217    0.615582    0.463323    0.409223    0.354349    0.285294    0.202798    0.102040    0.037159    
1.202936    2.388891    2.871132    3.083076    3.297366    3.675563    4.143605    4.636160    5.063721    0.601199    0.478942    0.424497    0.379193    0.330642    0.262197    0.180917    0.091830    0.032522    
1.043009    2.168553    2.614425    2.946749    3.153693    3.400609    3.732683    4.165517    4.604394    4.991852    0.625987    0.496166    0.447998    0.403681    0.366138    0.322931    0.256849    0.179323    0.091301    0.031097    
