 7    -4.206539    4.627390    0.738534
1.584050  0.306209  -0.722096  0.029006  -2.123688  -1.829934  0.920972  -0.910938  0.595995  2.324745  -0.049952  -2.065527  0.045791  0.106866  -0.384576  -0.676318  0.195727  -0.449039  -0.653854  -0.236046  1.792894  
-0.232934  0.181121  -0.791079  -0.086380  -0.145129  -0.313144  -0.049375  
 1    -1.540151    0.173298      0.301835
 2    -3.246343    0.470288      0.108694
 3    -3.518089    0.563254      0.077932
 4    -3.851091    0.701371      0.040237
 5    -3.934977    0.744075      0.030741
 6    -4.019256    0.817648      0.021200
 7    -4.070683    0.847891      0.015379
 8    -4.105453    0.899316      0.011443
 9    -4.135964    0.933612      0.007989
10    -4.159334    0.962491      0.005344
3.344090    0.474336    
3.631448    3.608676    0.512159    0.365800    
2.501005    3.619108    3.820578    0.537423    0.400818    0.218810    
2.824645    3.504707    3.593388    4.628726    0.578936    0.470330    0.231078    0.193405    
2.086510    3.216755    3.315305    4.106746    3.959919    0.552602    0.455350    0.352176    0.198941    0.130290    
2.314167    3.258883    3.454509    4.154586    3.796810    5.151059    0.591853    0.462627    0.319618    0.278450    0.122212    0.105933    
1.654857    3.175952    3.301683    3.653112    4.153351    4.100411    4.851522    0.620714    0.471840    0.391074    0.282348    0.220812    0.111612    0.093212    
1.793348    3.250446    3.395134    3.838527    3.991423    4.888875    3.775217    6.283185    0.606033    0.491018    0.392190    0.304124    0.220471    0.145294    0.102092    0.077757    
1.576191    3.118184    3.355619    3.622369    4.193006    4.107528    5.361196    3.766280    6.283185    0.631800    0.472354    0.411110    0.323132    0.242044    0.173900    0.133004    0.070960    0.083534    
1.597174    3.080475    3.270223    3.679056    4.093272    4.447345    4.493561    5.962747    3.559785    6.283185    0.614378    0.474265    0.405376    0.315115    0.253158    0.167935    0.155572    0.095255    0.073426    0.068282    
