 7    -3.809823    4.481291    0.479450
0.820438  1.229717  -0.763083  1.311323  -0.551206  2.015658  0.939756  -0.160168  -0.856489  0.569047  -0.021903  0.634637  0.393135  0.478060  2.245525  -1.140656  1.852895  -0.015412  -1.308539  -0.218185  0.112809  
0.203195  -0.164495  0.752526  -0.156904  -0.212560  0.119841  -0.333866  
 1    -1.341396    0.187108      0.297720
 2    -3.072535    0.720568      0.088925
 3    -3.437751    0.847444      0.044876
 4    -3.673744    0.937043      0.016413
 5    -3.757380    0.971228      0.006325
 6    -3.789842    0.985864      0.002410
 7    -3.800687    0.994936      0.001102
 8    -3.808551    0.999406      0.000153
 9    -3.809371    0.999793      0.000054
10    -3.809582    0.999922      0.000029
3.300579    0.724025    
3.391703    3.822550    0.535224    0.391218    
2.643746    3.375599    3.383380    0.545944    0.397992    0.225181    
2.492333    3.339446    3.287155    4.074114    0.619439    0.478661    0.283174    0.195889    
2.021213    2.825553    2.893300    3.462171    3.437841    0.583758    0.449050    0.367630    0.221725    0.142852    
1.527907    2.782219    2.801581    2.943451    3.350771    3.668497    0.623729    0.461556    0.387333    0.309205    0.180880    0.103757    
1.515842    2.624062    2.750477    2.932896    3.229782    3.618241    4.145697    0.602287    0.460823    0.393567    0.313692    0.241300    0.125608    0.059456    
1.337441    2.447732    2.571175    2.751118    3.024842    3.488231    3.679777    4.248754    0.611119    0.444082    0.393828    0.338552    0.260417    0.200434    0.090774    0.056544    
1.152160    2.109435    2.396782    2.599932    2.832152    3.210340    3.506801    3.884000    3.968381    0.587941    0.435411    0.394411    0.349750    0.297128    0.224276    0.158858    0.073951    0.039721    
1.102749    2.061391    2.384011    2.602698    2.837353    3.198594    3.482783    3.986370    3.844995    4.992790    0.584807    0.438288    0.399611    0.357772    0.305876    0.239927    0.173122    0.097906    0.050294    0.015021    
