 7    -3.818462    4.513642    0.364959
-0.772544  -0.339930  -0.892330  0.660013  0.253680  1.573258  -0.578790  -1.557856  0.295479  -0.485479  -0.903351  1.664279  1.799863  -0.172902  0.933821  1.747385  0.371031  0.012570  -1.686818  -0.572064  2.587576  
0.289323  0.182526  0.174162  0.129577  -0.808738  0.164847  -0.225155  
 1    -1.805905    0.319006      0.241543
 2    -3.097017    0.768253      0.086586
 3    -3.443345    0.885494      0.045021
 4    -3.667311    0.952838      0.018141
 5    -3.775443    0.985405      0.005163
 6    -3.808776    0.996010      0.001163
 7    -3.814879    0.998250      0.000430
 8    -3.817393    0.999513      0.000128
 9    -3.818025    0.999801      0.000052
10    -3.818284    0.999936      0.000021
4.682024    0.706373    
3.574661    3.491271    0.493668    0.376720    
2.475181    3.343349    3.069352    0.505475    0.382555    0.229965    
2.398855    3.280062    3.262029    3.794192    0.628056    0.478779    0.280564    0.205371    
2.047061    2.779717    2.789805    3.421405    3.204674    0.592758    0.452016    0.362436    0.219842    0.154009    
1.486072    2.683170    2.684534    2.825549    3.241470    3.426170    0.616349    0.459323    0.386288    0.305824    0.184983    0.112073    
1.350856    2.291925    2.430853    2.608203    2.795438    3.345199    3.344546    0.603918    0.429728    0.379389    0.325238    0.257296    0.146916    0.078877    
1.328836    2.329377    2.459173    2.639013    2.870091    3.307355    3.460527    4.192468    0.603020    0.437100    0.389033    0.334592    0.264188    0.196080    0.089136    0.047509    
1.083291    1.999879    2.321934    2.532558    2.730195    3.058854    3.388510    3.660939    4.050491    0.582009    0.437585    0.396999    0.353211    0.303670    0.227525    0.164720    0.069781    0.039682    
0.881610    1.847000    2.185609    2.440902    2.634735    2.874241    3.191068    3.479179    3.756010    3.993779    0.597517    0.464785    0.410301    0.374003    0.334168    0.281865    0.211118    0.151418    0.063650    0.037785    
