 7    -4.249036    3.546776    1.053575
0.696245  -2.444617  -0.260982  -0.113475  -0.320669  0.034260  -0.922643  -1.114682  -0.286673  1.218300  1.229856  -1.262179  0.833652  -0.477234  -0.225393  0.186255  -1.199015  -0.142385  1.513019  -0.285775  -1.416254  
0.392413  -0.104979  0.288776  0.295581  -0.242540  0.265960  0.249001  
 1    -2.363877    0.412775      0.241817
 2    -3.704837    0.766579      0.069807
 3    -4.084772    0.905973      0.021071
 4    -4.173745    0.945731      0.009658
 5    -4.217798    0.985473      0.004007
 6    -4.238969    0.994818      0.001291
 7    -4.245493    0.998107      0.000454
 8    -4.248052    0.999626      0.000126
 9    -4.248854    0.999935      0.000023
10    -4.248861    0.999936      0.000022
5.827760    0.578913    
4.743220    5.747559    0.780497    0.424312    
3.392433    3.911692    4.722413    0.641376    0.517144    0.281275    
2.678194    3.529031    3.544666    4.282983    0.609594    0.490648    0.360893    0.178214    
2.739249    3.605884    3.553658    4.156582    5.808613    0.622484    0.496611    0.365871    0.263851    0.098428    
1.928030    3.301256    3.274055    3.609897    4.344733    5.613134    0.608045    0.495999    0.411218    0.321311    0.211810    0.089481    
1.628529    3.047696    3.032263    3.232409    3.759197    4.419134    5.244650    0.624598    0.481952    0.415782    0.351902    0.262361    0.165521    0.073260    
1.533579    2.917390    2.950144    3.095632    3.547615    4.102494    4.903392    5.481769    0.625477    0.479808    0.414745    0.362428    0.287054    0.199294    0.123614    0.038400    
1.253889    2.471579    2.812426    2.931243    3.249154    3.722395    4.252425    4.919341    5.664055    0.616859    0.477402    0.425285    0.381421    0.327154    0.252627    0.172325    0.103894    0.030438    
1.254794    2.454829    2.787954    2.923846    3.239813    3.713495    4.252553    4.923579    5.665546    6.189319    0.613018    0.471696    0.422530    0.379951    0.323563    0.248559    0.167222    0.098595    0.024755    1.567817    
