 7    -2.287889    2.461140    0.147245
-0.934865  0.816632  0.671318  0.859880  0.640418  0.266168  -0.867070  -0.429947  0.784486  0.648298  -1.177462  -0.270474  0.982758  0.978122  -0.218039  -1.001104  0.680115  -0.061909  0.443576  -0.178919  -0.562895  
-0.203031  -0.168317  -0.939306  0.150948  0.229884  -0.050194  -0.239053  
 1    -0.916959    0.092007      0.288676
 2    -1.744274    0.267070      0.114469
 3    -1.835416    0.273780      0.095277
 4    -1.923151    0.250745      0.076803
 5    -2.002883    0.467840      0.060013
 6    -2.075761    0.656628      0.044668
 7    -2.184964    0.827107      0.021673
 8    -2.231474    0.921699      0.011879
 9    -2.250829    0.945407      0.007804
10    -2.255514    0.955603      0.006817
3.267450    0.823639    
2.771136    3.277246    0.447265    0.414668    
1.974036    2.988038    3.033670    0.466441    0.397723    0.204136    
1.785930    2.791586    2.913140    3.674851    0.615727    0.451740    0.299307    0.225287    
2.352048    2.798779    3.004888    5.308838    6.263421    0.533577    0.450833    0.247858    0.000000    1.370404    
2.394380    2.735724    3.386230    5.016572    5.991282    6.283185    0.489514    0.483356    0.249556    0.000000    1.277820    1.417639    
1.394520    2.525944    2.673790    4.813665    5.776100    3.454945    4.406847    0.499354    0.393917    0.391739    0.000000    1.274616    1.405617    1.387700    
1.604452    2.444505    2.507618    4.054950    6.283185    3.458801    4.056005    3.360266    0.510482    0.405518    0.372644    0.052289    1.284587    1.310576    1.383870    1.434480    
1.208084    2.351363    2.706651    2.864865    6.178034    3.555369    3.231977    3.749989    3.587395    0.612085    0.449192    0.352599    0.236065    1.427665    1.325060    1.297945    1.395812    1.447809    
1.573074    2.206546    2.659300    2.404131    2.617408    6.239881    3.391072    3.297715    3.771825    3.560993    0.930633    0.835427    0.484052    0.355842    0.250845    1.422182    1.322100    1.312876    1.390602    1.459059    
