 7    -3.049421    2.781110    0.392152
0.222694  0.208597  0.246924  0.946107  -0.909334  0.788368  -0.080894  1.422173  0.389988  0.123607  -1.079835  -0.395403  -0.699981  0.098276  0.313446  -0.796713  -0.589850  0.162628  -1.607047  -0.144173  0.291914  
-0.049329  0.372188  -0.160918  -0.283867  -0.285654  -0.276519  0.227523  
 1    -1.461960    0.252157      0.272267
 2    -2.666558    0.587845      0.065665
 3    -2.884319    0.690179      0.028317
 4    -2.928087    0.724686      0.020810
 5    -2.955096    0.796102      0.016178
 6    -2.982768    0.888917      0.011432
 7    -3.025741    0.975967      0.004061
 8    -3.040701    0.993295      0.001496
 9    -3.047518    0.998657      0.000326
10    -3.048945    0.999788      0.000082
5.316778    0.400408    
5.091268    5.934839    0.750636    0.396251    
3.577206    4.406355    5.098096    0.639569    0.504872    0.253359    
2.852305    3.758723    3.839526    4.559562    0.591792    0.467886    0.337141    0.157522    
2.976255    3.907018    3.902002    4.544871    6.283185    0.611655    0.477656    0.341683    0.231226    0.089144    
3.303989    3.990418    4.041619    4.739770    6.283185    6.283185    0.621447    0.470983    0.341321    0.231184    0.174993    0.085215    
3.180018    3.809615    4.091276    4.778104    6.283185    5.469819    5.939087    0.588325    0.461012    0.314882    0.214907    0.187322    0.180047    0.118654    
2.130389    3.843034    3.772581    4.266545    5.570366    6.283185    5.961013    5.798000    0.603517    0.500284    0.370195    0.243792    0.154985    0.185501    0.179783    0.097311    
1.772067    3.493064    3.582320    3.899843    4.869591    6.283185    5.643585    5.555987    5.774814    0.614794    0.487283    0.411392    0.298908    0.190395    0.160232    0.171218    0.161137    0.074344    
1.620550    3.215032    3.465270    3.656809    4.374822    5.612365    5.993006    5.688242    5.506555    5.842549    0.626035    0.481593    0.421865    0.335706    0.239534    0.157284    0.163394    0.159203    0.122863    0.047623    
