 5    -3.066143    2.720297    0.508027
1.388700  1.788755  0.578529  -1.270554  -1.258753  -0.139977  -0.346450  -1.133400  0.839501  -1.195614  
-0.363547  0.207308  0.362950  0.109548  -0.109817  
 1    -1.016669    0.212559      0.354186
 2    -2.718203    0.684585      0.060130
 3    -2.921350    0.844281      0.025023
 4    -3.029699    0.964866      0.006298
 5    -3.056904    0.987701      0.001597
 6    -3.060546    0.991383      0.000967
 7    -3.063148    0.995912      0.000518
 8    -3.064999    0.999184      0.000198
 9    -3.066024    0.999958      0.000021
10    -3.066127    0.999996      0.000003
2.196279    0.497107    
5.026386    6.165907    0.615207    0.275659    
4.169754    5.674940    6.283185    0.626746    0.401246    0.189662    
4.185438    5.483774    6.283185    6.283185    0.623937    0.417913    0.290428    0.134194    
3.159441    4.925190    5.827592    6.283185    6.283185    0.583361    0.438304    0.327880    0.220823    0.092190    
2.277707    4.516076    5.374768    6.137470    6.283185    6.283185    0.609050    0.471343    0.380363    0.269682    0.164638    0.057931    
2.386992    4.559961    5.543972    6.283066    6.283185    5.543236    6.283185    0.622518    0.495565    0.406453    0.294291    0.165570    0.088148    0.042668    
2.194205    4.376853    5.280341    6.050223    6.283185    6.283185    6.283185    6.283185    0.616735    0.499091    0.424639    0.328883    0.216275    0.117862    0.076509    0.035445    
1.936733    4.100329    5.026546    5.792072    6.162497    6.283185    6.237214    6.033066    6.283185    0.627549    0.501470    0.438483    0.355660    0.262555    0.157096    0.091900    0.066587    0.027951    
1.682153    3.679440    4.749928    5.634748    6.163113    6.225166    5.959036    6.273824    6.119312    4.782788    0.615286    0.495456    0.447776    0.376216    0.288989    0.177644    0.104566    0.078896    0.036581    0.010429    
