 5    -2.642060    1.845375    0.086546
-1.749765  0.342680  1.153036  -0.252436  0.981321  0.514219  0.221180  -1.070043  -0.189496  0.255001  
0.855194  0.437108  -0.376698  0.707296  -0.878629  
 1    -0.735479    0.294146      0.424871
 2    -1.582196    0.636611      0.236185
 3    -1.809880    0.716318      0.185447
 4    -2.054689    0.762621      0.130892
 5    -2.298332    0.859007      0.076598
 6    -2.397651    0.666516      0.054465
 7    -2.329462    0.874868      0.069661
 8    -2.433679    0.895046      0.046436
 9    -2.577172    0.856815      0.014460
10    -2.582540    0.858630      0.013264
3.206789    1.189008    
3.041178    4.802837    0.797411    1.524151    
2.708442    6.215021    0.613864    0.763584    0.450693    1.005735    
3.194359    2.346842    4.822065    5.816531    0.554823    0.286054    1.216484    0.298783    
3.222671    2.351034    5.273659    5.999566    5.429579    0.641981    0.186484    1.170060    0.416281    1.322194    
2.862540    2.636848    5.098889    5.572375    5.474971    2.714657    0.667522    0.066874    1.082959    0.387973    1.392342    1.399337    
3.109170    4.924053    1.979610    2.217409    2.853559    3.811124    3.330238    0.720318    0.214824    1.232880    0.342479    1.253152    0.240684    1.225407    
3.184460    2.131777    5.388523    5.967360    5.320928    6.109081    5.174709    2.689875    0.594009    0.235166    1.090983    0.490661    1.277205    0.090712    1.380235    0.212419    
2.802357    2.329571    5.688945    5.618973    5.323558    2.973246    3.053392    5.255462    3.075370    0.730349    0.039793    1.075428    0.528327    1.335645    1.345855    0.244657    1.425157    0.151821    
2.801309    2.319583    5.707796    5.638309    5.312078    2.983047    3.017555    5.254557    3.165106    5.438548    0.728492    0.040295    1.064432    0.537279    1.337189    1.345436    0.247565    1.420287    0.165303    1.539770    
