 5    -3.131985    2.706653    1.072408
-0.497271  0.107765  1.882873  -1.069230  -1.527741  -1.511618  0.386228  0.482651  2.007500  -0.509702  
0.421238  -0.135194  -0.128209  -0.596222  0.123638  
 1    -1.120789    0.274736      0.344463
 2    -2.792628    0.875659      0.058123
 3    -3.038716    0.963965      0.015975
 4    -3.107009    0.990822      0.004278
 5    -3.125042    0.997394      0.001189
 6    -3.130812    0.999496      0.000201
 7    -3.131696    0.999906      0.000049
 8    -3.131712    0.999908      0.000047
 9    -3.131823    0.999949      0.000028
10    -3.131893    0.999960      0.000016
3.875135    0.777337    
4.573184    5.195725    0.582138    0.355985    
3.208288    4.699458    4.965977    0.552730    0.418368    0.212172    
2.263760    4.382015    4.700321    5.250761    0.604106    0.460650    0.324542    0.142226    
2.028028    4.087547    4.540043    5.139840    5.944266    0.643049    0.478962    0.384390    0.223278    0.072370    
1.944112    3.839791    4.409348    5.070865    5.839794    6.245479    0.620257    0.493630    0.413912    0.292340    0.146435    0.059221    
1.493219    3.181678    4.003214    4.617589    5.248483    5.886361    5.926767    0.610501    0.489136    0.434949    0.351194    0.223425    0.109644    0.037126    
1.436516    3.144366    4.007174    4.613307    5.208912    5.777529    5.671125    4.069003    0.616024    0.499049    0.441660    0.360443    0.235043    0.118056    0.042238    0.005944    
1.227432    2.782705    3.651116    4.199260    4.601825    4.954466    5.172965    5.067011    4.785069    0.602205    0.489767    0.434022    0.364845    0.260077    0.149270    0.074191    0.024691    1.570796    
0.994453    2.593549    3.608581    4.205152    4.663538    5.198924    5.491935    4.579357    5.567692    2.438076    0.625078    0.521455    0.448734    0.386852    0.284098    0.155154    0.061784    0.013964    1.570796    1.560129    
