 5    -2.597815    3.419773    0.104090
0.709056  0.857144  1.688367  2.164774  -0.970375  1.072576  1.688920  0.015477  -0.012332  0.213066  
-0.198428  -0.111222  0.970075  0.125635  0.189237  
 1    -2.021610    0.480405      0.095753
 2    -2.381510    0.265129      0.035945
 3    -2.527941    0.805692      0.011612
 4    -2.560031    0.980979      0.006279
 5    -2.589677    0.965781      0.001352
 6    -2.590507    0.974870      0.001215
 7    -2.594186    0.995565      0.000603
 8    -2.597065    0.999693      0.000125
 9    -2.597286    0.999713      0.000088
10    -2.597782    0.999986      0.000006
4.987809    0.891948    
2.668139    3.271425    0.257433    0.568655    
2.510228    3.476268    6.004662    1.114168    1.387215    1.126621    
2.091039    4.815863    4.124080    4.887052    1.002071    1.189808    1.456640    1.253223    
3.832284    4.072821    6.283185    5.166315    4.277448    0.773575    0.117854    0.831304    0.917544    0.652072    
3.790862    0.760128    3.532632    6.283185    5.076665    4.187254    1.022690    1.326381    0.141390    0.845420    0.941274    0.642385    
1.973479    4.479463    4.681630    4.010452    5.119919    6.283185    6.283185    1.004447    1.135181    1.235692    1.395960    1.378875    1.514880    1.444026    
1.678191    3.972641    4.452682    4.076685    5.107363    6.283185    6.283185    3.284169    0.984472    1.146702    1.245168    1.357249    1.328667    1.484762    1.558931    1.438003    
1.464805    3.687222    4.388789    4.008304    4.615604    6.088571    6.075137    3.069903    6.159141    0.978224    1.122446    1.241532    1.342661    1.330276    1.420327    1.570796    1.456150    1.521384    
1.693370    3.428108    4.063922    5.010723    3.181244    3.376876    3.160947    3.642593    3.310592    4.902509    0.629859    0.537609    0.405596    0.369803    1.419569    0.381306    1.294931    0.284950    1.410786    0.083742    
