 5    -0.874577    0.897121    0.018733
-0.659308  -0.719588  -0.144427  -0.408353  0.227388  0.597708  -0.412917  -0.404949  0.066307  0.000811  
0.365524  0.270934  0.055084  -0.024691  0.722257  
 1    -0.618563    0.319003      0.144502
 2    -0.772682    0.465896      0.057513
 3    -0.821152    0.609779      0.030154
 4    -0.855649    0.781068      0.010684
 5    -0.867442    0.872366      0.004027
 6    -0.869583    0.896238      0.002819
 7    -0.870666    0.920760      0.002207
 8    -0.872181    0.948803      0.001353
 9    -0.873340    0.962034      0.000698
10    -0.873954    0.981619      0.000352
4.372175    0.510700    
4.060890    5.544486    0.610812    0.257294    
4.101795    5.508615    6.283185    0.695542    0.383330    0.200119    
4.036287    4.942801    6.283185    6.283185    0.600065    0.373617    0.275228    0.163078    
3.309734    4.990779    6.283185    6.283185    5.884540    0.578360    0.378475    0.254363    0.234608    0.124579    
2.565035    4.609692    5.403504    6.283185    6.114362    6.283185    0.616473    0.422622    0.278716    0.208921    0.205418    0.099030    
2.573420    4.519590    5.550490    6.283185    6.216988    6.283185    6.283185    0.599710    0.465500    0.333267    0.227259    0.157459    0.148864    0.085824    
2.627660    4.932086    5.574081    6.283185    5.808420    6.283185    6.283185    5.977614    0.601971    0.447891    0.355165    0.298495    0.134885    0.046682    0.156674    0.107204    
2.699734    4.956777    5.877903    6.283185    5.374719    6.283185    6.283185    5.660151    6.283185    0.596866    0.431076    0.324507    0.281543    0.167605    0.016011    0.079736    0.174170    0.076485    
2.253348    4.461229    5.237381    6.283185    6.094731    6.037483    6.283185    6.283185    6.283185    6.283185    0.618367    0.452287    0.330923    0.261843    0.245568    0.161661    0.035417    0.055772    0.137432    0.076164    
