 5    -2.185791    1.663937    0.979606
-0.579335  -0.256799  -1.403429  0.787643  -0.286088  0.092368  0.611031  -0.920969  -0.368623  0.503275  
-0.306988  -0.127219  -0.531773  -0.198430  0.196271  
 1    -0.985413    0.418117      0.311809
 2    -1.968161    0.887934      0.056531
 3    -2.104776    0.949076      0.021044
 4    -2.173717    0.993092      0.003136
 5    -2.184854    0.999534      0.000243
 6    -2.185426    0.999808      0.000095
 7    -2.185678    0.999943      0.000029
 8    -2.185679    0.999944      0.000029
 9    -2.185771    0.999992      0.000005
10    -2.185717    0.999970      0.000019
3.351470    0.505567    
4.114277    4.655798    0.576473    0.334690    
2.910513    4.304191    4.953139    0.574240    0.433531    0.210842    
2.480003    4.032602    4.383936    5.167614    0.616303    0.467474    0.323053    0.154901    
1.745181    3.618048    4.077313    4.653348    5.323034    0.616354    0.477801    0.399454    0.237090    0.086863    
1.568321    3.133975    3.794283    4.279369    4.841197    5.313029    0.612216    0.472367    0.411139    0.305992    0.155419    0.047547    
1.373580    2.914881    3.711853    4.260633    4.899316    5.429089    6.243197    0.602494    0.482305    0.430530    0.340041    0.203716    0.081467    0.018861    
1.384529    2.934898    3.722671    4.270028    4.909254    5.431591    6.198921    4.229199    0.604505    0.482838    0.430688    0.339819    0.203182    0.082454    0.019643    0.001150    
1.092354    2.518504    3.370988    4.035204    4.540734    5.120473    5.447634    4.861669    2.276380    0.627790    0.517434    0.466623    0.410259    0.319099    0.197879    0.089000    0.015328    0.016295    
1.265379    2.818040    3.615346    4.138926    4.574019    4.991975    4.655872    3.530393    3.164871    6.172958    0.624149    0.506395    0.446320    0.369574    0.246894    0.123837    0.034299    0.006033    0.000000    1.561190    
