 5    -1.843471    1.776668    0.371121
0.659883  0.275174  0.023310  -0.031400  -0.488760  1.769949  -1.057899  0.536744  0.252211  -0.359362  
0.508669  -0.246687  -0.166476  0.221561  0.076817  
 1    -0.948892    0.207841      0.247112
 2    -1.448173    0.257616      0.109194
 3    -1.544821    0.217973      0.082497
 4    -1.555493    0.247957      0.079549
 5    -1.644400    0.658465      0.054990
 6    -1.697534    0.786172      0.040312
 7    -1.757755    0.838129      0.023677
 8    -1.770246    0.869894      0.020227
 9    -1.785596    0.903154      0.015987
10    -1.802077    0.943541      0.011434
5.894574    0.574522    
4.681564    5.901387    0.601945    0.312823    
2.940666    5.188445    5.686155    0.585724    0.441369    0.220053    
3.279289    3.911987    6.283185    5.621443    1.048337    0.915503    0.615680    0.267856    
4.301615    4.683549    4.807258    6.283158    6.283185    0.549875    0.261096    0.000000    1.354248    1.362482    
4.825415    4.049522    2.952155    6.283185    6.283185    5.083211    0.581414    0.121916    0.069228    1.334070    1.326066    1.434281    
1.956295    5.223704    6.063830    6.283185    6.283185    4.547931    6.283185    0.539448    0.497372    0.092871    1.294367    1.308277    1.364961    1.438318    
2.753392    4.090469    6.283185    5.576662    6.283185    6.283185    4.333749    6.283185    0.998370    0.784200    0.555382    0.118727    1.291297    1.313034    1.382138    1.437706    
2.858201    4.467071    5.251896    6.283185    6.283185    6.283185    5.091862    6.283185    6.283185    0.455725    0.390266    0.047460    1.308133    1.231923    1.397638    1.490939    1.570796    0.098086    
2.999267    4.835389    4.903708    6.283185    6.283185    6.283185    3.875522    6.283185    6.283185    6.283185    0.521247    0.369236    0.045161    1.335053    1.222319    1.409849    1.507137    1.570796    0.125957    0.080786    
