 5    -1.235859    2.166940    0.202698
0.045279  -0.499267  -1.271602  -0.517983  0.510143  -0.288202  -0.237575  -0.498752  -0.734063  1.241094  
-0.434446  -0.577162  -0.498885  0.110958  0.278748  
 1    -0.604235    0.183895      0.185619
 2    -0.796817    0.144519      0.129024
 3    -0.873849    0.037534      0.106386
 4    -0.923953    0.132201      0.091662
 5    -0.945926    0.101462      0.085204
 6    -1.006819    0.142401      0.067309
 7    -0.996319    0.404015      0.070395
 8    -1.071060    0.577377      0.048431
 9    -1.101257    0.707215      0.039556
10    -1.150947    0.780996      0.024953
6.161191    1.158522    
5.496261    6.283185    1.099297    1.388297    
5.056009    4.965826    5.111497    1.025501    1.155800    1.278985    
3.683540    0.982296    1.744886    6.283185    0.848829    0.698360    1.004269    1.343734    
3.690697    0.880493    1.768611    6.283185    6.283185    0.823631    0.731339    0.997472    1.338659    1.492905    
3.304334    1.089389    1.852968    6.109479    3.809357    5.860885    0.846512    0.679837    1.010351    1.329198    1.474964    1.447905    
4.383707    5.207189    6.188346    6.283185    2.517758    6.283185    2.976754    1.094275    0.720269    1.036709    1.523770    0.126654    1.445356    0.165385    
5.284559    2.303543    3.106326    5.468325    6.283185    1.597082    6.283185    5.422447    1.053792    0.170242    0.432616    1.101402    1.429449    0.512995    1.496732    0.317341    
5.589059    2.277421    3.225490    5.048329    4.854084    5.695361    4.576188    5.451067    6.035880    1.184224    1.186063    1.089419    1.266927    1.077900    1.095799    1.570796    1.449828    1.266835    
3.774555    2.623173    2.801278    2.053975    4.689168    4.782853    5.537863    4.434681    5.247119    5.957006    1.392039    1.082182    1.194349    1.360333    1.235410    1.113372    0.958879    1.570796    1.461001    1.179783    
