 5    -2.188356    2.782625    0.758927
-0.772544  -0.339930  -0.892330  0.660013  0.253680  1.573258  -0.578790  -1.557856  0.295479  -0.485479  
0.029282  -0.470540  0.304074  0.466456  -0.020950  
 1    -1.495348    0.278603      0.139411
 2    -1.574925    0.330430      0.123402
 3    -1.723186    0.519930      0.093577
 4    -1.859871    0.658634      0.066081
 5    -2.001449    0.816536      0.037600
 6    -2.123644    0.933734      0.013018
 7    -2.155851    0.966108      0.006539
 8    -2.159090    0.970010      0.005887
 9    -2.163882    0.974778      0.004923
10    -2.166665    0.977801      0.004364
3.867660    0.616074    
2.806647    4.140017    0.638371    0.248978    
4.716196    6.283185    5.787131    0.607051    0.209416    0.331788    
3.579184    6.283185    6.283185    5.133903    0.625853    0.147108    0.356965    0.229003    
3.540442    6.283185    6.283185    5.430810    5.104223    0.466305    1.484801    0.210263    0.326066    0.255323    
3.357934    6.283185    6.283185    6.283185    6.283185    5.293204    0.515194    1.425119    0.102714    0.191245    0.340278    0.211616    
3.927815    6.283185    6.283185    6.283185    6.283185    5.600338    5.206736    0.619508    0.004158    0.058120    0.054662    0.237248    0.292863    0.151020    
3.469792    6.283185    6.283185    6.283185    6.283185    6.283185    6.283185    5.166626    0.555841    0.101383    0.243392    0.081280    0.145543    0.110326    0.192327    0.106291    
3.900475    6.283185    6.283185    6.283185    6.283185    6.283185    6.283185    6.283185    5.156076    0.561889    0.125719    0.334234    0.237020    0.095285    0.000000    0.010389    0.201498    0.144837    
4.158572    6.283185    6.283185    5.996725    6.283185    6.283185    6.283185    6.283185    6.283185    5.893107    0.625367    0.165488    0.342585    0.258692    0.124165    0.000000    0.000000    0.121453    0.155699    0.088688    
