 5    -1.861929    2.466779    0.330335
-0.994205  -0.671251  -0.887883  0.195603  1.382997  0.888781  -0.060407  -0.573972  0.071070  -1.079800  
-0.950895  0.081379  -0.183815  -0.251404  -0.169879  
 1    -0.951584    0.319370      0.210304
 2    -1.654566    0.831942      0.047904
 3    -1.792050    0.878851      0.016143
 4    -1.847536    0.988319      0.003325
 5    -1.859172    0.997805      0.000637
 6    -1.861198    0.999250      0.000169
 7    -1.861575    0.999636      0.000082
 8    -1.861825    0.999914      0.000024
 9    -1.861905    0.999988      0.000006
10    -1.861911    0.999990      0.000004
3.728319    0.745652    
3.824848    4.310030    0.554111    0.311289    
3.302003    4.262879    6.048607    0.586434    0.446981    0.208024    
2.459921    3.885102    4.246146    5.331887    0.570418    0.458684    0.298732    0.160394    
1.672765    3.625537    4.073613    4.713697    5.354081    0.613039    0.476075    0.392952    0.232666    0.097685    
1.623605    3.288718    3.921492    4.531373    5.025130    5.641136    0.612988    0.485410    0.405469    0.291979    0.152791    0.050602    
1.304791    2.828593    3.582368    4.166518    4.714449    5.132657    5.538656    0.603139    0.483405    0.424129    0.335242    0.216394    0.099489    0.028793    
1.144613    2.576974    3.342130    4.003912    4.509378    5.066284    5.407758    5.893428    0.624123    0.510693    0.454813    0.392196    0.302341    0.187302    0.089223    0.028832    
1.119913    2.575512    3.362051    4.018087    4.537269    5.020261    5.462998    5.679041    5.898628    0.632415    0.523641    0.471331    0.413668    0.335463    0.234437    0.136615    0.063402    0.019099    
1.073829    2.486327    3.279545    3.941846    4.457489    4.928090    5.340158    5.498945    5.182133    3.367570    0.631968    0.522687    0.471927    0.417093    0.341817    0.243006    0.144021    0.068776    0.020890    0.005879    
