 5    -2.588137    3.163287    0.898975
-0.000432  -1.841434  -0.203556  -0.624784  -1.219408  -1.390574  -1.150531  0.491366  0.054424  0.097679  
0.336753  0.181960  0.491946  0.073470  0.149826  
 1    -1.041961    0.288482      0.268834
 2    -2.153334    0.698795      0.075599
 3    -2.376530    0.853655      0.036792
 4    -2.540766    0.969502      0.008236
 5    -2.568518    0.984153      0.003411
 6    -2.578621    0.991418      0.001654
 7    -2.581760    0.994667      0.001109
 8    -2.587480    0.999717      0.000114
 9    -2.588102    0.999987      0.000006
10    -2.588114    0.999992      0.000004
2.928552    0.446620    
4.576014    5.577685    0.595645    0.298721    
3.945695    5.498035    6.283185    0.642794    0.404350    0.204805    
3.765566    5.099802    6.097026    6.283185    0.609003    0.434565    0.278903    0.156285    
2.413192    4.680351    5.363871    6.283185    6.283185    0.606899    0.470912    0.359983    0.232094    0.107260    
2.157406    4.173197    5.018948    5.846424    6.283185    6.283185    0.620396    0.475228    0.388138    0.279455    0.165696    0.061879    
1.966091    3.968025    4.779951    5.591784    6.061311    6.283185    6.283185    0.629574    0.491655    0.410542    0.309705    0.204993    0.104805    0.034921    
2.299065    4.263899    5.106936    5.830697    6.134613    6.283185    6.147627    6.283185    0.622215    0.501282    0.417514    0.331850    0.213736    0.124294    0.074348    0.047485    
1.538205    3.351324    4.343401    5.277964    5.894926    6.283110    6.116555    5.452118    5.912736    0.588867    0.483129    0.440684    0.369672    0.289805    0.177056    0.096444    0.063610    0.039819    
1.526603    3.339647    4.291238    5.132293    5.691484    6.008897    6.227485    5.859842    3.865360    3.699808    0.599593    0.485913    0.438901    0.367804    0.289498    0.188532    0.111835    0.063175    0.023799    0.025404    
