 5    -2.367160    3.404105    0.173139
-0.736260  0.440260  0.731900  0.254316  -1.807715  1.053235  -2.661686  -1.076339  0.484691  0.170791  
0.042096  0.652952  0.022126  -0.189513  0.400654  
 1    -1.624593    0.224161      0.128666
 2    -1.927981    0.257038      0.076097
 3    -2.001207    0.244184      0.063409
 4    -2.090692    0.202875      0.047904
 5    -2.190935    0.107375      0.030535
 6    -2.206583    0.095257      0.027823
 7    -2.207450    0.089873      0.027673
 8    -2.207506    0.088450      0.027664
 9    -2.208369    0.094369      0.027514
10    -2.224349    0.297174      0.024745
5.272308    0.446865    
4.154029    5.783259    0.596617    0.258655    
3.729199    5.516159    6.283185    0.628205    0.381316    0.145493    
3.949507    5.515984    6.283185    6.283185    0.622504    0.407492    0.252829    0.147226    
4.083161    5.910329    6.283185    6.283185    5.988876    0.579766    0.266134    0.157917    0.247168    0.172582    
2.626124    4.760372    5.531598    6.283185    6.250016    6.210737    0.561401    0.367208    0.190986    0.178599    0.239651    0.127478    
1.942384    4.174967    5.075335    6.266991    6.192909    5.572760    5.526914    0.570694    0.415160    0.257340    0.171489    0.195740    0.176271    0.073737    
1.797786    3.903007    4.590462    5.302786    5.577461    5.434913    5.185248    4.954086    0.577059    0.411958    0.268135    0.159150    0.162731    0.184986    0.125373    0.039865    
2.170896    4.294463    4.844875    5.942185    6.179350    5.756173    5.853304    6.283185    6.283185    0.604777    0.410109    0.253423    0.150300    0.172483    0.188685    0.116100    0.000000    1.543124    
4.377880    6.283185    5.684310    6.003799    6.283185    5.847983    5.845188    6.283185    6.283185    6.283185    0.583219    0.124457    0.000000    0.163849    0.145611    0.045303    0.047405    0.000000    1.396838    1.433484    
