 5    -0.811526    2.073757    0.052141
-0.470129  0.670906  -0.822153  0.503401  -0.184276  0.514476  -0.472338  -0.433457  0.480020  -0.085906  
-0.141458  0.100036  -0.667137  -0.160251  0.280780  
 1    -0.169941    0.202935      0.222365
 2    -0.700388    0.777215      0.038519
 3    -0.783302    0.841341      0.009782
 4    -0.801596    0.966196      0.003442
 5    -0.809366    0.990801      0.000749
 6    -0.811335    0.999743      0.000066
 7    -0.811396    0.999810      0.000045
 8    -0.811514    0.999981      0.000004
 9    -0.811518    0.999971      0.000003
10    -0.811525    0.999998      0.000000
6.176337    0.241251    
3.831989    4.588303    0.555346    0.316116    
3.190321    4.473519    6.283185    0.629079    0.441990    0.264365    
2.423580    3.877067    4.316873    5.926795    0.549280    0.447601    0.299647    0.189641    
1.989260    3.969613    4.480247    5.185457    6.228142    0.621461    0.469565    0.379552    0.239066    0.107779    
1.737547    3.507081    4.255298    5.002042    5.322349    6.095794    0.600160    0.488173    0.396868    0.300335    0.163546    0.070191    
1.395081    3.081744    3.851211    4.497694    4.990603    5.351725    5.620019    0.608025    0.483764    0.416249    0.328762    0.222145    0.112265    0.037049    
1.179077    2.613988    3.445853    4.246190    4.756888    5.405946    5.560174    6.283185    0.649242    0.534418    0.468853    0.419614    0.334402    0.229902    0.119167    0.044998    
1.093642    2.472715    3.346280    4.178110    4.685227    5.250440    5.437763    5.674359    3.954776    0.642295    0.533553    0.478183    0.425676    0.348120    0.241540    0.137395    0.049788    0.014317    
1.178667    2.681873    3.516303    4.261098    4.791125    5.258856    5.474892    4.703919    3.166269    5.488392    0.650850    0.544149    0.487791    0.434323    0.360766    0.267117    0.156733    0.057847    0.041455    0.019185    
