 5    -4.055787    2.852971    2.423375
-1.945109  0.620710  -0.432221  0.462573  0.020115  -0.392806  2.213288  1.454509  -1.097804  0.429880  
-0.165870  -0.112594  0.997616  -0.105575  0.167283  
 1    -1.022661    0.224884      0.439026
 2    -3.629589    0.903330      0.061690
 3    -3.887526    0.963127      0.024355
 4    -4.050976    0.998608      0.000696
 5    -4.055326    0.999835      0.000067
 6    -4.055754    0.999990      0.000005
 7    -4.055756    0.999991      0.000005
 8    -4.055764    0.999994      0.000003
 9    -4.055772    0.999996      0.000002
10    -4.055776    0.999998      0.000002
4.071162    0.227370    
4.084876    3.746020    0.467355    0.345932    
1.972980    4.156302    3.618071    0.463056    0.377175    0.244027    
2.068374    3.603010    4.312761    4.097884    0.652810    0.444664    0.290117    0.220621    
1.641618    3.413690    3.860075    4.300555    4.846154    0.601522    0.460589    0.376847    0.209862    0.115236    
1.571055    3.275527    3.862165    4.361131    4.616730    5.547788    0.611466    0.487911    0.392353    0.302251    0.141139    0.076873    
1.544667    3.230554    3.836848    4.334050    4.620009    5.460896    5.794004    0.610111    0.486563    0.393338    0.304718    0.144188    0.077639    0.002050    
1.474147    3.165672    3.828899    4.324102    4.649358    5.348331    5.786619    2.180160    0.611705    0.494961    0.403360    0.318344    0.163817    0.088668    0.012217    1.570747    
1.428389    3.026417    3.604668    4.030433    4.288839    4.758392    4.260584    5.835283    5.598764    0.598923    0.472898    0.391177    0.300217    0.181214    0.073797    0.038421    1.568200    0.001581    
1.540807    1.893132    2.321221    3.835631    4.100021    4.773526    4.569758    5.694842    5.883853    6.003259    0.826901    1.119721    0.708275    0.466048    0.364206    0.216504    0.118722    0.015401    1.564695    1.552836    
