 5    -3.491513    2.215561    1.034929
-1.105140  -1.607770  -1.264305  -0.061869  -0.944557  -1.679209  -0.822992  -0.049193  -0.700455  0.428230  
0.233334  0.171736  0.143008  -0.909269  0.160727  
 1    -1.805516    0.442217      0.295422
 2    -2.258539    0.609523      0.216043
 3    -3.004455    0.823220      0.085343
 4    -3.280308    0.897965      0.037008
 5    -3.379812    0.956057      0.019572
 6    -3.445873    0.986069      0.007997
 7    -3.461721    0.991649      0.005220
 8    -3.487815    0.998767      0.000648
 9    -3.489210    0.999134      0.000404
10    -3.491337    0.999953      0.000031
4.989737    0.893977    
5.924511    2.942694    0.979245    1.350155    
4.793203    6.283185    3.123947    0.773699    0.355115    1.187786    
4.120306    6.283185    3.323799    4.468846    0.639397    0.417605    0.985067    0.260579    
3.166558    6.283185    3.014901    4.704612    5.617843    0.632761    0.472444    0.803051    0.548031    1.276952    
2.985901    5.835189    3.358043    4.712469    5.692848    6.283185    0.586471    0.482457    0.835910    0.621346    1.092242    0.171354    
2.991644    5.870857    3.482983    4.928159    5.861459    6.283185    3.622466    0.637820    0.466744    0.798375    0.596026    1.069708    0.249688    1.479818    
2.404043    2.505746    3.297791    4.158463    2.546924    4.264494    2.870003    4.328053    0.860715    1.106363    0.676729    0.650010    1.362131    0.507910    1.188094    0.147535    
2.271047    2.495783    2.884579    3.943309    1.475430    5.381133    2.872771    5.597230    1.123626    0.824557    1.160769    0.679415    0.844191    1.186823    0.588683    1.125582    0.381241    1.354435    
1.449283    2.717392    3.436011    4.059190    1.445252    4.672818    2.948904    4.226938    3.276193    5.328406    0.613944    0.503281    0.401361    0.612124    1.212276    0.498592    1.141353    0.354355    1.373772    0.043757    
