 5    -2.688966    2.831876    0.408955
-0.865377  -0.906804  -0.216282  -1.436207  -1.287836  0.000968  0.262022  -0.588278  -0.086633  2.495468  
-0.369319  -0.190565  -0.188353  0.265286  -0.382668  
 1    -1.125732    0.332385      0.283151
 2    -2.526002    0.947669      0.029518
 3    -2.678545    0.993834      0.001888
 4    -2.686573    0.998724      0.000433
 5    -2.688702    0.999768      0.000048
 6    -2.688703    0.999770      0.000048
 7    -2.688704    0.999770      0.000047
 8    -2.688714    0.999774      0.000046
 9    -2.688708    0.999774      0.000047
10    -2.688861    0.999929      0.000019
2.730038    0.325785    
5.054125    5.668010    0.698655    0.379416    
2.902993    4.603742    5.259200    0.613789    0.520344    0.257088    
2.070629    4.103401    4.322259    4.942354    0.627953    0.507217    0.379870    0.153201    
1.942545    3.710534    4.110096    4.848482    6.114403    0.602096    0.486510    0.403168    0.228227    0.050138    
1.941775    3.711900    4.112121    4.856480    6.117739    5.291705    0.601856    0.486672    0.403538    0.228923    0.051401    0.000969    
1.942103    3.709684    4.107813    4.849218    6.102750    4.618914    5.761856    0.601682    0.486309    0.403060    0.228204    0.050143    0.000000    1.570138    
1.954289    3.703485    4.105173    4.816734    6.046308    5.064739    5.938536    2.472595    0.603679    0.486987    0.406249    0.239595    0.063970    0.000000    1.570669    1.566027    
1.942638    3.708062    4.115574    4.849864    6.113757    5.144021    5.519101    6.044457    3.162541    0.602227    0.487228    0.405011    0.232172    0.054268    0.000000    1.570796    0.000000    0.001503    
1.782658    3.583713    4.138019    4.731872    5.255586    4.933795    5.795607    2.243771    2.358276    6.281066    0.655393    0.545702    0.484576    0.385020    0.246007    0.068972    1.570776    1.552212    1.519478    1.536969    
