 5    -3.466212    4.216375    1.666950
-1.416842  1.141139  -0.062071  0.221127  -1.024472  -0.338375  2.052339  -0.303012  -1.444028  -2.597116  
0.335571  0.217963  -0.225253  -0.219322  -0.382285  
 1    -1.949083    0.521668      0.197476
 2    -3.346646    0.968187      0.015563
 3    -3.458975    0.997752      0.000942
 4    -3.464783    0.999475      0.000186
 5    -3.465930    0.999857      0.000037
 6    -3.465947    0.999864      0.000035
 7    -3.465941    0.999857      0.000035
 8    -3.465935    0.999856      0.000036
 9    -3.465959    0.999869      0.000033
10    -3.466095    0.999947      0.000015
6.146796    0.683976    
5.420424    5.894236    0.725021    0.390701    
2.683729    4.767098    5.396690    0.624395    0.541427    0.272819    
2.021314    3.984133    4.169438    4.835828    0.614646    0.496869    0.376818    0.160964    
1.930062    3.756394    4.180457    4.892938    6.205402    0.603911    0.495005    0.411616    0.237026    0.056994    
1.917992    3.709227    4.145444    4.825245    5.785291    4.636225    0.602986    0.492985    0.415369    0.249063    0.070732    0.009461    
1.929158    3.737535    4.135996    4.834818    6.011387    3.575663    5.894770    0.602822    0.491385    0.408722    0.236400    0.054992    0.000000    1.567739    
1.929978    3.754586    4.169461    4.881183    6.144790    4.212643    5.822887    4.857332    0.603667    0.494197    0.410998    0.237648    0.057335    0.000000    1.569218    0.000010    
1.907235    3.697938    4.135042    4.792029    5.674170    4.138763    5.749915    6.269439    3.783589    0.603477    0.492611    0.415040    0.246550    0.062764    0.000000    1.559237    1.566957    1.570796    
1.951911    3.638260    4.140691    4.726176    5.540517    3.799994    5.222682    4.373915    3.903860    0.100450    0.644477    0.524082    0.457418    0.342850    0.169467    0.002233    1.570760    1.547394    0.016633    1.558885    
