 5    -1.739027    1.100089    0.466215
0.865590  -0.505806  0.978056  0.089766  -0.313105  -0.997138  -0.062213  -0.719255  0.387988  0.285235  
-0.456736  0.332026  -0.030408  0.733531  0.013661  
 1    -1.237897    0.242161      0.176509
 2    -1.306080    0.329600      0.152493
 3    -1.459658    0.526757      0.098400
 4    -1.560472    0.672950      0.062891
 5    -1.629796    0.778481      0.038474
 6    -1.638963    0.791231      0.035245
 7    -1.642882    0.808578      0.033864
 8    -1.652606    0.821389      0.030439
 9    -1.666267    0.855391      0.025628
10    -1.680821    0.889301      0.020501
4.540020    0.754147    
1.432749    6.283185    0.442797    1.195768    
6.283185    6.236775    4.503550    0.932505    1.215968    1.365287    
3.007066    6.283185    6.283185    5.756281    0.323763    1.266665    1.188882    1.374709    
3.055678    6.283185    6.283185    6.283185    5.323388    0.531444    1.315207    1.398103    1.247309    1.365547    
3.011637    6.283185    3.424214    6.283185    6.283185    5.334297    0.638959    1.369201    1.323460    1.373544    1.316911    1.434888    
6.283185    5.806699    4.751144    6.283185    6.283185    6.283185    5.303687    0.977180    1.231256    1.368287    1.413132    1.483803    1.426974    1.433765    
2.422682    6.283185    4.328389    5.428848    6.283185    6.283185    6.283185    5.036449    0.544695    1.208469    1.223829    1.318463    1.462370    1.570796    1.444821    1.432259    
2.113746    6.283185    6.031190    6.283185    6.283185    6.283185    6.283185    6.283185    5.826761    0.342859    1.172209    1.225740    1.302950    1.403149    1.570796    1.570796    1.460630    1.437601    
6.002438    6.283185    6.226049    6.283185    6.283185    6.258024    6.218973    6.201424    5.012066    5.169362    1.038285    1.279523    1.354376    1.255116    1.383864    1.570796    1.570796    1.570796    1.452585    1.393750    
