 5    -1.012904    1.848152    0.084897
-0.804458  0.320932  -0.025483  0.644324  -0.300797  0.389475  -0.107437  -0.479983  0.595036  -0.464668  
0.272630  0.195927  0.109304  -0.813028  -0.148910  
 1    -0.719975    0.502099      0.102385
 2    -0.926460    0.878671      0.030214
 3    -0.974631    0.940313      0.013377
 4    -1.008125    0.986601      0.001670
 5    -1.012395    0.997599      0.000178
 6    -1.012768    0.999476      0.000048
 7    -1.012866    0.999862      0.000013
 8    -1.012872    0.999902      0.000011
 9    -1.012883    0.999950      0.000007
10    -1.012899    0.999994      0.000002
5.097008    0.646532    
3.435931    3.752152    0.487033    0.360452    
1.950192    3.801405    3.930255    0.526868    0.420777    0.232902    
1.943621    3.415673    3.796386    4.207817    0.636303    0.453018    0.321251    0.179624    
1.548117    3.191891    3.566688    4.048898    4.676669    0.606523    0.464669    0.389027    0.221344    0.093061    
1.471435    3.007075    3.485071    3.954752    4.468342    4.837049    0.611068    0.475620    0.400771    0.284514    0.137159    0.044992    
1.243230    2.696475    3.321113    3.788358    4.366911    4.651198    5.322836    0.600541    0.477975    0.420739    0.324520    0.198502    0.085709    0.025609    
1.180347    2.642507    3.321189    3.803413    4.373117    4.720030    5.201077    5.026832    0.605410    0.489032    0.433827    0.344404    0.224843    0.113620    0.041012    0.009171    
1.134217    2.540098    3.191367    3.628327    4.026977    4.223447    4.022504    3.511141    2.856101    0.608148    0.488868    0.430100    0.349889    0.235450    0.131636    0.051514    0.018840    0.010513    
0.861369    2.147844    2.993807    3.548681    3.979278    4.492570    4.813449    4.030520    5.567150    6.283131    0.614139    0.512231    0.456415    0.394273    0.295909    0.174542    0.061523    0.003920    1.552914    1.557043    
