 5    -3.024046    2.308534    0.391275
-1.708201  -0.685090  0.474089  1.287810  -0.074869  0.118065  0.501762  1.971941  -1.543012  1.101359  
0.134510  0.759293  -0.144715  0.162193  -0.283728  
 1    -1.595858    0.441861      0.267823
 2    -2.690013    0.901736      0.062640
 3    -2.883315    0.953937      0.026391
 4    -3.005886    0.993165      0.003405
 5    -3.022333    0.999186      0.000321
 6    -3.023384    0.999739      0.000124
 7    -3.023894    0.999941      0.000029
 8    -3.023898    0.999940      0.000028
 9    -3.023931    0.999959      0.000022
10    -3.023977    0.999974      0.000013
6.129665    0.752573    
3.724529    4.117364    0.519514    0.352329    
2.287093    3.953814    4.064150    0.531296    0.411387    0.229695    
2.173306    3.664890    4.053875    4.443370    0.638045    0.456328    0.319314    0.180071    
1.638037    3.386349    3.755492    4.272174    4.910001    0.611268    0.466817    0.391101    0.226500    0.092965    
1.537085    3.136397    3.642865    4.113084    4.658637    4.970721    0.610976    0.474222    0.402786    0.288901    0.139468    0.044990    
1.288369    2.824094    3.514094    4.005225    4.625818    4.953451    5.717174    0.601897    0.483042    0.427094    0.333124    0.206955    0.089392    0.028275    
1.256848    2.769943    3.480946    3.973455    4.582259    4.908263    5.587123    3.891267    0.599382    0.481827    0.428254    0.337142    0.212203    0.095536    0.030421    0.002658    
1.263983    2.800570    3.482134    3.951796    4.495182    4.779668    5.570220    4.327917    4.720976    0.607412    0.487586    0.428160    0.338180    0.207096    0.095686    0.016719    0.000000    1.560733    
1.029833    2.457592    3.269758    3.782242    4.226443    4.777612    5.903112    2.451843    6.191469    4.761849    0.607463    0.499408    0.440827    0.369269    0.251960    0.122635    0.029999    1.537384    1.545706    1.555780    
