 5    -3.632530    2.366615    1.447110
-0.377364  0.166759  0.682802  1.921379  -0.197037  -0.759879  -2.089066  -0.036373  -1.217749  -1.428905  
0.516377  -0.091637  -0.108834  -0.303470  -0.304944  
 1    -1.053562    0.269462      0.429889
 2    -3.152802    0.815078      0.079966
 3    -3.486841    0.949665      0.024285
 4    -3.603074    0.991486      0.004910
 5    -3.628597    0.998472      0.000656
 6    -3.631209    0.999332      0.000220
 7    -3.631767    0.999673      0.000127
 8    -3.632286    0.999927      0.000041
 9    -3.632486    0.999987      0.000007
10    -3.632493    0.999990      0.000006
2.867322    0.336530    
5.043061    6.283185    0.632281    0.334686    
3.881698    5.599478    6.283185    0.608129    0.441500    0.215662    
3.249587    5.206771    5.662721    6.283185    0.615464    0.455303    0.324059    0.138977    
2.479190    4.597489    5.216347    5.815537    6.283185    0.601958    0.467039    0.369915    0.227311    0.086094    
1.948406    4.024550    4.839508    5.479064    5.978959    6.283185    0.608363    0.475661    0.404894    0.288853    0.154948    0.046633    
1.748895    3.792545    4.787310    5.478056    6.053465    6.283185    6.283185    0.628894    0.506582    0.438874    0.342412    0.208924    0.088663    0.024803    
1.640288    3.625835    4.618637    5.362312    5.901662    6.282767    6.250777    6.283185    0.630457    0.518086    0.458560    0.379137    0.267019    0.144288    0.066317    0.025055    
1.464064    3.316669    4.300548    5.079142    5.622993    6.057913    6.257002    5.789302    5.884808    0.636534    0.521376    0.467180    0.403422    0.312690    0.200430    0.102762    0.047294    0.018014    
1.384831    3.165120    4.176749    4.896548    5.295851    5.456079    5.668703    6.248011    5.004917    3.876277    0.630346    0.518300    0.465178    0.399146    0.308509    0.204877    0.126911    0.067376    0.016621    0.013356    
