 5    -1.442438    1.567691    0.328442
1.106323  0.363394  -0.936566  0.047962  0.263298  -0.084500  -0.391316  0.255723  0.376680  -0.973780  
-0.413259  0.234911  0.118596  -0.407427  -0.134296  
 1    -0.644301    0.295768      0.265150
 2    -1.275573    0.818890      0.055435
 3    -1.410208    0.957795      0.010707
 4    -1.435036    0.993384      0.002459
 5    -1.441513    0.998753      0.000307
 6    -1.441958    0.999339      0.000159
 7    -1.442262    0.999734      0.000058
 8    -1.442355    0.999872      0.000028
 9    -1.442427    0.999985      0.000004
10    -1.442427    0.999985      0.000004
2.601697    0.403324    
4.847667    5.577665    0.593439    0.307735    
3.845497    4.959141    5.626799    0.578208    0.451285    0.214690    
3.086426    4.697819    5.241403    6.042337    0.602013    0.458762    0.323516    0.123181    
2.119203    4.120917    4.730673    5.495760    6.242460    0.609165    0.478701    0.387021    0.247452    0.085659    
1.780908    3.659913    4.436177    5.059841    5.749963    6.283185    0.615846    0.486686    0.417445    0.303554    0.161240    0.046075    
1.867719    3.808024    4.520740    5.147324    5.757381    6.089136    5.900109    0.638678    0.511533    0.438329    0.336353    0.197940    0.086010    0.029500    
1.531216    3.323017    4.194965    4.867963    5.416232    5.919949    5.334568    4.304427    0.621612    0.508319    0.452815    0.370019    0.252977    0.128118    0.046123    0.022204    
1.260965    2.876159    3.802137    4.548076    5.113726    5.653226    6.137023    5.012929    3.871160    0.632443    0.516699    0.468568    0.410012    0.321386    0.206645    0.101452    0.029579    0.018792    
1.268412    2.904903    3.802150    4.498442    5.010774    5.437678    5.611900    4.390580    4.725036    4.714241    0.632330    0.515899    0.463642    0.402222    0.312558    0.199075    0.095085    0.039201    0.022848    0.000798    
