 5    -1.961676    2.140587    0.363274
-0.275434  0.009924  0.464788  0.342611  1.134445  -1.210976  -1.443573  -0.759583  0.937481  0.102493  
-0.017405  -0.449433  0.292274  0.763802  -0.326382  
 1    -0.879916    0.304813      0.263698
 2    -1.633146    0.475723      0.080085
 3    -1.700724    0.486299      0.063612
 4    -1.718169    0.548626      0.059359
 5    -1.735101    0.540805      0.055232
 6    -1.751507    0.585950      0.051232
 7    -1.775200    0.655994      0.045457
 8    -1.780978    0.666432      0.044048
 9    -1.816240    0.820063      0.035453
10    -1.899741    0.882521      0.015098
3.886629    1.056288    
5.204584    5.232368    0.938163    0.261612    
0.605356    4.857858    5.743397    0.358960    0.955277    0.348119    
3.018111    5.706429    2.559463    6.283185    0.921050    1.114792    0.193419    1.296908    
2.842097    5.880595    2.532340    6.283185    5.610957    0.831879    1.139262    0.219998    1.238538    0.104016    
2.858920    3.208144    6.025212    6.259339    6.230996    6.283185    0.190581    1.018090    0.232882    1.482580    1.567403    1.418029    
2.355954    4.422755    2.930446    6.283185    6.283185    6.197437    4.636561    0.577407    1.229896    0.009994    1.086696    0.416437    1.267576    1.507118    
2.566804    4.458730    2.972543    6.283185    6.283185    6.013958    4.716241    4.509667    0.593851    1.238331    0.018126    1.089776    0.437793    1.273649    1.570796    1.473342    
3.081849    4.967547    6.283185    6.283185    6.283185    5.718059    2.268258    2.862964    2.044410    0.547475    1.333162    0.220224    1.417287    1.371120    1.021213    0.353608    1.102534    0.294713    
2.858292    5.304919    5.072350    6.283185    6.283185    6.283185    2.365519    2.895363    2.601856    6.283185    0.632493    1.301784    0.254177    1.302197    1.468105    1.008554    0.531168    1.094425    0.263052    1.386788    
