 5    -2.743170    2.792072    0.755576
0.678844  0.916339  -0.121169  -1.154417  -0.271141  0.472377  1.269233  0.984344  -1.327064  -1.593114  
-0.164012  0.114169  0.999313  -0.113550  -0.167281  
 1    -1.871223    0.517146      0.157526
 2    -2.513688    0.846022      0.041458
 3    -2.629191    0.963534      0.020592
 4    -2.741262    0.999347      0.000345
 5    -2.743149    0.999992      0.000004
 6    -2.743163    0.999997      0.000001
 7    -2.743167    0.999999      0.000001
 8    -2.743167    0.999999      0.000001
 9    -2.743168    0.999999      0.000000
10    -2.743168    0.999999      0.000000
4.687090    0.625626    
3.397298    3.689624    0.365802    0.445553    
1.889961    4.061332    3.458619    0.439866    0.384525    0.237153    
2.016761    3.524366    4.213875    4.029578    0.653754    0.444774    0.291500    0.222336    
1.642750    3.285354    3.744800    4.221310    4.581670    0.599160    0.457939    0.365167    0.216240    0.107297    
1.564823    3.223501    3.743902    4.220325    4.576852    5.292144    0.605948    0.473132    0.382922    0.275468    0.128564    0.052804    
0.003927    1.596656    3.297145    3.827704    4.323514    4.546858    5.587833    1.526448    0.612771    0.487287    0.389005    0.294010    0.135686    0.072976    
1.556998    3.245595    3.802030    4.286593    4.546361    5.451338    5.988979    5.981170    0.613866    0.490301    0.394583    0.303021    0.142744    0.078928    0.000323    1.570637    
1.587357    3.223104    3.748783    4.262774    4.561611    5.861220    0.506233    2.366399    6.104150    0.604294    0.472460    0.376741    0.270147    0.112169    0.004026    0.026430    1.553558    1.548768    
0.000024    1.586728    3.260512    3.794602    4.296587    4.520418    5.569059    6.228868    2.550101    5.701959    1.570438    0.609503    0.482826    0.385684    0.288412    0.132063    0.065462    1.569619    0.000009    0.000005    
