 5    -2.454467    1.735566    0.121039
0.108446  0.858697  -0.303699  -1.112064  2.308893  -1.048867  0.947621  0.883204  0.070424  0.041427  
0.285306  0.133949  -0.205772  0.475756  0.175081  
 1    -1.196638    0.463684      0.300196
 2    -2.158489    0.886341      0.070639
 3    -2.357738    0.959717      0.023085
 4    -2.438154    0.992786      0.003893
 5    -2.452681    0.998746      0.000426
 6    -2.453643    0.999487      0.000197
 7    -2.454070    0.999807      0.000095
 8    -2.454209    0.999828      0.000062
 9    -2.454229    0.999842      0.000057
10    -2.454428    0.999976      0.000009
6.015997    0.677409    
4.684624    5.540678    0.604303    0.339060    
3.386475    4.976577    5.508245    0.586574    0.441998    0.220227    
2.842842    4.673306    5.079694    5.887021    0.616433    0.477243    0.337638    0.149269    
1.994997    4.140165    4.650650    5.313800    6.035472    0.616479    0.484294    0.407127    0.250061    0.088856    
1.652831    3.420374    4.256266    4.805526    5.447795    6.034112    0.613781    0.479812    0.426493    0.330681    0.181927    0.056688    
1.532896    3.291986    4.189789    4.782841    5.360088    5.926434    6.283185    0.608829    0.493735    0.439846    0.354165    0.225219    0.094489    0.022638    
1.456344    3.261001    4.193846    4.819135    5.450675    5.983809    6.227089    5.005275    0.614300    0.501880    0.450698    0.369455    0.245062    0.115293    0.035436    0.008897    
1.477358    3.287497    4.212503    4.812751    5.451393    5.897566    6.225215    4.387540    6.245645    0.615402    0.497591    0.445523    0.359849    0.223659    0.091460    0.016811    0.000000    1.563837    
1.202864    2.854253    3.799277    4.537676    5.056371    5.631896    6.035971    3.584237    2.941808    3.181548    0.640892    0.530689    0.473184    0.417828    0.329628    0.206732    0.091263    0.006622    0.020985    0.005661    
