 5    -3.147826    2.111945    1.507570
-1.485170  -0.260205  -1.424565  -0.891399  0.761163  -0.698757  -0.396650  1.243787  0.074518  -0.322948  
-0.332093  -0.230903  0.204852  -0.339006  -0.157180  
 1    -1.541762    0.440246      0.305349
 2    -2.901370    0.902440      0.046857
 3    -3.095651    0.973059      0.009920
 4    -3.132881    0.994331      0.002841
 5    -3.146459    0.999425      0.000260
 6    -3.147572    0.999918      0.000048
 7    -3.147771    0.999983      0.000011
 8    -3.147781    0.999987      0.000009
 9    -3.147773    0.999984      0.000010
10    -3.147771    0.999983      0.000010
4.811776    0.346435    
5.068915    5.941540    0.657019    0.352848    
3.465272    4.891910    5.693442    0.594469    0.473197    0.227388    
3.018296    4.736665    5.263675    6.283185    0.619174    0.490778    0.348295    0.124599    
2.195596    4.141754    4.655055    5.319366    6.283185    0.605644    0.489630    0.402447    0.253493    0.088873    
2.032994    4.015574    4.517142    5.054775    4.960015    4.592191    0.607897    0.488263    0.410412    0.265029    0.104660    0.047449    
1.524049    3.194086    4.018329    4.573161    5.104085    4.575940    3.859993    0.588333    0.467605    0.428557    0.336382    0.197152    0.062072    0.037124    
1.548776    3.363655    4.231797    4.837744    5.530791    6.187281    5.834864    5.933642    0.609745    0.494477    0.447560    0.352655    0.215851    0.084544    0.015641    0.003440    
1.568038    3.247587    4.019397    4.559995    5.084735    4.572498    3.682994    5.386215    4.905210    0.590239    0.467132    0.425398    0.332724    0.196336    0.061518    0.039128    0.002810    0.000811    
1.584420    3.259072    4.009965    4.552038    5.094185    4.554205    3.506258    5.639835    3.917006    5.982866    0.590010    0.465053    0.423244    0.330547    0.194756    0.056843    0.039121    0.001780    0.000000    1.570287    
