 5    -3.696351    3.856449    1.401711
-0.452566  0.701203  -1.493780  -1.275922  1.342529  -2.134132  -1.496720  -1.305306  0.828734  0.154989  
-0.217851  -0.166174  0.726160  -0.139572  -0.217516  
 1    -1.416480    0.376488      0.301858
 2    -3.335582    0.905550      0.047766
 3    -3.521371    0.953181      0.023168
 4    -3.686165    0.996664      0.001349
 5    -3.695878    0.999834      0.000063
 6    -3.696269    0.999978      0.000011
 7    -3.696302    0.999988      0.000006
 8    -3.696307    0.999988      0.000006
 9    -3.696308    0.999988      0.000006
10    -3.696319    0.999992      0.000004
2.772906    0.550634    
3.581996    3.795749    0.510949    0.361701    
2.234963    3.682141    3.893248    0.511737    0.411032    0.216735    
2.152441    3.470251    3.884649    4.178933    0.651159    0.456381    0.313277    0.194102    
1.568787    3.163936    3.563376    4.054196    4.548942    0.608718    0.468497    0.388627    0.228129    0.096721    
1.461797    2.931953    3.469197    3.932663    4.388541    4.843953    0.609372    0.477497    0.403281    0.296799    0.143372    0.049624    
1.287672    2.778039    3.455341    3.922100    4.451053    4.841878    5.758520    0.612772    0.496495    0.426994    0.334469    0.189779    0.081192    0.016375    
1.316976    2.791145    3.448725    3.915564    4.473478    4.808212    6.188932    5.892533    0.610914    0.489449    0.422026    0.327282    0.178771    0.075135    0.014257    0.000211    
1.322054    2.712112    3.323672    3.725676    4.388614    5.579678    3.083202    5.555982    6.176483    0.593381    0.463486    0.399850    0.290989    0.142029    0.013477    1.538130    1.535477    1.561393    
1.280532    2.753827    3.425766    3.883407    4.390868    4.813657    5.711637    5.340643    3.930215    5.951934    0.614651    0.495008    0.425640    0.335273    0.181720    0.078808    0.003287    0.008909    1.570796    0.009310    
