 5    -2.670273    2.154830    1.098346
0.696245  -2.444617  -0.260982  -0.113475  -0.320669  0.034260  -0.922643  -1.114682  -0.286673  1.218300  
-0.232790  0.023365  0.660006  0.316823  -0.472165  
 1    -1.055842    0.208025      0.334590
 2    -1.992077    0.511337      0.140556
 3    -2.044710    0.579991      0.129648
 4    -2.184032    0.647671      0.100773
 5    -2.254566    0.691926      0.086155
 6    -2.372591    0.789457      0.061694
 7    -2.483137    0.869061      0.038784
 8    -2.486368    0.871662      0.038114
 9    -2.587257    0.952260      0.017205
10    -2.611177    0.967618      0.012248
4.411940    1.192063    
5.841588    5.764822    1.005996    1.218191    
6.283185    6.283185    6.036515    0.965941    1.091396    1.381215    
6.283185    4.693087    2.887831    6.028189    1.006273    1.277368    1.328555    1.251673    
6.283185    4.709925    3.545887    6.283185    6.283185    1.017297    1.318824    1.350131    1.190837    1.420168    
0.893563    6.014316    4.269199    6.283185    5.957241    5.973457    0.734237    1.019328    1.313356    1.532923    1.246241    1.304441    
3.666162    1.657701    5.090966    6.283185    6.283185    5.976631    5.587999    1.377638    1.076281    1.299891    1.570796    1.390408    1.193619    1.377429    
3.879460    1.507515    5.060704    6.283185    6.283185    5.719112    3.437862    2.919602    1.355858    1.104135    1.300386    1.570796    1.392561    1.216338    1.483639    1.412748    
2.760142    2.446479    6.115428    5.590395    5.590450    6.273116    3.643053    6.072044    6.283185    1.364509    1.004106    1.308328    1.570796    1.509909    1.322241    1.408864    1.471399    1.348411    
3.038016    1.772548    5.589167    5.677357    5.677380    6.100120    4.036210    6.283185    6.113162    5.005518    1.271271    1.088131    1.264501    1.570796    1.445104    1.372104    1.475688    1.490756    1.305787    1.467989    
