 5    -2.263033    2.354343    0.611756
-0.016842  1.193143  0.399772  -1.002405  -1.181365  -0.378506  -0.714387  -0.865035  1.730648  -0.959349  
-0.359927  0.057191  0.189075  0.654469  -0.150974  
 1    -1.148722    0.368205      0.241330
 2    -1.974807    0.691011      0.062422
 3    -2.088449    0.775358      0.037810
 4    -2.177677    0.899522      0.018486
 5    -2.216666    0.952637      0.010042
 6    -2.251952    0.989873      0.002400
 7    -2.260590    0.998218      0.000529
 8    -2.262893    0.999939      0.000030
 9    -2.262997    0.999987      0.000008
10    -2.263005    0.999987      0.000006
5.703215    0.456236    
4.016464    3.943072    0.543497    0.296720    
3.024792    4.376862    5.863552    0.607140    0.437263    0.219381    
2.694580    4.146692    4.684262    5.814089    0.553476    0.483505    0.266981    0.164100    
2.575082    4.483181    5.103115    5.670884    6.283185    0.618928    0.494405    0.337549    0.219044    0.113481    
2.128829    4.172839    4.752650    6.052390    5.832515    6.283185    0.596140    0.505537    0.357848    0.251509    0.159565    0.102567    
1.854215    3.737393    4.444223    5.396028    5.988777    5.989980    6.215139    0.612959    0.494883    0.405892    0.284400    0.200402    0.140240    0.067808    
1.512195    3.294709    4.038334    4.873900    5.541301    6.056130    5.852533    6.122346    0.612813    0.496226    0.427185    0.326949    0.236639    0.169908    0.107877    0.045439    
1.300974    2.934121    3.773154    4.503452    5.188530    5.665749    5.798483    5.672738    5.461650    0.613139    0.496531    0.438390    0.353526    0.261581    0.187407    0.133937    0.071149    0.023378    
1.282670    2.930384    3.788599    4.530424    5.199410    5.708039    5.864529    5.836517    5.669368    6.118713    0.619262    0.507106    0.447466    0.365553    0.273230    0.196285    0.139447    0.078414    0.028343    0.004686    
