 5    -2.942344    2.888078    1.036083
-0.270164  0.934725  -0.978179  1.679502  -0.282496  -2.137573  -0.087249  -0.115780  1.694825  0.442736  
0.181761  0.122227  -0.996394  0.122545  -0.172160  
 1    -0.458966    0.024126      0.425935
 2    -2.427199    0.657559      0.088355
 3    -2.804508    0.925928      0.023641
 4    -2.931305    0.996776      0.001893
 5    -2.940375    0.999327      0.000338
 6    -2.940946    0.999516      0.000240
 7    -2.941979    0.999886      0.000063
 8    -2.942265    0.999974      0.000013
 9    -2.942240    0.999969      0.000018
10    -2.942296    0.999985      0.000008
3.014931    0.394389    
2.083928    6.283185    1.172453    1.031698    
2.753241    4.522089    4.302898    1.129684    1.406089    1.183834    
2.145156    4.740178    4.433226    4.590263    0.999963    1.201495    1.441898    1.267027    
1.638923    3.947719    4.777519    3.475664    6.283185    0.987094    1.130756    1.290752    1.442034    1.336671    
1.805574    4.126237    4.738328    3.478905    6.236950    6.208097    0.985583    1.125021    1.278988    1.430846    1.364782    1.523585    
3.523216    4.042485    2.644437    5.548810    4.975320    6.282476    1.768836    0.502034    0.613207    1.091116    0.795916    0.793936    0.833056    1.188848    
1.537157    3.816955    4.532743    4.197664    4.908969    6.278395    6.282152    3.563023    0.977412    1.127345    1.232474    1.352154    1.324353    1.479782    1.554462    1.452815    
1.605814    3.834556    4.494334    4.251238    5.168608    5.363894    6.277111    4.255516    3.726079    0.979837    1.141968    1.235431    1.358411    1.319719    1.518566    1.528382    1.467735    0.000008    
2.290677    4.420878    4.737183    5.692627    2.332269    1.677183    6.278619    6.278638    4.306804    5.716331    1.040713    1.182051    1.213511    1.319193    0.371458    1.108677    1.568154    1.403142    0.009052    1.548977    
