 5    -4.809496    4.219781    2.874947
2.630205  0.331635  -0.987540  1.196508  1.705176  0.144573  -0.224789  0.221373  2.062121  2.356455  
0.326704  -0.243536  0.238716  0.207439  -0.363034  
 1    -3.129998    0.623046      0.186006
 2    -4.663187    0.970869      0.016204
 3    -4.803373    0.998656      0.000678
 4    -4.808701    0.999784      0.000088
 5    -4.809106    0.999881      0.000043
 6    -4.809213    0.999917      0.000031
 7    -4.809467    0.999994      0.000003
 8    -4.809467    0.999995      0.000003
 9    -4.809472    0.999996      0.000003
10    -4.809471    0.999995      0.000003
5.143697    0.500478    
5.385624    5.879610    0.730432    0.393139    
2.671436    4.727668    5.413306    0.629067    0.544081    0.273571    
1.954875    3.816010    4.106588    4.895507    0.604746    0.492930    0.386427    0.168804    
1.901866    3.688292    4.085618    4.769204    5.901021    0.601975    0.490868    0.404330    0.221490    0.043317    
1.726087    3.485706    4.020965    4.401993    4.807964    5.298591    0.614852    0.502373    0.432536    0.280568    0.119281    0.029275    
1.600217    3.367915    4.032590    4.564399    5.633305    1.791986    3.421769    0.658822    0.531034    0.468406    0.357050    0.244706    1.492475    0.062878    
1.631718    3.394596    4.036095    4.576341    5.627187    1.984466    3.156375    4.622567    0.660987    0.532587    0.468908    0.359740    0.244230    1.493766    0.068079    0.000023    
1.588646    3.289537    3.881757    4.363239    4.685668    4.137565    2.028815    4.151308    3.887287    0.664014    0.538547    0.478443    0.388804    0.249883    0.087707    0.044205    0.035403    1.570782    
1.584412    3.336656    3.957764    4.480761    5.064424    5.234932    3.270373    2.265839    4.054969    5.432117    0.661603    0.536297    0.476436    0.383105    0.240198    0.087098    0.011447    0.017709    1.570787    0.000016    
