 5    -2.949339    2.414487    0.486025
-0.277191  -1.145218  1.062622  -0.870811  -1.755050  -1.015249  1.560385  0.481436  -1.006437  1.485005  
-0.220976  0.108432  -0.658486  0.230648  -0.164388  
 1    -1.367265    0.411084      0.294953
 2    -2.518819    0.830629      0.080264
 3    -2.831767    0.910923      0.021919
 4    -2.928555    0.987060      0.003875
 5    -2.944191    0.996052      0.000960
 6    -2.947850    0.999266      0.000278
 7    -2.948818    0.999734      0.000097
 8    -2.948912    0.999685      0.000080
 9    -2.949286    0.999959      0.000010
10    -2.949128    0.999827      0.000039
5.086444    0.430287    
3.723836    4.535559    0.551161    0.344169    
2.860080    4.259072    5.252861    0.578979    0.427254    0.230674    
2.139698    3.858808    4.178041    4.905669    0.585211    0.448909    0.306351    0.154779    
1.644779    3.451199    3.936804    4.422769    4.934009    0.612292    0.457123    0.375041    0.221422    0.084846    
1.650225    3.254773    3.882660    4.546345    4.915384    5.905447    0.595484    0.478959    0.396660    0.286475    0.139994    0.054987    
1.340819    2.886612    3.624694    4.199105    4.756217    5.228866    5.645147    0.602156    0.479423    0.420623    0.331756    0.207776    0.094836    0.034080    
1.374831    2.887704    3.594499    4.133050    4.719355    4.833517    6.258281    6.255870    0.595672    0.462883    0.405257    0.311681    0.167265    0.058501    0.004538    1.551546    
0.998923    2.336485    3.144804    3.828096    4.295618    4.830784    5.126375    5.609099    4.339618    0.636726    0.521401    0.461046    0.407263    0.325536    0.212036    0.105317    0.038917    0.003755    
0.954059    2.413594    3.308633    3.870122    4.306658    4.875614    5.007426    6.222485    3.024602    1.783190    0.623634    0.509206    0.439395    0.371374    0.259903    0.134405    0.035529    1.570796    1.570796    1.552931    
