 5    -2.194213    2.673655    0.623585
-0.913186  0.596383  0.783402  -0.561723  -0.291456  1.049971  0.974512  -0.630528  -0.053466  1.690651  
-0.236324  -0.448605  0.134606  0.279595  -0.232667  
 1    -0.882269    0.310584      0.269511
 2    -1.991230    0.896024      0.041699
 3    -2.153202    0.964872      0.008425
 4    -2.185427    0.991293      0.001805
 5    -2.192480    0.999038      0.000356
 6    -2.193510    0.999493      0.000144
 7    -2.193935    0.999842      0.000057
 8    -2.194148    0.999965      0.000013
 9    -2.194179    0.999987      0.000007
10    -2.194192    0.999988      0.000004
4.165201    0.258042    
4.270259    5.217069    0.609651    0.338126    
2.981559    4.497591    5.305352    0.581524    0.472320    0.227165    
2.142955    4.090389    4.335752    5.211009    0.624269    0.474027    0.365195    0.160604    
1.902663    3.793398    4.200884    4.836729    5.675280    0.617927    0.479709    0.399627    0.238547    0.069657    
1.645334    3.330426    4.005392    4.528640    5.235822    6.050415    0.622703    0.492662    0.432182    0.325152    0.172898    0.047020    
1.331075    3.006255    3.839617    4.390827    4.964497    5.572341    6.109432    0.625187    0.515523    0.459115    0.378210    0.253290    0.117603    0.032219    
1.174917    2.654642    3.443317    4.081506    4.532268    5.016992    5.546550    5.918585    0.641833    0.524789    0.471490    0.414788    0.327235    0.205738    0.092546    0.023768    
1.146777    2.596227    3.427393    4.106422    4.603976    5.073038    5.544836    5.859494    5.964421    0.641634    0.533294    0.489827    0.438667    0.365411    0.259268    0.146766    0.058973    0.013062    
1.155293    2.587570    3.368929    4.043716    4.537631    4.963862    5.412950    5.728922    3.366459    3.146684    0.647548    0.537591    0.494837    0.445523    0.379397    0.280773    0.168431    0.070987    0.005338    0.015272    
