 5    -1.354467    1.274993    0.421343
0.430938  -0.542637  0.194046  0.385938  -0.267642  0.217277  -0.090503  -1.006812  0.651659  0.164604  
0.281767  -0.127770  0.330760  0.251145  -0.296977  
 1    -0.670768    0.403912      0.260015
 2    -1.271341    0.890425      0.031613
 3    -1.335427    0.972774      0.007241
 4    -1.348343    0.992309      0.002329
 5    -1.353682    0.999135      0.000299
 6    -1.354218    0.999718      0.000095
 7    -1.354378    0.999908      0.000034
 8    -1.354424    0.999959      0.000016
 9    -1.354453    0.999986      0.000005
10    -1.354455    0.999988      0.000004
3.307485    0.510623    
5.131459    5.793765    0.657580    0.325009    
3.388337    4.782599    5.484598    0.592838    0.457407    0.220472    
2.602092    4.556117    4.998153    5.700859    0.623137    0.490450    0.355784    0.132835    
2.198534    4.104379    4.709494    5.398210    6.283185    0.623921    0.493180    0.410262    0.249016    0.077584    
1.717413    3.506537    4.334256    4.920239    5.621897    6.283185    0.628499    0.502060    0.445530    0.339111    0.184218    0.052114    
1.560110    3.269311    4.139031    4.729923    5.247519    5.704894    6.029549    0.633948    0.513680    0.458022    0.374940    0.243537    0.109549    0.029076    
1.414583    3.110452    4.004164    4.652582    5.120783    5.506372    5.713923    5.738357    0.642608    0.529026    0.473861    0.402895    0.289328    0.155695    0.060847    0.013883    
1.229561    2.755307    3.653013    4.402407    4.937623    5.474464    5.956754    5.623806    4.470918    0.638641    0.522615    0.478250    0.424541    0.337353    0.213355    0.096192    0.026279    0.006815    
1.247043    2.784213    3.706762    4.452404    5.001283    5.534513    6.003267    5.530658    4.158830    6.231980    0.635081    0.525962    0.483417    0.430109    0.346140    0.228305    0.114528    0.036541    0.017312    0.005511    
