 5    -1.753114    2.451126    0.098595
0.445292  -0.280395  -1.876685  -0.387690  0.596937  0.683369  0.232692  0.715544  0.804504  0.348361  
0.363588  -0.089238  -0.131218  0.124773  0.787930  
 1    -0.553564    0.224066      0.285319
 2    -1.576190    0.817451      0.042082
 3    -1.662014    0.908084      0.021669
 4    -1.728281    0.975577      0.005907
 5    -1.743053    0.989639      0.002393
 6    -1.750682    0.997799      0.000578
 7    -1.752685    0.999561      0.000102
 8    -1.752966    0.999836      0.000035
 9    -1.753023    0.999927      0.000022
10    -1.753076    0.999976      0.000009
3.087760    0.732518    
4.784994    5.277312    0.573935    0.315865    
3.096695    5.094508    5.627478    0.571676    0.429928    0.214266    
2.943157    4.777827    5.266802    6.283185    0.594416    0.466891    0.303691    0.143843    
2.234200    4.434578    4.977381    5.733231    6.283185    0.618191    0.481257    0.387753    0.223620    0.088108    
2.159130    4.204625    4.871421    5.568168    6.099935    6.283185    0.623037    0.491308    0.406432    0.289457    0.149344    0.059807    
1.703083    3.612349    4.449156    5.140579    5.767980    6.230916    6.283185    0.606716    0.486003    0.427460    0.331844    0.220291    0.109558    0.039171    
1.300172    2.962649    3.941536    4.640401    5.222222    5.774147    6.135311    6.261686    0.603513    0.489472    0.438064    0.374578    0.281355    0.179058    0.087511    0.029297    
1.253434    2.929180    3.956968    4.750652    5.348982    5.952670    6.237966    6.218046    4.575616    0.616329    0.511817    0.458218    0.398481    0.311298    0.201060    0.105194    0.036679    0.008388    
1.190284    2.829735    3.792655    4.581179    5.149410    5.630264    5.854073    4.868856    4.048379    5.823573    0.635486    0.525886    0.471104    0.415127    0.340422    0.240108    0.136851    0.053687    0.037563    0.014555    
