 5    -1.160313    2.181008    0.038716
-1.271091  0.176137  -0.296216  0.326929  -0.973419  0.227681  -0.819328  0.107223  0.975278  0.081974  
0.371534  0.297357  0.310607  0.011294  -0.194588  
 1    -0.925078    0.317503      0.070402
 2    -1.068096    0.459246      0.027599
 3    -1.126781    0.548391      0.010036
 4    -1.142578    0.585883      0.005308
 5    -1.144654    0.597110      0.004686
 6    -1.145159    0.616977      0.004535
 7    -1.147192    0.677751      0.003927
 8    -1.149853    0.747831      0.003130
 9    -1.151706    0.803516      0.002576
10    -1.154412    0.859556      0.001766
6.102608    0.530424    
4.220309    5.022864    0.566332    0.248833    
3.806521    4.890640    6.283185    0.629284    0.413160    0.192864    
3.081630    4.687625    5.786614    6.283185    0.605399    0.456371    0.302054    0.133244    
2.301247    4.515366    5.296881    6.224928    6.283185    0.637822    0.489858    0.363034    0.219009    0.069723    
2.749051    4.804051    5.483347    6.283185    6.283185    6.283185    0.687638    0.516342    0.392861    0.250663    0.116127    0.055904    
3.169033    4.948269    5.868535    6.283185    5.782103    6.283185    6.085813    0.591797    0.488727    0.371835    0.245240    0.103117    0.141520    0.113927    
2.944160    4.921590    6.185800    6.283185    5.398945    6.283185    6.143832    6.283185    0.558041    0.397305    0.293961    0.225650    0.095716    0.102384    0.221171    0.127329    
2.642975    4.639231    5.456435    6.283185    6.132898    6.283185    6.283185    6.283185    6.283185    0.609314    0.434892    0.228754    0.119285    0.127246    0.075961    0.120444    0.209080    0.132306    
2.275321    4.331473    5.224820    6.283185    6.283185    6.283185    6.087941    6.283185    6.168719    6.221420    0.578366    0.422513    0.220153    0.033499    0.000000    0.040080    0.132646    0.208854    0.234706    0.118936    
