 5    -2.159444    2.102624    0.743353
-0.894779  0.121654  -0.763285  -0.481901  1.059032  0.356689  -0.392180  1.515508  -0.183340  -0.140353  
-0.583869  -0.379147  0.610960  0.173267  0.059828  
 1    -1.264043    0.397763      0.210086
 2    -1.835414    0.644143      0.076026
 3    -1.881970    0.720570      0.065103
 4    -1.923311    0.789472      0.055403
 5    -2.058957    0.933930      0.023577
 6    -2.094115    0.962519      0.015328
 7    -2.108357    0.974326      0.011986
 8    -2.115450    0.980148      0.010322
 9    -2.123992    0.983589      0.008318
10    -2.120233    0.980310      0.009200
5.225866    1.126164    
4.890861    4.929449    0.971845    1.250069    
5.396406    5.711514    5.765798    1.019008    1.255960    1.417235    
5.451155    6.011363    6.153117    5.771947    1.021215    1.278373    1.386470    1.473966    
5.355597    6.084685    6.283185    6.283185    4.444229    0.990519    1.321039    1.353900    1.390519    1.403649    
4.871335    4.979010    6.283185    3.840818    4.463391    4.071226    0.971389    1.312781    1.454551    1.398782    1.324711    1.425782    
5.061805    5.400684    6.283185    6.283185    3.973521    5.101484    4.540035    0.978491    1.291647    1.484918    1.422404    1.364648    1.439405    1.453158    
5.009310    5.195329    6.283185    6.283185    3.942477    5.052503    4.202644    5.779702    0.971023    1.289371    1.523315    1.409520    1.337942    1.426555    1.462141    0.057458    
3.064750    1.445109    4.991700    6.283185    6.283185    3.861188    5.234779    4.329891    4.600748    1.369698    1.090894    1.216833    1.570796    1.405080    1.345748    1.381424    1.462919    0.061885    
3.760722    1.356723    5.380405    6.283185    6.283185    3.767905    5.001634    5.155033    0.797347    4.698976    0.000000    0.981636    1.304283    1.510308    1.388261    1.321063    1.421462    1.313006    0.178427    0.076265    
