 5    -2.942189    3.490665    0.546084
0.441145  -0.576500  -1.269955  -2.450535  1.899251  -0.074970  -0.255748  -0.274553  -0.856710  0.858997  
-0.528286  0.079434  -0.220392  -0.028239  -0.569247  
 1    -1.778377    0.348408      0.180917
 2    -2.464097    0.565187      0.074320
 3    -2.684576    0.699956      0.040046
 4    -2.813150    0.800919      0.020059
 5    -2.846096    0.832185      0.014938
 6    -2.858865    0.861456      0.012953
 7    -2.899499    0.950913      0.006636
 8    -2.932883    0.993085      0.001447
 9    -2.939944    0.998848      0.000349
10    -2.941898    0.999884      0.000045
4.650135    0.573717    
4.576625    5.727374    0.605827    0.280485    
3.955698    5.479333    6.283185    0.642332    0.398954    0.197547    
3.751787    5.162630    6.283185    6.283185    0.617142    0.423291    0.286205    0.138883    
2.743879    4.687774    5.584379    6.283185    6.283185    0.597889    0.449522    0.323464    0.213766    0.093057    
2.876934    4.935506    5.715720    6.283185    6.098946    6.283185    0.669312    0.486410    0.367257    0.229962    0.134495    0.067996    
3.851291    5.110020    6.220949    6.283185    6.283185    6.283185    6.065069    0.588207    0.457207    0.336587    0.221216    0.074764    0.106616    0.116032    
3.419757    5.468458    6.283185    6.283185    5.671670    6.283185    6.283185    6.283185    0.592644    0.422194    0.311994    0.233650    0.099997    0.060001    0.161620    0.108687    
2.629654    4.670613    5.631404    6.283185    6.056906    6.283185    6.283185    6.103708    6.283185    0.586512    0.430052    0.317102    0.248840    0.172671    0.071673    0.098445    0.145641    0.072900    
2.072423    4.319474    5.273129    6.283185    6.283185    6.018911    6.283185    6.283097    6.283185    6.283185    0.608164    0.475460    0.367695    0.263773    0.192259    0.119156    0.091471    0.113628    0.108466    0.046532    
