 5    -3.138114    2.339502    1.434527
0.820438  1.229717  -0.763083  1.311323  -0.551206  2.015658  0.939756  -0.160168  -0.856489  0.569047  
-0.274942  0.103970  0.133874  -0.944628  0.121960  
 1    -1.262275    0.305589      0.342455
 2    -2.718259    0.848301      0.076649
 3    -2.923350    0.920220      0.039208
 4    -3.095715    0.982534      0.007740
 5    -3.126987    0.995378      0.002031
 6    -3.135801    0.998851      0.000422
 7    -3.137620    0.999775      0.000090
 8    -3.138053    0.999977      0.000011
 9    -3.138075    0.999986      0.000007
10    -3.138096    0.999994      0.000003
5.291864    0.870282    
3.841821    3.740787    0.497068    0.331841    
2.001087    4.062620    3.760438    0.516402    0.394662    0.243348    
2.461228    3.767845    4.076261    4.777955    0.576273    0.480870    0.247567    0.188070    
1.529620    3.505019    3.855608    4.263436    4.984298    0.610598    0.469414    0.405135    0.202875    0.131091    
1.592488    3.259340    3.814205    4.342964    4.627448    5.311066    0.612342    0.490050    0.394971    0.294472    0.146407    0.074192    
1.238662    2.760986    3.419101    3.955471    4.515921    4.687602    5.259864    0.594049    0.474991    0.420992    0.324001    0.225064    0.105720    0.047572    
1.105171    2.557624    3.297782    3.887266    4.339668    4.846004    4.859822    5.718066    0.617994    0.506533    0.445545    0.376410    0.283439    0.176494    0.084889    0.034373    
1.061263    2.480671    3.236849    3.837466    4.275103    4.749135    4.852614    5.409182    4.481631    0.622195    0.512737    0.452425    0.387905    0.301492    0.195220    0.105914    0.042655    0.009514    
1.232868    1.478891    1.906982    3.382121    3.838959    4.337677    4.692293    5.093125    5.061587    6.079519    0.828222    1.155135    0.701607    0.491369    0.412664    0.322922    0.226131    0.121614    0.059026    0.017139    
