 5    -2.686214    2.073182    0.584844
-1.789561  -0.620432  -1.171035  0.148565  0.893654  -1.575155  -0.288518  -0.152455  -0.774642  -0.676979  
0.266197  0.219576  -0.014974  0.123745  0.975626  
 1    -1.438905    0.253349      0.262073
 2    -2.215013    0.395733      0.099004
 3    -2.325711    0.402412      0.075746
 4    -2.328716    0.400900      0.075114
 5    -2.371885    0.523290      0.066044
 6    -2.467469    0.649027      0.045961
 7    -2.556684    0.799413      0.027216
 8    -2.637903    0.931331      0.010151
 9    -2.663546    0.967680      0.004763
10    -2.677272    0.990312      0.001879
5.800164    0.495655    
4.058841    4.325132    0.539532    0.316505    
2.185938    4.555001    4.894933    0.596306    0.448751    0.238665    
2.038322    3.952289    2.896076    3.332189    0.583067    0.373426    0.187094    0.154963    
4.311276    4.606157    6.283185    6.283185    6.283185    1.058104    1.029789    0.701684    0.154167    1.391038    
4.967957    3.670410    6.283185    3.104164    6.283185    6.283185    1.007042    0.897565    0.715943    0.177590    1.485480    1.298452    
2.498494    2.352526    2.283446    4.872403    4.873656    5.970306    6.031180    0.536698    0.070904    0.315350    0.000000    1.273839    1.251021    1.327295    
2.591148    4.612292    5.091482    6.283185    6.283185    6.283185    6.161749    6.016870    0.604671    0.446269    0.246560    0.000000    1.377897    1.257005    1.283393    1.395113    
2.673579    4.108895    4.407864    6.283185    6.283185    6.283185    6.283185    6.017683    6.283185    0.574120    0.419345    0.202679    0.000000    1.414670    1.374897    1.291012    1.343501    1.442773    
2.280685    4.258662    4.447473    6.283185    6.283185    6.283185    6.283185    5.788316    5.985649    6.079266    0.574300    0.434521    0.228747    0.000000    1.487408    1.438917    1.361714    1.308372    1.380899    1.471852    
