 5    -1.577206    1.883110    0.207418
-0.564163  -0.238681  -0.774429  0.260315  -1.294135  1.222583  -0.293067  -0.331231  -0.351750  0.464535  
0.009400  0.537553  0.363407  0.077260  0.644105  
 1    -0.525058    0.149750      0.304061
 2    -1.152788    0.395959      0.122653
 3    -1.470872    0.556095      0.030730
 4    -1.486290    0.568755      0.026274
 5    -1.486535    0.570750      0.026203
 6    -1.501586    0.663403      0.021854
 7    -1.514302    0.739816      0.018179
 8    -1.535260    0.809690      0.012122
 9    -1.536356    0.814138      0.011805
10    -1.544974    0.857315      0.009315
2.195051    0.630390    
6.283185    1.484273    0.428609    0.653701    
0.591406    6.283185    6.234292    0.218072    1.020176    1.266338    
2.060897    1.342017    6.283185    5.875896    0.899938    1.255984    1.006767    1.307608    
2.052399    1.409619    6.283185    5.978996    5.840908    0.904041    1.260393    1.001794    1.302571    1.558058    
1.910117    6.283185    5.915885    6.283185    6.283185    4.742506    0.264958    1.059780    1.185173    1.495106    1.437861    1.338187    
6.283185    6.283185    6.283185    3.662034    6.283185    6.283185    4.699361    0.986411    1.372673    1.435517    1.402408    0.006671    1.370355    1.346926    
2.333082    6.283185    4.323529    6.283185    6.283185    6.283185    4.838088    4.906996    0.556437    1.254351    1.439117    1.570796    1.570796    1.384268    1.257737    1.385997    
2.309704    6.283185    4.190347    6.283185    6.283185    6.283185    4.531148    3.946198    2.965041    0.558918    1.262562    1.456493    1.570796    1.570796    1.383888    1.272445    1.395732    1.492114    
6.283185    6.220227    5.410707    3.418476    5.740402    6.283185    4.336442    6.283185    6.283185    5.159205    0.952031    1.381718    1.570796    1.570796    0.185024    1.482555    1.337736    1.385327    1.349153    1.422942    
