 5    -1.242666    1.481747    0.005383
-0.923498  -0.196534  0.260503  -0.102614  -0.289689  0.713549  1.119250  -0.355867  -0.124338  0.141519  
-0.511177  -0.170254  -0.377834  0.102030  0.067173  
 1    -0.563043    0.308377      0.249457
 2    -0.926961    0.578790      0.115880
 3    -1.020615    0.707250      0.081504
 4    -1.149013    0.868555      0.034376
 5    -1.190469    0.918472      0.019159
 6    -1.204170    0.936636      0.014130
 7    -1.222768    0.970132      0.007304
 8    -1.240656    0.997795      0.000738
 9    -1.242054    0.999392      0.000225
10    -1.242487    0.999821      0.000066
4.309382    0.655310    
4.100043    5.648759    0.604625    0.324034    
3.414016    5.394223    6.283185    0.643813    0.419061    0.198964    
4.066542    5.432362    6.283185    6.283185    0.641263    0.424838    0.264807    0.209616    
3.320573    5.048937    5.869659    6.283185    5.642374    0.587318    0.410217    0.269726    0.219910    0.134616    
2.562160    4.831826    5.565664    6.283185    6.115034    6.283185    0.639287    0.463862    0.324450    0.234757    0.180363    0.096162    
3.212789    5.075724    5.833126    6.283185    5.785608    6.283185    6.283185    0.652749    0.495073    0.350520    0.245391    0.146817    0.125234    0.101014    
2.811177    4.596757    5.382353    6.283185    6.273768    6.283185    6.283185    6.022692    0.564870    0.433977    0.360286    0.286663    0.172911    0.064311    0.116472    0.109059    
2.102819    4.523621    5.452513    6.283185    6.283185    6.070476    6.283185    6.283185    6.283185    0.629367    0.494952    0.396377    0.311055    0.221601    0.111275    0.087292    0.110500    0.062075    
1.889769    4.210177    5.242276    6.150057    6.283185    5.851528    6.283185    6.281676    6.187091    6.283185    0.617699    0.506578    0.415936    0.321046    0.235652    0.137952    0.100556    0.101378    0.070070    0.030584    
