 5    -2.423388    3.504786    0.747997
0.425188  -0.032820  0.989448  -1.579437  0.454097  0.217572  -1.497999  1.743353  -0.600091  -0.362574  
0.449046  0.033058  0.241371  -0.430131  0.104837  
 1    -1.028253    0.276362      0.235340
 2    -1.881850    0.578158      0.091350
 3    -2.137121    0.730851      0.048289
 4    -2.284986    0.832613      0.023346
 5    -2.310293    0.857510      0.019078
 6    -2.338147    0.905277      0.014379
 7    -2.379666    0.967831      0.007375
 8    -2.413736    0.994268      0.001628
 9    -2.421932    0.999150      0.000246
10    -2.423012    0.999840      0.000063
4.119387    0.693425    
4.673319    5.844459    0.602890    0.299357    
4.387863    5.933328    6.283185    0.677739    0.390997    0.223420    
3.933805    5.155290    6.283185    6.283185    0.609917    0.408986    0.276035    0.148797    
2.716303    4.720902    5.540578    6.283185    6.283185    0.596515    0.448521    0.320144    0.215906    0.099468    
3.790212    5.211845    6.283185    6.283185    6.283185    6.283185    0.674987    0.480046    0.346524    0.204171    0.111048    0.099063    
4.292530    5.284887    6.283185    6.283185    6.283185    6.283185    5.811396    0.596099    0.445762    0.334696    0.210162    0.053086    0.125123    0.124400    
3.274805    5.228997    6.158523    6.283185    5.853622    6.283185    6.283185    6.283185    0.581783    0.434300    0.322175    0.259706    0.112511    0.059316    0.144256    0.107934    
2.243019    4.484340    5.346041    6.283185    6.194910    6.283185    6.283185    6.283185    6.283185    0.596154    0.452991    0.347223    0.273974    0.210061    0.089932    0.077802    0.135791    0.080606    
2.111909    4.370080    5.272077    6.238163    6.283185    6.033261    6.283185    6.283185    6.109195    6.283185    0.633737    0.479734    0.383034    0.283411    0.211775    0.130509    0.086450    0.104900    0.099445    0.039984    
