 5    -1.755186    2.751324    0.128290
-0.097940  0.250080  -0.162508  -1.448517  0.785906  0.469623  -1.460382  -0.626218  -1.518771  0.467329  
-0.081938  -0.402739  0.013466  0.384964  -0.287641  
 1    -0.739624    0.249237      0.225354
 2    -1.386842    0.435883      0.081736
 3    -1.508831    0.516552      0.054666
 4    -1.645743    0.631250      0.024286
 5    -1.706341    0.684766      0.010839
 6    -1.715808    0.699711      0.008738
 7    -1.717417    0.708026      0.008381
 8    -1.722692    0.773959      0.007210
 9    -1.728129    0.802832      0.006004
10    -1.732212    0.836334      0.005098
3.723529    0.376891    
4.158424    6.239079    0.620982    0.305932    
3.576208    5.732309    6.283185    0.649573    0.407073    0.193842    
4.068853    5.618407    6.283185    6.283185    0.631125    0.403655    0.257820    0.170191    
3.250028    5.283142    5.908376    6.283185    6.283185    0.595908    0.411749    0.258892    0.218894    0.129130    
2.507092    4.927224    5.753285    6.283185    5.688117    6.283185    0.622256    0.465374    0.316385    0.209639    0.166009    0.088512    
2.081605    4.422242    5.352798    6.283185    6.283185    6.033050    6.283185    0.631463    0.488340    0.370218    0.255236    0.178598    0.117931    0.044170    
3.635760    5.914371    6.040861    6.283185    5.621192    6.283185    6.283185    6.283185    0.600004    0.467308    0.352520    0.300844    0.106525    0.009945    0.144095    0.143723    
3.138757    5.460299    5.886780    6.283185    5.671722    6.283185    6.283185    6.283185    6.283185    0.572493    0.419688    0.352315    0.313386    0.197733    0.000000    0.077410    0.184031    0.080898    
2.741991    5.042244    5.902997    6.283185    6.017095    6.283185    6.283185    6.283185    6.283185    6.283185    0.635897    0.451634    0.310903    0.279287    0.268573    0.150749    0.000000    0.065912    0.140654    0.090554    
