 5    -2.544868    3.504215    0.635228
0.158384  -2.469081  -1.367974  0.135415  1.363801  -0.059990  -0.573970  0.521582  -0.633190  -0.989024  
0.571208  -0.073813  0.283650  0.190670  0.224233  
 1    -1.652094    0.452477      0.147588
 2    -2.331341    0.824190      0.035299
 3    -2.479912    0.937199      0.010738
 4    -2.509749    0.966790      0.005806
 5    -2.529730    0.986943      0.002503
 6    -2.543061    0.998716      0.000299
 7    -2.544243    0.999548      0.000103
 8    -2.544652    0.999871      0.000036
 9    -2.544820    0.999967      0.000008
10    -2.544846    0.999988      0.000004
4.617310    0.506272    
5.118944    5.808548    0.598219    0.293321    
3.656784    5.145676    5.716221    0.574815    0.436799    0.209974    
2.945638    5.030610    5.496403    6.283185    0.617196    0.469358    0.329700    0.115734    
2.648748    4.649182    5.187406    5.892177    6.283185    0.628704    0.483402    0.379906    0.222543    0.079313    
2.270558    4.349604    4.923694    5.627746    6.283185    6.283185    0.612318    0.484553    0.405550    0.272143    0.153520    0.064331    
1.840377    3.779044    4.553897    5.201074    5.853061    6.283185    6.175625    0.616356    0.482127    0.426786    0.327852    0.207510    0.114334    0.037292    
1.538893    3.384802    4.414438    5.142494    5.723462    6.185492    6.283185    6.283185    0.638629    0.522950    0.464558    0.390050    0.278530    0.165928    0.083983    0.024968    
1.375614    3.089315    4.041800    4.819885    5.398293    5.955008    6.238330    5.718592    5.282358    0.631842    0.522564    0.466389    0.407020    0.319718    0.213978    0.117459    0.049095    0.017713    
1.332946    3.045271    3.992824    4.774727    5.337153    5.839462    6.129093    5.882457    4.849690    4.175577    0.638162    0.528065    0.474142    0.415718    0.332575    0.229557    0.134883    0.061928    0.021664    0.008195    
