 5    -1.818863    1.501846    0.001002
0.222694  0.208597  0.246924  0.946107  -0.909334  0.788368  -0.080894  1.422173  0.389988  0.123607  
-0.918384  -0.092741  -0.214268  0.283769  0.020523  
 1    -0.595043    0.110426      0.368542
 2    -1.274873    0.495750      0.163818
 3    -1.417320    0.554359      0.120921
 4    -1.443367    0.626063      0.113077
 5    -1.495785    0.651023      0.097292
 6    -1.617462    0.816953      0.060650
 7    -1.720179    0.888429      0.029718
 8    -1.753008    0.924146      0.019831
 9    -1.780925    0.963956      0.011425
10    -1.811808    0.975517      0.002125
3.982583    1.009749    
3.799368    3.355876    0.512152    0.307694    
3.344029    4.157705    6.283185    0.630371    0.431054    0.257942    
2.688199    4.190753    5.176379    5.347056    0.562397    0.498507    0.253711    0.152165    
3.471120    4.644470    6.283185    5.222939    6.283185    0.712481    0.488335    0.357382    0.180396    0.154320    
4.637428    4.135414    6.283185    6.283185    6.283185    6.283185    0.578746    0.272033    0.116780    0.097446    0.165499    0.258545    
3.998357    4.895264    6.283185    6.283185    6.283185    5.752432    6.223610    0.691809    0.194242    0.000000    0.004921    0.139043    0.298934    0.224004    
3.720217    4.845521    6.283185    6.283185    6.283185    5.896979    5.636258    6.283185    0.643981    0.233865    0.000000    1.527362    0.121472    0.285137    0.242526    0.108751    
4.197194    5.022268    6.283185    6.283185    6.283185    6.020926    6.283185    6.283185    6.283185    0.647684    0.181369    0.000000    1.465816    0.044816    0.286419    0.215213    0.157010    0.132219    
4.014615    4.517690    6.283185    6.283185    6.283185    6.283185    5.060273    6.283185    6.283185    6.283185    0.648018    0.163148    0.000000    1.524208    0.000000    0.174862    0.166518    0.127672    0.169938    0.160073    
