 5    -2.098138    2.987567    0.267707
-0.035920  -1.299604  0.889104  -0.585994  0.462999  -0.768262  -1.095189  -1.467687  1.944982  -0.321040  
0.163446  -0.167524  0.154521  0.844997  -0.144808  
 1    -1.171051    0.122785      0.182293
 2    -1.636712    0.280460      0.090730
 3    -1.701143    0.215000      0.078061
 4    -1.866777    0.751554      0.045492
 5    -1.937875    0.771992      0.031512
 6    -2.047890    0.945399      0.009880
 7    -2.076104    0.980126      0.004333
 8    -2.088516    0.986392      0.001892
 9    -2.096879    0.998083      0.000248
10    -2.097907    0.999774      0.000045
4.590658    0.523471    
3.073058    2.719831    0.195900    0.591386    
2.499897    4.150032    6.283185    0.528198    0.513884    0.229555    
5.394679    3.013118    4.528447    3.179512    0.812449    1.471933    0.294148    1.310337    
2.412279    3.885634    6.283185    3.610351    4.228563    0.626836    0.351484    0.526530    1.170478    0.294559    
2.786148    3.646385    6.283185    3.424047    4.935738    3.670386    0.580621    0.308546    0.515966    1.088936    0.455358    1.347444    
2.689528    4.021547    6.283185    3.899682    4.297103    5.004479    1.412788    0.580707    0.429952    0.441575    1.189990    0.359215    1.019820    0.418729    
2.666184    4.103708    6.283185    4.361101    2.274341    3.557310    2.574593    4.069580    0.594130    0.443013    0.395899    1.016284    0.420589    0.348865    1.088286    0.145549    
1.646288    3.281974    4.202752    5.253779    2.371856    5.002977    3.694304    5.485089    2.616399    0.567195    0.491868    0.373704    0.535024    1.193770    0.515701    1.158060    0.317366    1.425808    
1.616288    3.356768    4.189121    5.082206    1.743315    5.173227    3.408290    4.693343    3.941694    3.810207    0.616818    0.515064    0.416136    0.538030    1.280690    0.448580    1.213564    0.324498    1.358595    0.083292    
