 5    -2.079940    2.193059    0.117123
-0.643717  -1.251820  -0.563915  0.331439  1.203907  0.410914  1.678242  -1.025964  -0.021762  0.530480  
0.057504  -0.339177  0.219087  0.454742  0.088564  
 1    -1.217422    0.323322      0.201853
 2    -1.657358    0.572016      0.098896
 3    -1.833786    0.746275      0.057607
 4    -1.993448    0.907390      0.020241
 5    -2.033796    0.945881      0.010799
 6    -2.048617    0.961726      0.007330
 7    -2.061320    0.981585      0.004358
 8    -2.074510    0.995744      0.001271
 9    -2.078668    0.999098      0.000298
10    -2.079704    0.999874      0.000055
5.408062    0.703765    
4.356176    5.580835    0.599115    0.276257    
4.083373    5.666581    6.283185    0.677818    0.388981    0.221153    
4.041837    5.175209    6.283185    6.283185    0.594140    0.394930    0.271128    0.176181    
3.260520    4.902825    5.947305    6.283185    6.092900    0.573529    0.402825    0.273995    0.226741    0.115077    
2.982588    5.004804    5.823592    6.283185    5.947442    6.283185    0.639797    0.455915    0.313221    0.214179    0.158013    0.086446    
3.552746    5.101725    6.106913    6.283185    6.028166    6.283185    6.283185    0.621318    0.476705    0.351456    0.230347    0.102118    0.124992    0.093048    
2.854500    4.936371    5.620085    6.283185    5.950027    6.283185    6.283185    6.283185    0.593680    0.454559    0.363085    0.299687    0.150408    0.057032    0.118920    0.093754    
2.240276    4.493501    5.455058    6.283185    6.283185    6.242011    6.283185    6.249269    6.283185    0.626727    0.477760    0.389506    0.316437    0.240185    0.100074    0.063520    0.112054    0.065151    
2.068428    4.271937    5.189631    6.110353    6.283185    6.180108    6.283185    6.283185    6.185627    6.283185    0.636610    0.493214    0.402604    0.321435    0.253795    0.157521    0.077762    0.080785    0.084747    0.037147    
