 5    -1.884803    2.933807    0.185805
0.277660  1.805239  -0.840097  -0.895218  0.561813  -0.478703  0.312600  -1.203183  -1.609399  -0.798519  
-0.624558  0.055175  -0.079923  -0.299353  -0.309783  
 1    -0.714779    0.275464      0.242814
 2    -1.554725    0.664116      0.068501
 3    -1.721258    0.837403      0.033940
 4    -1.849199    0.966720      0.007389
 5    -1.873372    0.985061      0.002372
 6    -1.877402    0.989787      0.001536
 7    -1.881059    0.996468      0.000777
 8    -1.884040    0.999239      0.000158
 9    -1.884602    0.999827      0.000042
10    -1.884754    0.999967      0.000010
3.050911    0.398802    
4.736066    6.262006    0.624303    0.299055    
4.213777    5.991044    6.283185    0.659087    0.402696    0.206493    
4.302258    5.498834    6.283185    6.283185    0.626626    0.396536    0.280570    0.155158    
2.673592    4.746255    5.702169    6.283185    6.283185    0.574124    0.452311    0.326736    0.226089    0.108666    
2.200643    4.570221    5.391684    6.266063    6.283185    6.283185    0.631377    0.486655    0.380010    0.260983    0.159156    0.060764    
2.800067    4.823146    5.625814    6.205473    6.283185    6.283185    6.283185    0.615792    0.504925    0.388939    0.281808    0.149245    0.095726    0.071301    
2.312544    4.559718    5.344281    6.195855    6.283185    6.283185    6.283185    6.283185    0.602792    0.492567    0.413820    0.323545    0.195473    0.092815    0.093488    0.056024    
1.795297    3.872600    4.887329    5.745299    6.155845    6.283185    6.283185    6.134296    6.283185    0.602199    0.485619    0.431865    0.351340    0.262534    0.143845    0.086370    0.081080    0.035209    
1.694674    3.739168    4.828638    5.732953    6.224255    6.269267    6.046484    6.283185    6.040111    5.256575    0.614883    0.500753    0.444684    0.367967    0.281477    0.169002    0.097884    0.081106    0.045506    0.016223    
