 5    -1.722087    1.569057    0.196999
1.415251  0.219463  -0.718165  -0.944054  -0.116164  0.462922  0.910378  -0.360768  -0.283324  0.908532  
0.221627  -0.166473  0.767730  0.059367  0.265831  
 1    -1.315922    0.382410      0.123412
 2    -1.539679    0.699322      0.055424
 3    -1.609027    0.734033      0.034353
 4    -1.668297    0.913526      0.016344
 5    -1.696405    0.956004      0.007803
 6    -1.718485    0.994019      0.001094
 7    -1.721606    0.999531      0.000146
 8    -1.722042    0.999975      0.000014
 9    -1.722053    0.999980      0.000010
10    -1.722080    0.999995      0.000002
5.343871    0.741876    
3.726184    3.053859    0.459000    0.369243    
3.062059    3.799845    6.283185    0.580199    0.464065    0.219237    
2.486682    3.616703    3.775116    5.420027    0.533766    0.488030    0.232997    0.186336    
2.327456    4.089435    4.576900    4.668586    6.283185    0.645782    0.492867    0.355380    0.212414    0.139528    
1.805301    3.816425    4.270917    5.129146    5.002874    5.833726    0.618469    0.506880    0.374160    0.255046    0.163049    0.117737    
1.519967    3.251612    3.832558    4.517667    5.087517    5.196269    5.090824    0.620058    0.483858    0.408390    0.283432    0.214426    0.131892    0.076135    
1.331639    2.905756    3.586936    4.267562    4.844888    5.246903    5.124129    5.376346    0.609680    0.491396    0.425510    0.329917    0.236931    0.169121    0.099652    0.041385    
1.262567    2.799835    3.516143    4.184053    4.754647    5.185523    5.136983    5.336484    4.656451    0.610706    0.496000    0.433800    0.345319    0.251671    0.178146    0.113536    0.051930    0.009719    
0.913585    2.331963    3.218475    3.875028    4.460707    4.980796    5.328189    5.364348    5.463864    6.273682    0.650773    0.545710    0.479827    0.416816    0.328451    0.241365    0.168985    0.103486    0.048274    0.011095    
