 5    -1.959580    1.982110    0.305200
-1.121427  0.552710  -0.128515  -0.098978  0.525132  0.641744  1.041625  -0.042823  1.512432  -1.412685  
-0.021824  -0.624520  -0.029343  0.276333  0.376427  
 1    -1.374996    0.285857      0.148308
 2    -1.544796    0.371549      0.105230
 3    -1.688586    0.521539      0.068751
 4    -1.827950    0.725367      0.033394
 5    -1.907178    0.858364      0.013294
 6    -1.932694    0.921483      0.006821
 7    -1.937062    0.932759      0.005713
 8    -1.940385    0.941467      0.004870
 9    -1.942872    0.949439      0.004239
10    -1.947216    0.962142      0.003137
5.789850    0.632146    
3.583153    5.167776    0.633742    0.253887    
6.283185    5.080398    6.283185    0.938808    0.329628    0.330705    
4.860270    6.283185    6.283185    4.731516    0.471799    0.118949    0.295193    0.242601    
4.698087    6.283185    6.283185    5.347674    6.076281    0.593489    0.000000    0.146265    0.354592    0.204370    
4.541778    6.096338    6.103531    4.982564    6.283185    6.000272    0.612424    0.007208    0.000000    0.284433    0.302027    0.159391    
3.483051    4.377600    6.283185    6.283185    6.211640    6.283185    6.283185    0.579637    0.163172    0.000000    0.189429    0.273052    0.202051    0.067254    
3.036797    4.705031    6.283185    6.283185    6.283185    6.283185    6.111490    6.145643    0.583514    0.423330    0.291036    0.170801    0.000000    0.125231    0.234000    0.115534    
2.758167    5.091756    6.283185    6.283185    5.424092    6.283185    6.283185    6.283185    6.283185    0.621841    0.384399    0.259626    0.275719    0.123777    0.000000    0.104364    0.175134    0.094454    
3.765003    4.466488    6.283185    6.105727    5.576370    6.283185    6.283185    6.283185    6.178530    5.245748    0.629889    0.233260    0.228409    0.310982    0.228490    0.029942    0.000000    0.041133    0.145783    0.115838    
