 5    -3.779225    1.824854    1.594828
-0.944526  -0.876067  0.826348  -0.320301  -1.080067  1.307439  -0.072256  1.633084  1.209046  -0.966583  
0.229771  0.321602  0.134520  -0.386120  -0.177664  
 1    -1.511882    0.357139      0.404588
 2    -3.447256    0.915308      0.059237
 3    -3.726548    0.985510      0.009400
 4    -3.762795    0.995033      0.002932
 5    -3.776047    0.999027      0.000567
 6    -3.777805    0.999573      0.000253
 7    -3.778364    0.999752      0.000154
 8    -3.779030    0.999942      0.000035
 9    -3.779035    0.999943      0.000034
10    -3.779052    0.999948      0.000031
3.133479    0.436765    
5.143841    6.038457    0.629302    0.353547    
3.642835    4.872622    5.423377    0.561696    0.439236    0.224377    
2.089840    4.650511    4.837301    5.493311    0.633954    0.476800    0.373103    0.169445    
2.137920    4.337441    4.735010    5.403620    6.283185    0.628180    0.478446    0.392219    0.228189    0.059073    
2.152516    4.389644    4.802339    5.529459    6.229759    4.349680    0.623059    0.485300    0.401353    0.234064    0.066889    0.016966    
1.949567    3.894365    4.418498    4.857658    5.454217    6.283185    6.283164    0.614977    0.469670    0.405221    0.277583    0.134841    0.044506    1.570796    
1.593191    3.597365    4.557078    5.133838    5.816605    4.377131    2.667334    6.169019    0.651217    0.534500    0.465785    0.376211    0.228616    0.018120    0.078290    0.015270    
1.596210    3.595569    4.553396    5.133199    5.802301    4.236302    2.692031    5.804908    4.319258    0.650547    0.534613    0.466629    0.377952    0.232967    0.017571    0.084035    0.018891    0.002722    
1.631561    3.616417    4.542750    5.136143    5.751259    4.422803    2.638223    5.841371    5.068759    5.241302    0.640589    0.527384    0.468369    0.384882    0.256995    0.044149    0.121850    0.063479    0.026128    0.014553    
