 5    -3.145056    1.680718    0.918432
0.284659  -1.315573  -0.206194  -1.485032  -0.567317  1.520115  0.523557  0.024520  -1.685001  -0.604265  
0.543220  -0.032651  0.298767  0.042706  0.552764  
 1    -1.616932    0.206680      0.316659
 2    -2.246324    0.456243      0.186236
 3    -2.559222    0.685497      0.121397
 4    -2.929258    0.903534      0.044718
 5    -3.103015    0.976862      0.008712
 6    -3.114491    0.982499      0.006334
 7    -3.124262    0.988248      0.004309
 8    -3.131567    0.992827      0.002795
 9    -3.140759    0.997569      0.000890
10    -3.143230    0.999125      0.000378
6.139672    0.903536    
3.699316    5.156848    0.619439    0.259394    
4.997494    5.639610    6.283185    0.750581    0.350118    0.252946    
5.045860    6.283185    6.283185    5.121781    0.610769    0.214725    0.291592    0.231077    
4.167345    4.342383    6.283185    5.830873    5.797857    0.569922    0.195734    0.179256    0.311185    0.178101    
2.992747    4.619095    5.974547    6.283185    5.698312    5.982110    0.602185    0.377866    0.211070    0.202602    0.211489    0.106788    
3.135825    5.023243    6.283185    5.958999    6.283185    6.283185    5.671824    0.607279    0.468527    0.336532    0.216502    0.056367    0.156405    0.127500    
3.159699    4.845745    6.283185    6.283185    5.835822    6.283185    6.283185    6.283185    0.605631    0.418145    0.344030    0.316500    0.094542    0.014585    0.145189    0.098309    
2.955317    4.701556    6.283185    6.283185    6.214577    6.283185    6.283185    6.283185    6.041360    0.583408    0.426491    0.322161    0.341811    0.229408    0.015190    0.000000    0.154940    0.099333    
2.637976    4.558865    6.096098    6.283185    5.622760    6.000804    6.283185    6.283185    6.283185    6.283185    0.573988    0.431584    0.310982    0.315338    0.244525    0.115886    0.000000    0.043626    0.137503    0.066911    
