 5    -2.961033    1.845525    1.313159
-0.253089  -0.637147  -1.909595  -0.106139  0.001714  -0.962448  0.254333  -1.112221  0.210460  1.389632  
0.345600  0.104902  0.178797  0.134447  0.995197  
 1    -1.130041    0.186507      0.380936
 2    -1.794754    0.392853      0.242643
 3    -2.027462    0.462290      0.194229
 4    -2.254917    0.706581      0.146907
 5    -2.547499    0.825556      0.086035
 6    -2.831613    0.947447      0.026926
 7    -2.924993    0.984577      0.007498
 8    -2.939866    0.990911      0.004404
 9    -2.950990    0.995299      0.002089
10    -2.953887    0.997226      0.001487
5.157640    0.606655    
5.878881    6.283185    0.838120    0.188269    
2.840258    4.777731    4.597591    1.109085    1.364065    1.279579    
3.400739    6.283185    4.007769    4.301912    0.571834    0.463849    1.105990    0.328148    
2.789222    6.283185    4.027573    4.614929    4.811484    0.507024    0.490971    0.973184    0.546843    1.296861    
4.076323    3.957345    2.948046    4.198187    3.740731    4.791847    0.599408    0.586568    1.256778    0.606306    1.131362    0.223614    
2.277459    4.726639    4.582017    2.883485    4.822718    3.927421    5.263494    0.690365    0.457347    0.635130    1.142711    0.608875    1.123830    0.214736    
2.171343    4.683594    4.206605    2.287362    5.310869    3.764050    5.756070    3.395654    0.687865    0.479961    0.762174    1.055551    0.648875    1.060191    0.333231    1.466484    
1.718053    3.888344    3.695915    1.252216    5.361918    3.036984    4.900521    3.960373    4.654966    0.583452    0.533324    0.961007    0.937502    0.589669    1.147806    0.426780    1.264415    0.136133    
1.722862    3.427304    3.138524    1.240704    5.142104    2.594611    5.101185    3.802927    5.416611    3.315865    0.545888    0.555722    1.180949    0.722304    0.654078    1.098922    0.545726    1.139406    0.263912    1.490587    
