 5    -1.928144    1.216005    0.190224
1.319751  -0.169291  -0.060430  0.880154  0.440474  0.282055  -1.219574  -0.679306  -0.367388  -0.797539  
0.322780  -0.229760  0.314214  -0.201692  -0.327965  
 1    -0.939477    0.020616      0.314447
 2    -1.493840    0.005736      0.138131
 3    -1.532649    0.003155      0.125788
 4    -1.564790    0.075512      0.115565
 5    -1.716407    0.536304      0.067343
 6    -1.821131    0.782496      0.034036
 7    -1.832756    0.796156      0.030338
 8    -1.914597    0.960380      0.004309
 9    -1.915158    0.964371      0.004130
10    -1.921806    0.983064      0.002016
6.100820    0.486904    
4.839850    5.369864    0.699754    0.383326    
2.796729    4.309344    5.192400    0.612337    0.515936    0.244822    
3.115854    4.958661    6.283185    6.283185    0.638088    0.587828    0.079903    1.378129    
6.283185    6.283185    4.043770    6.283185    5.195611    0.774922    0.918337    1.309146    0.265612    1.153679    
6.283185    6.231596    4.651552    6.283185    6.283185    6.283185    0.773147    0.890212    1.293007    0.257535    1.121898    0.171939    
6.283185    6.283185    4.196800    6.283185    6.283185    6.283185    5.253358    0.750772    0.888471    1.264205    0.198711    1.191575    0.201907    1.482521    
5.879708    6.283185    4.700301    5.844472    6.283185    6.283185    6.283185    6.283185    0.751044    0.782128    1.364448    0.202556    1.295593    0.318355    1.360598    0.199297    
5.556500    6.113948    5.150219    5.305142    6.283185    6.283185    6.283185    6.283185    6.283185    0.742388    0.729962    1.387903    0.216011    1.311605    0.309057    1.346908    0.219433    1.540733    
5.010941    5.329989    5.719354    5.974663    5.715077    4.529927    6.283185    6.283185    6.283185    6.283185    0.732705    0.573944    1.548418    0.095575    1.321674    0.337146    1.372867    0.309587    1.343260    0.132700    
