 5    -2.121990    2.475694    0.275807
0.439265  0.438488  1.147810  -0.067318  1.282502  1.203008  1.135877  -0.804010  -0.355338  1.115535  
-0.679730  -0.354117  -0.484190  -0.678718  0.010728  
 1    -1.098335    0.247779      0.222646
 2    -1.852727    0.450673      0.058565
 3    -1.831714    0.462711      0.063135
 4    -1.971128    0.523303      0.032813
 5    -1.982351    0.515957      0.030372
 6    -1.982431    0.517934      0.030354
 7    -1.996554    0.596135      0.027283
 8    -2.009887    0.636360      0.024383
 9    -2.031115    0.744461      0.019765
10    -2.042265    0.740254      0.017340
6.065924    1.252068    
2.922390    6.283185    1.372097    0.740831    
5.882877    5.003840    5.178042    0.937485    0.297918    1.458509    
5.353973    0.702704    4.200027    6.172259    0.330322    0.628866    0.278128    1.318743    
1.620414    4.624071    1.118597    3.172028    3.367719    1.202570    0.484222    0.735050    0.655223    1.348104    
1.543061    4.625838    1.078328    3.123176    3.523659    6.151266    1.200261    0.490209    0.736391    0.661674    1.348276    1.556690    
5.266991    0.680735    4.193062    5.860024    6.283185    6.283185    6.283185    0.382112    0.643247    0.217168    1.254287    0.000000    1.547164    1.442607    
6.002816    1.253794    4.096861    6.283185    5.837773    5.837761    6.283185    6.283185    0.655602    0.220694    0.274651    1.153942    0.000000    1.481907    1.555232    1.410025    
5.761666    6.177908    5.892931    4.815928    6.283185    2.796535    6.273494    6.273494    6.171058    0.952526    0.139903    1.484680    0.120154    1.312537    1.285169    0.000000    1.570796    1.260249    
5.610967    0.679638    3.953650    6.283185    6.283185    6.283185    5.552021    6.119510    6.283185    6.283185    0.753281    0.283614    0.212968    1.279151    0.059851    1.372688    1.327924    1.513657    1.570796    1.363559    
