 5    -2.741001    3.038601    0.100011
1.852027  1.201873  -0.549276  0.219038  -0.016983  0.671893  0.333167  -1.771524  1.975094  0.418604  
0.173488  -0.165092  -0.417850  -0.289856  0.153932  
 1    -1.237167    0.382921      0.260197
 2    -2.468427    0.865531      0.047161
 3    -2.692442    0.966629      0.008402
 4    -2.724366    0.991370      0.002878
 5    -2.737389    0.997803      0.000625
 6    -2.739882    0.999426      0.000194
 7    -2.740602    0.999790      0.000069
 8    -2.740848    0.999903      0.000027
 9    -2.740977    0.999975      0.000004
10    -2.740976    0.999974      0.000004
4.209149    0.631040    
5.494743    5.928602    0.589696    0.350961    
3.724526    5.181218    5.202560    0.542636    0.421900    0.225367    
2.374088    4.891476    5.245411    5.628441    0.613939    0.462087    0.345856    0.145948    
2.159555    4.429881    4.984102    5.630320    6.283185    0.626706    0.473589    0.386470    0.223807    0.067297    
1.966732    3.872698    4.605531    5.192563    5.861902    6.283185    0.622720    0.480195    0.412237    0.300077    0.156366    0.053974    
1.644217    3.394517    4.195932    4.426330    4.283791    5.072335    6.129995    0.607879    0.482252    0.408476    0.299048    0.199817    0.128396    0.050439    
1.236377    2.934403    3.823077    4.444693    4.769436    5.113433    5.678106    5.874983    0.637634    0.516691    0.445232    0.377941    0.287416    0.179952    0.089239    0.027889    
1.251406    2.750947    3.628322    4.416672    4.919602    5.232731    5.326408    5.488512    6.098865    0.624475    0.507223    0.459329    0.406217    0.332386    0.223561    0.121415    0.058804    0.019710    
1.252810    2.818777    3.721733    4.492049    4.965602    5.186520    4.891305    4.950072    5.970754    4.727785    0.629932    0.516039    0.462229    0.406337    0.326777    0.209333    0.107931    0.062348    0.022915    0.001605    
