 5    -5.033599    3.172425    2.471475
0.883490  -0.457785  -0.092110  -1.329808  3.064264  2.017759  0.917338  -1.485646  0.912503  -1.919773  
-0.009458  -0.342184  0.231605  -0.782385  0.240105  
 1    -2.500268    0.320555      0.308716
 2    -3.708639    0.480788      0.161462
 3    -3.762846    0.501241      0.154856
 4    -3.789627    0.505821      0.151593
 5    -3.971545    0.577474      0.129424
 6    -3.987006    0.583228      0.127540
 7    -4.012895    0.593964      0.124385
 8    -4.062327    0.613065      0.118361
 9    -4.018806    0.608018      0.123664
10    -4.261537    0.703544      0.094085
5.841111    1.182623    
6.271394    6.283185    0.969730    0.277551    
4.714917    2.821326    3.448948    0.294149    0.808376    0.254212    
2.363618    5.147673    3.442980    3.017182    0.190873    0.846334    0.259265    0.279078    
2.547224    5.475792    5.756992    2.977071    3.626647    0.452806    1.204385    0.882924    0.384926    1.159313    
2.426184    5.629496    5.306910    2.841029    3.741591    5.659268    0.413405    1.226404    0.893377    0.358059    1.251516    1.462242    
2.543034    6.170640    5.374879    3.137895    2.704686    5.855003    5.958510    0.470373    1.178909    1.053416    0.303897    1.198589    1.570796    1.451827    
2.974411    6.283185    5.498178    3.551905    2.280658    5.854481    5.373090    5.404836    0.578638    1.172401    1.201968    0.302034    1.150579    1.522660    1.570796    1.386433    
4.097234    5.766776    6.283185    6.283185    5.653753    3.060037    6.283185    6.283185    6.283185    1.287695    1.054459    0.000000    1.402815    1.189831    0.149272    0.000000    1.421029    1.432078    
4.000154    5.674782    5.064512    6.238186    1.418248    6.283185    4.486755    5.839478    5.939172    2.059430    0.470084    1.312787    1.570796    0.664802    0.897257    1.268540    1.395679    1.373760    1.067200    0.340063    
