 5    -3.366501    2.254816    1.894731
1.857565  -0.203968  0.711019  -0.958718  0.636314  0.984796  0.976736  -0.773217  -0.776050  -1.071380  
-0.349940  0.265231  -0.241090  -0.208775  -0.245844  
 1    -1.801199    0.511869      0.278458
 2    -3.158383    0.941031      0.037023
 3    -3.346499    0.993898      0.003558
 4    -3.363826    0.999224      0.000476
 5    -3.365794    0.999735      0.000126
 6    -3.366211    0.999902      0.000052
 7    -3.366338    0.999944      0.000029
 8    -3.366418    0.999972      0.000015
 9    -3.366456    0.999984      0.000008
10    -3.366445    0.999983      0.000010
3.997337    0.490420    
5.325273    6.093097    0.703914    0.381445    
3.319851    4.876144    5.610548    0.621334    0.502281    0.246034    
2.269403    4.336798    4.760978    5.488435    0.615199    0.511659    0.384116    0.149835    
2.009072    3.949508    4.447477    5.021918    5.650074    0.607896    0.495682    0.407815    0.222957    0.050044    
1.378654    3.273068    4.213811    4.795092    5.435281    6.283185    0.674103    0.549324    0.487142    0.391767    0.219017    0.052874    
1.605864    3.485033    4.330150    4.952121    5.652200    6.088726    4.322339    0.651804    0.535324    0.480938    0.375702    0.209811    0.058808    0.012345    
1.464292    3.322141    4.166897    4.849071    5.329547    5.750354    4.452734    3.807833    0.683306    0.571319    0.511656    0.438732    0.313390    0.150994    0.035024    0.025154    
1.300020    2.964690    3.882856    4.594043    5.078605    5.481106    4.320343    2.784386    5.242998    0.658985    0.556625    0.507539    0.446220    0.340360    0.188554    0.037588    0.045480    0.009877    
1.496406    3.299504    4.164211    4.839601    5.346736    5.717160    3.903208    3.172449    6.274474    4.493694    0.667474    0.561154    0.510041    0.440441    0.330323    0.189022    0.034046    0.072052    0.020578    0.001508    
