 5    -2.571120    1.904660    0.883202
0.120886  0.610718  -0.940969  -1.296675  -0.444179  -1.381420  0.602617  -0.815498  1.472935  -0.054761  
0.200309  -0.255399  -0.237824  -0.233867  0.334414  
 1    -0.906656    0.253201      0.371882
 2    -2.441262    0.934344      0.029013
 3    -2.553937    0.989840      0.003839
 4    -2.568411    0.998006      0.000605
 5    -2.570879    0.999901      0.000054
 6    -2.571041    0.999968      0.000018
 7    -2.571052    0.999975      0.000015
 8    -2.571100    0.999994      0.000004
 9    -2.571099    0.999994      0.000005
10    -2.571098    0.999993      0.000005
4.908368    0.822572    
5.366075    6.283185    0.691922    0.357856    
3.374814    5.105896    5.931667    0.612999    0.496720    0.240997    
2.379184    4.465238    4.953646    5.860960    0.607916    0.500562    0.386845    0.156444    
2.055411    4.055562    4.623988    5.288420    6.253815    0.607180    0.490577    0.417264    0.258693    0.077199    
1.669616    3.470440    4.239636    4.768033    5.457268    6.271832    0.600602    0.480721    0.432707    0.321539    0.164229    0.039122    
1.696540    3.493727    4.244386    4.795585    5.528918    6.149590    4.945322    0.603427    0.481510    0.433390    0.324924    0.168095    0.042208    0.004506    
1.406419    3.204318    4.133791    4.728129    5.227383    5.722359    5.078486    3.227303    0.636308    0.522020    0.468816    0.391839    0.260301    0.121072    0.022509    0.018310    
1.459400    3.294363    4.207402    4.815096    5.357479    5.895159    4.653342    3.450416    5.168966    0.639370    0.525872    0.472565    0.394072    0.263369    0.122460    0.021029    0.024334    0.001873    
1.463723    0.000000    3.302370    4.212415    4.810701    5.349007    5.924151    4.377263    2.874348    4.054611    1.086886    1.123402    0.525602    0.471645    0.392012    0.260365    0.121095    0.011170    0.027496    0.003240    
