 5    -1.564938    3.163184    0.331881
-0.217286  -0.915852  1.062431  0.444871  -0.375857  -1.325971  -0.652894  -0.842896  -0.447425  1.539325  
-0.193557  -0.266594  -0.202563  -0.316705  0.291801  
 1    -0.504320    0.229562      0.224321
 2    -1.469564    0.911420      0.020172
 3    -1.546475    0.978567      0.003905
 4    -1.560089    0.994955      0.001026
 5    -1.564751    0.999813      0.000040
 6    -1.564759    0.999811      0.000038
 7    -1.564832    0.999904      0.000022
 8    -1.564833    0.999906      0.000022
 9    -1.564857    0.999930      0.000017
10    -1.564861    0.999933      0.000016
2.189646    0.281883    
5.340116    5.885106    0.669856    0.347510    
3.034370    4.867116    5.473533    0.594292    0.493466    0.244960    
2.486011    4.652881    5.020889    5.669824    0.639245    0.511341    0.370767    0.134833    
2.049238    3.965619    4.540461    5.261009    6.283185    0.603048    0.490032    0.413492    0.255064    0.079301    
2.033802    3.962511    4.549860    5.279380    6.264840    4.408506    0.603054    0.490981    0.415889    0.257490    0.081243    0.002282    
1.933377    3.817982    4.353378    4.820822    4.909950    4.576103    6.174155    0.602984    0.482730    0.410209    0.256942    0.093051    0.024473    1.563131    
1.921447    3.827238    4.370368    4.825354    4.873270    4.492074    5.869924    4.251383    0.605027    0.484533    0.411456    0.255915    0.090683    0.022722    1.561201    1.568277    
1.849376    3.666449    4.189636    4.532227    4.681381    4.934602    5.968457    3.956644    2.853838    0.603144    0.476734    0.408008    0.270853    0.124887    0.040455    1.570796    1.566805    0.002674    
1.820652    3.611508    4.147882    4.479580    4.633523    4.817811    5.765818    4.095255    3.227300    3.534954    0.601595    0.474341    0.407785    0.273990    0.128709    0.040940    1.570796    1.563603    0.002565    1.569559    
