 5    -1.768267    2.675475    0.258195
1.280115  -0.016914  1.288989  -1.524326  0.398734  0.280433  -0.312277  -1.152803  0.120756  -0.404666  
-0.209306  0.105683  0.889739  0.144382  -0.175890  
 1    -0.706636    0.311284      0.238905
 2    -1.606914    0.880135      0.036310
 3    -1.691812    0.942162      0.017205
 4    -1.761360    0.989006      0.001554
 5    -1.767484    0.998198      0.000176
 6    -1.768081    0.999683      0.000042
 7    -1.768201    0.999919      0.000015
 8    -1.768214    0.999941      0.000012
 9    -1.768263    0.999997      0.000001
10    -1.768265    0.999998      0.000000
2.704236    0.659449    
3.532580    3.583701    0.470140    0.348514    
1.784416    3.869246    3.664530    0.510058    0.395937    0.240556    
2.012096    3.415093    3.939522    4.077647    0.633829    0.450804    0.295999    0.194078    
1.506100    3.245494    3.648471    4.067674    4.706910    0.604699    0.464662    0.390102    0.210996    0.111139    
1.368693    2.881763    3.508780    3.968046    4.368679    4.890591    0.606970    0.478587    0.400896    0.310875    0.151749    0.072472    
1.175373    2.592213    3.294328    3.789775    4.285653    4.589111    5.056171    0.589419    0.470333    0.414248    0.327582    0.206862    0.095701    0.031942    
1.162287    2.557398    3.228324    3.721782    4.188865    4.540594    4.802039    5.004753    0.590409    0.469180    0.414046    0.332547    0.220273    0.113542    0.042645    0.008928    
1.069876    2.452301    3.174238    3.756746    4.167632    4.724230    4.575142    3.907218    2.030744    0.629458    0.515614    0.451478    0.392101    0.296860    0.189639    0.088943    0.002214    0.036415    
1.069556    2.466268    3.209052    3.810633    4.242548    4.730528    4.910943    5.162810    6.106081    4.413167    0.640077    0.532289    0.471359    0.415827    0.330489    0.237646    0.129642    0.067136    0.019556    1.570791    
