 5    -1.570921    1.650770    0.105150
1.011944  0.346745  -0.230357  -0.433349  -0.627075  0.791468  -0.598915  -0.869797  -0.788798  -0.724587  
-0.385858  0.259611  0.244220  0.200949  0.331625  
 1    -0.709549    0.342613      0.267366
 2    -1.511859    0.949894      0.018333
 3    -1.567082    0.996113      0.001191
 4    -1.570444    0.999453      0.000148
 5    -1.570721    0.999770      0.000062
 6    -1.570741    0.999778      0.000056
 7    -1.570889    0.999950      0.000010
 8    -1.570890    0.999954      0.000010
 9    -1.570890    0.999960      0.000010
10    -1.570903    0.999972      0.000006
3.571013    0.258964    
5.098141    5.406984    0.713914    0.366198    
2.711447    4.352570    5.087823    0.619540    0.527083    0.257476    
1.913475    3.733285    4.062299    4.767044    0.621381    0.506923    0.390609    0.162707    
1.805880    3.489044    3.901520    4.430939    4.997238    0.614472    0.494073    0.407155    0.220419    0.045863    
1.802827    3.443257    3.844275    4.275708    4.689879    5.278777    0.616419    0.491844    0.408003    0.234666    0.069992    0.009753    
1.447954    3.125563    3.786257    4.338318    4.907158    5.372855    3.669620    0.677054    0.550834    0.489495    0.394553    0.235181    0.065246    0.009571    
1.456829    3.129538    3.809642    4.373247    5.158883    2.105147    3.325893    6.201578    0.670497    0.543893    0.484731    0.384016    0.233922    1.540800    0.060627    0.000019    
1.419487    3.090765    3.791747    4.354347    5.132174    2.480849    2.867533    5.882200    3.627116    0.666884    0.542182    0.484503    0.385299    0.235955    1.539205    0.074274    0.005947    0.001065    
1.434949    3.064689    3.764592    4.293105    5.125037    3.558477    4.447697    3.792452    3.350882    3.972300    0.653499    0.530980    0.474685    0.369450    0.200677    1.565371    0.027672    1.517473    0.001078    1.549796    
