 5    -2.589479    2.660096    1.095302
-0.374470  1.163536  1.171028  0.762805  -1.399164  -0.805286  -0.567384  0.003154  0.933997  -1.232669  
0.163547  -0.108906  0.999484  -0.126222  -0.189672  
 1    -1.141558    0.306404      0.275817
 2    -1.995655    0.662108      0.113119
 3    -2.451230    0.936027      0.026335
 4    -2.563084    0.988721      0.005028
 5    -2.579115    0.994944      0.001974
 6    -2.584035    0.997479      0.001037
 7    -2.586857    0.998968      0.000499
 8    -2.588937    0.999797      0.000103
 9    -2.589447    0.999985      0.000006
10    -2.589452    0.999987      0.000005
3.648067    0.820133    
2.203570    6.283185    1.170664    1.067895    
2.849190    5.062471    3.859513    1.136052    1.380962    1.222968    
2.093229    4.771331    4.556906    4.553567    1.000976    1.199058    1.433437    1.273412    
1.754532    4.075934    4.819845    3.700033    6.283185    0.997596    1.148118    1.299096    1.433872    1.360835    
2.117045    4.374162    4.726780    3.713000    6.180717    6.283185    1.005602    1.147431    1.258946    1.418840    1.425460    1.461972    
1.775163    4.107494    4.710807    4.577302    4.648652    6.283185    6.283185    1.000987    1.128242    1.229896    1.363431    1.419530    1.475542    1.486619    
1.588593    3.784157    4.475872    4.324584    4.979343    6.051912    5.860002    4.251344    0.986736    1.128219    1.235435    1.346418    1.349479    1.450960    1.570796    1.455941    
1.213031    3.181718    4.389642    4.885201    4.693743    4.968323    6.275386    5.934127    5.324333    0.947914    1.067585    1.165531    1.271760    1.343185    1.400304    1.450724    1.541604    1.491500    
1.187797    3.121059    4.320584    4.818752    4.653282    4.989458    6.225892    5.999624    4.904557    5.430020    0.947294    1.065979    1.162546    1.267840    1.340577    1.391240    1.444412    1.533874    1.502467    1.555474    
