 5    -2.353250    2.503331    0.255275
0.363580  1.314545  -1.146046  -0.488436  0.720190  -0.065189  1.841201  0.129148  1.689050  0.924599  
0.292857  -0.133592  -0.145726  0.884978  0.131612  
 1    -1.815448    0.384348      0.110737
 2    -2.128864    0.842065      0.046203
 3    -2.252226    0.825978      0.020802
 4    -2.338872    0.982077      0.002961
 5    -2.351054    0.998754      0.000452
 6    -2.352705    0.999682      0.000112
 7    -2.353089    0.999918      0.000033
 8    -2.353103    0.999913      0.000030
 9    -2.353162    0.999940      0.000018
10    -2.353193    0.999967      0.000012
5.553761    0.811089    
3.146223    3.486445    0.429428    0.416546    
2.677715    3.750365    5.420755    0.559803    0.461879    0.218249    
1.980792    3.403311    3.630007    4.662140    0.590127    0.464969    0.305108    0.189121    
1.456103    3.131248    3.520724    3.935240    4.623097    0.608184    0.468275    0.392440    0.221818    0.106853    
1.367466    2.830554    3.356450    3.800557    4.263218    4.683595    0.606740    0.473847    0.398725    0.293647    0.147583    0.054843    
1.161668    2.549802    3.178502    3.650885    4.166842    4.430550    5.095806    0.594268    0.474663    0.417123    0.325177    0.203856    0.089761    0.027374    
1.122689    2.512958    3.158683    3.631202    4.125317    4.406466    4.933316    4.274045    0.598170    0.480354    0.423305    0.335626    0.217829    0.106719    0.035298    0.006250    
1.055201    2.424720    3.110373    3.552760    3.966488    4.232872    5.119149    3.812616    4.356857    0.601710    0.482883    0.421614    0.337852    0.199505    0.101054    0.000000    0.000000    1.550403    
0.994315    2.371604    3.071118    3.490219    3.789095    4.195294    5.360724    1.881070    6.051752    5.632188    0.616208    0.497474    0.425462    0.346929    0.208859    0.112090    0.000831    1.557621    1.537866    1.564636    
