 5    -3.363047    3.055049    1.027158
0.286737  -1.614226  -2.273977  -0.592228  0.483037  0.143706  -2.061878  -0.378867  -1.044350  -0.467956  
-0.721459  -0.011305  -0.170304  -0.280825  -0.183227  
 1    -1.811422    0.340791      0.241758
 2    -2.809223    0.553442      0.086291
 3    -2.930300    0.589803      0.067426
 4    -2.956765    0.609007      0.063303
 5    -2.985067    0.642750      0.058893
 6    -3.034751    0.711553      0.051152
 7    -3.116012    0.798456      0.038490
 8    -3.218069    0.873229      0.022589
 9    -3.261851    0.907201      0.015767
10    -3.288071    0.936200      0.011682
5.982901    0.643833    
5.112402    5.887050    0.598169    0.301840    
3.192442    5.264782    5.954159    0.581868    0.431085    0.206706    
2.709895    4.906507    5.497931    6.283185    0.615549    0.450619    0.312321    0.105842    
3.117897    5.076458    5.642631    6.283185    6.283185    0.627278    0.468013    0.332361    0.170598    0.076093    
3.613821    5.459949    6.183051    6.283185    6.105565    6.283185    0.607114    0.451384    0.308152    0.181013    0.165576    0.107822    
3.840673    5.131815    5.908939    6.283185    6.283185    6.283185    6.283185    0.556415    0.373601    0.167289    0.109719    0.177249    0.180555    0.130711    
3.301576    5.463496    6.283185    6.283185    6.283185    6.283185    6.283185    6.283185    0.583105    0.428464    0.152073    0.000000    0.124643    0.192835    0.221793    0.142482    
2.755271    4.951161    5.307298    6.283185    6.283185    6.283185    6.283185    6.283185    6.283185    0.575025    0.413329    0.213966    0.000000    0.007707    0.148448    0.213352    0.214151    0.110914    
3.260751    5.372088    5.927367    6.283185    6.283185    6.283185    6.283185    6.283185    5.992577    6.283185    0.628562    0.435487    0.216490    0.000000    0.000000    0.081640    0.187544    0.207537    0.154687    0.085611    
