 5    -2.271215    3.414297    0.810716
0.054388  0.066855  -0.313268  -0.714383  0.437518  -1.693630  -1.272009  -1.185710  -1.177596  0.719244  
0.086142  0.387781  0.184205  0.387779  0.134611  
 1    -0.909310    0.325186      0.239540
 2    -1.962879    0.762241      0.054232
 3    -2.150324    0.896785      0.021263
 4    -2.220429    0.951322      0.008932
 5    -2.247524    0.977074      0.004167
 6    -2.257472    0.987403      0.002417
 7    -2.266187    0.996668      0.000884
 8    -2.270725    0.999771      0.000086
 9    -2.271110    0.999947      0.000018
10    -2.271189    0.999987      0.000005
3.594688    0.394046    
5.159985    6.125257    0.614182    0.318930    
4.032746    5.718098    6.283185    0.609816    0.418014    0.201202    
3.332683    5.250438    5.856234    6.283185    0.617599    0.444065    0.302522    0.126924    
2.806183    4.887781    5.550668    6.283185    6.283185    0.618158    0.469732    0.349141    0.201324    0.076800    
2.534270    4.716126    5.372897    6.076009    6.283185    6.283185    0.645736    0.491854    0.392097    0.251758    0.132121    0.051668    
2.631218    4.779982    5.516366    6.246029    6.283185    6.008781    6.283185    0.650338    0.515356    0.416696    0.295536    0.161584    0.091722    0.052020    
2.174411    4.241334    5.061392    5.862208    6.283185    6.283185    6.245828    6.283185    0.623077    0.501053    0.431131    0.330559    0.221826    0.124307    0.080003    0.040117    
1.907717    4.042112    5.021966    5.805943    6.235736    6.100835    6.283185    6.210054    4.235257    0.624436    0.514790    0.448283    0.351262    0.237981    0.140556    0.091562    0.045115    0.014109    
1.539239    3.536286    4.652179    5.487088    6.065055    6.250259    6.118128    6.202505    4.074481    3.946024    0.631171    0.522200    0.466799    0.389056    0.287637    0.182383    0.111108    0.065468    0.017413    0.019827    
