 5    -2.009773    2.332053    0.521246
-0.337545  -0.225671  -0.825266  -1.519911  0.236885  -0.567556  1.783642  0.438508  -0.234935  0.649691  
0.147840  -0.146118  0.853157  -0.093241  0.222451  
 1    -1.345721    0.506453      0.152943
 2    -1.806027    0.843009      0.046926
 3    -1.898964    0.912681      0.025521
 4    -1.992846    0.984153      0.003898
 5    -2.006746    0.997583      0.000697
 6    -2.009213    0.999570      0.000129
 7    -2.009609    0.999851      0.000038
 8    -2.009758    0.999981      0.000004
 9    -2.009760    0.999985      0.000003
10    -2.009762    0.999993      0.000003
5.698673    0.623291    
3.951199    3.783792    0.498863    0.316952    
1.899134    4.295888    4.122762    0.554347    0.404996    0.248922    
2.404186    3.852283    4.288236    4.869386    0.585857    0.472428    0.265602    0.186534    
1.599778    3.618409    4.050120    4.446278    5.281223    0.612085    0.463717    0.398971    0.204145    0.121194    
1.544691    3.237113    3.909271    4.388343    4.834312    5.321261    0.611226    0.478785    0.394871    0.301450    0.148085    0.073166    
1.248276    2.764057    3.543191    4.118951    4.647465    4.964717    5.402126    0.587540    0.467676    0.413324    0.327760    0.215417    0.103048    0.037400    
1.127129    2.631998    3.439785    4.099362    4.557104    5.144193    5.064014    6.280550    0.629060    0.517101    0.452757    0.390212    0.297893    0.188127    0.091448    0.037797    
1.044565    2.507441    3.363165    4.029192    4.494641    5.018048    5.119312    5.843000    4.697737    0.624952    0.516497    0.456329    0.394828    0.307727    0.197633    0.106123    0.040682    0.009032    
1.180108    2.760688    3.569978    4.219237    4.692857    5.285992    5.739221    1.689257    3.378429    6.180335    0.635029    0.527096    0.460132    0.397108    0.304024    0.202236    0.133122    1.526655    0.056179    0.009622    
