 5    -2.677453    2.943631    0.942704
0.993539  -0.758112  -0.351157  0.938245  -1.000467  -1.201973  2.034609  0.008307  0.258243  0.446007  
-0.891320  -0.113535  -0.174912  -0.145187  0.336494  
 1    -0.987928    0.382708      0.300569
 2    -2.416611    0.894189      0.046404
 3    -2.578973    0.945751      0.017520
 4    -2.660888    0.991814      0.002947
 5    -2.675749    0.999392      0.000303
 6    -2.676727    0.999742      0.000129
 7    -2.677214    0.999903      0.000043
 8    -2.677216    0.999904      0.000042
 9    -2.677253    0.999917      0.000036
10    -2.677257    0.999919      0.000035
5.080049    0.355851    
3.928320    4.384404    0.572047    0.347925    
2.796263    3.992651    4.638415    0.553953    0.432591    0.205879    
2.243570    3.782212    4.068995    4.866935    0.609936    0.470255    0.323531    0.160508    
1.624852    3.413627    3.817073    4.333027    5.004023    0.619767    0.477673    0.399425    0.235456    0.088630    
1.465711    2.963777    3.554048    3.995649    4.534549    4.949725    0.612942    0.473884    0.409817    0.304466    0.155074    0.048493    
1.311764    2.822395    3.528204    4.031660    4.635877    5.094164    5.821681    0.609453    0.489998    0.432931    0.340880    0.207545    0.086355    0.023080    
1.302707    2.802665    3.511334    4.014522    4.610093    5.052786    5.616518    2.873846    0.608522    0.488821    0.432802    0.342137    0.209585    0.089139    0.023422    0.002433    
1.115774    0.002768    2.534453    3.302059    3.785017    4.183287    4.399893    4.396064    4.419729    1.563389    0.609943    0.494060    0.438312    0.361469    0.243903    0.125225    0.047488    0.016623    
1.274815    2.726049    3.433404    3.896016    4.433066    4.511805    5.786124    3.518679    4.819869    4.481618    0.604687    0.478894    0.422701    0.332164    0.180720    0.068271    0.000000    0.001934    1.561405    0.007786    
