 5    -1.564781    0.903420    0.449752
0.522022  0.069947  0.869230  0.424554  -0.220960  -0.632086  -0.455699  -0.681874  0.387163  -0.009748  
0.332141  -0.210213  -0.125987  -0.510019  -0.046826  
 1    -0.704526    0.306127      0.348535
 2    -1.365991    0.672195      0.080541
 3    -1.439062    0.753902      0.050935
 4    -1.475761    0.819203      0.036067
 5    -1.500956    0.877784      0.025859
 6    -1.532095    0.954827      0.013243
 7    -1.557989    0.993254      0.002752
 8    -1.563358    0.998869      0.000576
 9    -1.564599    0.999896      0.000074
10    -1.564727    0.999967      0.000022
5.623951    0.755521    
5.006627    5.841099    0.597474    0.300198    
3.684029    5.421367    6.253426    0.605686    0.426580    0.196140    
3.530700    5.118773    5.810002    6.283185    0.621653    0.442864    0.294237    0.120623    
3.217665    5.019046    5.659125    6.283185    6.283185    0.595563    0.454684    0.325888    0.195104    0.092976    
3.787009    5.377097    6.159625    6.283185    6.136449    6.283185    0.635864    0.442411    0.300841    0.193821    0.156571    0.105852    
3.206106    4.733741    5.485304    6.283185    6.255878    6.283185    6.283185    0.562135    0.438865    0.302169    0.191253    0.163833    0.151791    0.098486    
2.310422    4.699094    5.341451    6.283185    6.283185    5.712601    6.283185    6.283185    0.598719    0.469577    0.366305    0.220893    0.149597    0.146634    0.139537    0.065649    
2.126610    4.340066    5.137404    5.959984    6.283185    5.860743    6.133115    6.283185    6.283185    0.618926    0.477010    0.392961    0.261634    0.164639    0.142519    0.142051    0.098392    0.033809    
1.970497    3.998903    4.881436    5.685325    6.241673    6.182844    6.283185    6.242042    4.596207    4.701409    0.609310    0.471617    0.402429    0.285009    0.185861    0.149402    0.144945    0.098176    0.036844    0.023527    
