 5    -2.028809    1.921318    0.018946
-1.450948  1.910953  0.711879  -0.247738  0.361466  -0.032950  -0.221347  0.477257  -0.691939  0.792006  
-0.258505  -0.159215  0.136787  -0.931157  0.130062  
 1    -0.703849    0.261691      0.335422
 2    -1.847303    0.876500      0.045949
 3    -1.940116    0.955580      0.022453
 4    -2.021768    0.994495      0.001783
 5    -2.028107    0.999384      0.000178
 6    -2.028575    0.999823      0.000059
 7    -2.028727    0.999948      0.000021
 8    -2.028728    0.999947      0.000020
 9    -2.028799    0.999992      0.000002
10    -2.028788    0.999982      0.000005
6.168770    0.315289    
3.175959    3.438957    0.430300    0.400413    
1.782987    3.640109    3.613501    0.517138    0.402258    0.249801    
1.840056    3.202381    3.668880    3.877064    0.644272    0.450239    0.313172    0.200796    
1.470028    3.036101    3.379628    3.822610    4.370921    0.605560    0.461175    0.386656    0.218255    0.101340    
1.321798    2.742852    3.236225    3.631025    4.122079    4.358530    0.605497    0.468537    0.399641    0.295823    0.145539    0.058469    
1.126592    2.500429    3.149671    3.589741    4.116873    4.366736    5.013610    0.596366    0.480094    0.424024    0.332755    0.209509    0.094561    0.031078    
1.159250    2.558844    3.178688    3.611442    4.177061    4.349059    5.188760    3.226208    0.599463    0.479040    0.422741    0.327786    0.202667    0.092017    0.029774    0.001079    
0.938309    2.244639    2.958826    3.492767    3.909568    4.362503    4.629302    4.862884    5.917757    0.636264    0.526489    0.466106    0.403460    0.315144    0.208408    0.102242    0.045984    0.009757    
0.944483    2.294571    3.044709    3.577302    4.031110    4.559748    4.930109    4.934293    2.287165    4.455827    0.633266    0.525328    0.462495    0.395890    0.296748    0.191380    0.082774    0.053800    1.562501    0.016989    
