 5    -2.118012    2.007292    0.161429
-0.785379  0.950782  -0.027696  -1.235860  -0.578111  0.713701  -0.686916  1.087173  0.024415  -1.229610  
-0.438660  -0.075133  0.224722  -0.224079  -0.346989  
 1    -1.416889    0.502893      0.169957
 2    -2.015924    0.799102      0.024747
 3    -2.094824    0.891627      0.005621
 4    -2.106331    0.939425      0.002831
 5    -2.112552    0.981140      0.001324
 6    -2.117699    0.999736      0.000076
 7    -2.117940    0.999954      0.000018
 8    -2.117993    0.999992      0.000005
 9    -2.117993    0.999991      0.000005
10    -2.117997    0.999992      0.000004
5.257438    0.500452    
5.085959    5.729548    0.616379    0.319621    
3.360361    4.965568    5.875608    0.587383    0.457333    0.211696    
2.732587    4.687980    5.234992    6.283185    0.616316    0.476800    0.350138    0.128846    
2.694795    4.488695    5.095583    5.703008    6.283185    0.611129    0.487214    0.380600    0.233265    0.092274    
2.158678    4.377049    4.997855    5.861208    6.283185    6.283185    0.612928    0.496279    0.413300    0.284310    0.172702    0.072833    
1.937176    3.985198    4.788331    5.605317    6.277361    6.069838    5.341937    0.613962    0.493993    0.432934    0.318909    0.204754    0.099876    0.031297    
1.773392    3.748081    4.638644    5.435231    6.145181    6.271252    5.358844    5.732257    0.612844    0.498335    0.447271    0.347758    0.234516    0.125441    0.050266    0.018398    
1.799573    3.765509    4.635809    5.436602    6.154014    6.282812    5.174096    5.092149    3.441280    0.611599    0.495611    0.444719    0.344921    0.232753    0.123059    0.046336    0.017794    0.003206    
1.768344    3.713728    4.599447    5.399034    6.147562    6.235908    5.281098    5.336703    2.739994    6.090962    0.607173    0.490066    0.440296    0.337850    0.222664    0.113182    0.044615    0.005569    0.000000    1.562348    
