 5    -2.802020    3.383814    1.200402
1.348629  1.991068  1.393069  -0.686884  -0.095791  -0.756370  0.561199  0.751012  -1.191746  -1.487929  
-0.389981  0.181975  0.252336  0.228700  0.318607  
 1    -1.046406    0.329108      0.283812
 2    -2.699664    0.963531      0.016547
 3    -2.793408    0.996675      0.001392
 4    -2.800807    0.999428      0.000196
 5    -2.801697    0.999868      0.000052
 6    -2.801703    0.999871      0.000051
 7    -2.801719    0.999877      0.000049
 8    -2.801745    0.999894      0.000044
 9    -2.801884    0.999949      0.000022
10    -2.801739    0.999887      0.000045
2.613693    0.593218    
5.378361    5.883740    0.714178    0.376682    
2.901664    4.624569    5.382545    0.606290    0.518415    0.256901    
1.983540    3.911471    4.177350    4.958636    0.602373    0.488840    0.381535    0.167773    
1.966385    3.813842    4.216095    4.960025    6.283185    0.604496    0.490350    0.402137    0.219931    0.042535    
1.975518    3.812457    4.212483    4.977535    6.279942    4.072377    0.602996    0.489342    0.401162    0.220184    0.043580    0.002148    
1.951892    3.775892    4.194817    4.905796    5.711365    4.278084    5.065261    0.604795    0.488522    0.404535    0.221488    0.039067    0.000534    1.564266    
1.940089    3.810100    4.219973    5.114545    6.254350    4.148030    5.203108    2.442033    0.602504    0.489056    0.399977    0.195587    0.000000    0.000000    1.549614    0.014588    
1.892867    3.772214    4.198628    5.118089    5.865596    3.361160    5.285865    0.368862    3.287737    0.619593    0.487888    0.413282    0.220564    0.000000    0.010313    1.317834    0.234109    1.555642    
1.941862    0.000136    3.812081    4.216342    5.100845    6.257729    4.372628    5.285275    2.900224    3.430643    1.208953    0.963717    0.488877    0.399440    0.199456    0.005849    0.000000    1.548269    0.015346    1.564204    
