 5    -3.202743    3.076121    0.973198
-1.243488  -2.264139  0.865807  -1.336708  -1.279517  1.240628  -0.033184  -0.820098  1.200778  0.918955  
-0.282606  0.761999  -0.264438  0.321187  0.007779  
 1    -0.988163    0.233829      0.352704
 2    -2.558597    0.471165      0.102590
 3    -2.619502    0.488539      0.092890
 4    -2.677982    0.494217      0.083576
 5    -2.726999    0.525851      0.075769
 6    -2.742617    0.558165      0.073282
 7    -2.775530    0.575683      0.068040
 8    -2.782618    0.597501      0.066911
 9    -2.808218    0.611104      0.062834
10    -2.836850    0.634083      0.058274
3.511253    0.943500    
6.137085    6.253933    0.977097    0.327944    
6.283185    6.053560    4.496263    0.931964    0.388220    1.443043    
2.163656    4.982686    3.668734    2.792013    0.252384    0.871456    0.265190    0.295619    
3.884557    1.386777    4.366277    6.283185    2.773544    1.170080    0.855864    0.986505    0.713976    0.422569    
5.099878    3.347765    6.283185    4.108400    6.228996    2.407527    0.558346    1.234341    0.426296    1.287804    0.853474    0.334175    
2.956376    5.345815    4.489686    4.193967    1.524649    3.016146    2.816838    0.586665    1.248082    1.110034    0.271341    1.083283    0.319350    1.229785    
2.477200    5.454813    3.955917    6.280635    4.923284    2.333846    4.603509    2.624703    0.389004    1.095685    0.000000    0.208869    0.932387    0.399654    1.015809    0.203737    
4.075668    2.305791    4.330334    6.278308    2.156166    4.819857    5.871704    2.365394    3.308219    1.253982    0.793031    1.204231    0.442673    1.047755    1.402494    1.101491    0.422635    1.166757    
2.648777    5.041500    4.278337    4.690137    4.235980    1.785133    4.493536    2.774952    4.755936    1.686997    0.670989    1.277638    1.313993    0.331091    0.960481    0.539607    0.792024    0.387859    0.780398    0.602414    
