 5    -2.699229    2.271191    1.112517
1.023492  0.283144  -0.004423  -0.507907  0.852055  -1.412692  0.568955  1.263137  -1.571967  -0.876978  
0.231757  -0.218326  0.270104  -0.220655  0.341573  
 1    -0.997843    0.386223      0.342302
 2    -2.582263    0.949005      0.023532
 3    -2.686318    0.994196      0.002598
 4    -2.696917    0.998749      0.000465
 5    -2.698535    0.999742      0.000140
 6    -2.698630    0.999740      0.000120
 7    -2.698863    0.999852      0.000074
 8    -2.698864    0.999853      0.000073
 9    -2.698997    0.999911      0.000047
10    -2.698868    0.999856      0.000073
4.959930    0.283411    
5.423628    6.283185    0.703133    0.366514    
3.317651    5.020010    5.798929    0.614613    0.498268    0.244982    
2.202332    4.335041    4.734993    5.520670    0.604873    0.499353    0.382717    0.159818    
2.121325    4.132139    4.636410    5.323227    6.283185    0.611564    0.494222    0.408235    0.225765    0.049093    
2.134827    4.141610    4.699964    5.440167    6.238937    4.506177    0.610315    0.497503    0.413452    0.231054    0.054006    0.008120    
2.143918    4.173054    4.708954    5.618057    5.035348    4.454072    5.216392    0.608640    0.495065    0.405222    0.198606    0.000000    0.000000    1.545950    
2.154091    4.192878    4.723030    5.634736    6.109574    4.192870    4.707802    3.661236    0.609879    0.496250    0.404826    0.197200    0.000000    0.000000    1.546251    0.002550    
2.190521    4.182027    4.789067    5.799895    6.283185    4.492259    6.275299    0.736239    4.715335    0.620575    0.499156    0.418133    0.213922    0.000000    0.000920    1.405824    0.138888    1.552368    
2.148931    4.181211    4.725091    5.666741    6.127045    4.367041    5.204337    4.607472    4.105288    5.040600    0.608603    0.495857    0.405716    0.198082    0.000000    0.000000    1.546392    0.008447    1.568088    0.001927    
