 5    -2.385465    1.681702    0.253019
-0.387979  1.027428  -0.161652  -1.247563  0.865654  -0.059300  -0.902750  -0.009563  0.619805  0.494273  
0.550460  0.112451  -0.236071  -0.040395  0.448968  
 1    -1.479572    0.415839      0.222733
 2    -2.185809    0.659447      0.049090
 3    -2.295507    0.764986      0.022118
 4    -2.336061    0.819885      0.012147
 5    -2.345745    0.854186      0.009766
 6    -2.360652    0.934003      0.006101
 7    -2.379685    0.992758      0.001421
 8    -2.384153    0.999021      0.000322
 9    -2.385294    0.999925      0.000042
10    -2.385389    0.999968      0.000019
5.702185    0.519183    
4.809045    5.563950    0.602430    0.299735    
3.622764    5.246076    6.123431    0.616769    0.424066    0.193595    
2.982577    4.782669    5.517823    6.283185    0.620618    0.452626    0.312763    0.119086    
2.468682    4.577154    5.268354    6.093768    6.283185    0.629586    0.483029    0.367309    0.202603    0.063663    
3.261923    4.970508    5.729356    6.283185    6.212250    6.283185    0.661691    0.491049    0.371552    0.234947    0.128540    0.075129    
2.870873    4.642801    5.451818    6.283185    6.120044    6.283185    6.283185    0.579680    0.464524    0.350045    0.223897    0.154294    0.138370    0.089309    
2.229824    4.460183    5.220885    6.081180    6.283185    6.188979    6.283185    6.283185    0.611657    0.482958    0.384209    0.255788    0.172547    0.144812    0.126970    0.055555    
1.890776    3.975876    4.856768    5.726725    6.283185    6.283185    6.140772    6.167469    6.283185    0.617977    0.487742    0.409802    0.293800    0.198195    0.150647    0.133408    0.093173    0.032530    
1.753780    3.757266    4.733059    5.622294    6.267381    6.132246    5.716632    5.954695    5.941020    5.661379    0.621182    0.496375    0.428141    0.321830    0.215513    0.148477    0.130416    0.105634    0.054658    0.016590    
