 5    -2.567765    2.756767    0.073015
-0.200346  -0.722750  -1.006436  -0.435368  0.930336  -0.694714  -3.291892  -0.638987  0.114389  0.204070  
-0.195118  -0.195729  -0.634318  -0.130862  -0.285484  
 1    -1.210347    0.132371      0.254937
 2    -2.309636    0.883670      0.048479
 3    -2.496997    0.862402      0.013291
 4    -2.556975    0.986492      0.002026
 5    -2.566661    0.999314      0.000207
 6    -2.567551    0.999811      0.000040
 7    -2.567734    0.999954      0.000006
 8    -2.567735    0.999956      0.000006
 9    -2.567742    0.999958      0.000004
10    -2.567753    0.999975      0.000002
4.926216    1.002075    
3.696895    3.935441    0.544042    0.356506    
3.202861    3.886406    5.670403    0.594919    0.451954    0.212452    
2.134229    3.504660    3.818655    4.875693    0.596788    0.465058    0.324906    0.180243    
1.566384    3.323827    3.719330    4.214201    4.906883    0.627952    0.482192    0.401349    0.236454    0.093737    
1.437744    2.893255    3.481801    3.913848    4.417368    4.874860    0.614619    0.476347    0.408718    0.301336    0.151977    0.049817    
1.215087    2.603534    3.374979    3.862348    4.404866    4.851604    5.574014    0.601679    0.485722    0.430728    0.341107    0.201843    0.083465    0.017291    
1.218666    2.587131    3.339483    3.822830    4.341313    4.782856    5.291638    3.999828    0.599796    0.481592    0.427789    0.339762    0.203300    0.086740    0.019028    0.001761    
1.186996    2.563587    3.325044    3.800331    4.281583    4.740756    5.093477    3.582827    5.971603    0.603581    0.487094    0.431279    0.345863    0.209050    0.092548    0.015361    0.000000    1.565890    
1.134155    2.499941    3.245498    3.712713    4.102995    4.491234    4.180673    3.493661    3.529356    5.167606    0.610549    0.496542    0.438639    0.362174    0.243759    0.127432    0.045127    0.011064    0.008000    1.566984    
