 5    -2.265862    3.125811    1.294050
1.228264  -0.961592  -1.375194  -0.666736  -0.408250  -0.159367  -1.010143  -0.272901  1.148510  0.304371  
-0.357195  0.201618  -0.278229  -0.208827  0.312983  
 1    -0.757406    0.278396      0.279775
 2    -2.184583    0.967375      0.015075
 3    -2.259081    0.997124      0.001258
 4    -2.264750    0.999400      0.000206
 5    -2.265613    0.999866      0.000046
 6    -2.265754    0.999952      0.000020
 7    -2.265800    0.999973      0.000012
 8    -2.265803    0.999974      0.000011
 9    -2.265821    0.999982      0.000008
10    -2.265824    0.999983      0.000007
4.083661    0.794983    
5.306612    5.931752    0.718502    0.378529    
2.959318    4.615655    5.394359    0.610941    0.513102    0.254082    
1.990970    3.881847    4.164595    4.957795    0.598550    0.487247    0.379222    0.168080    
2.012369    3.828686    4.259795    4.990480    6.283185    0.606180    0.492977    0.403045    0.220302    0.045005    
2.043192    3.856496    4.338709    5.172022    6.262265    3.356211    0.598928    0.495892    0.403675    0.221857    0.048406    0.013507    
1.985165    3.821377    4.302865    5.183995    6.259550    3.091813    4.335900    0.602606    0.494645    0.404574    0.200565    0.000000    0.003899    1.546362    
1.995428    3.817044    4.282176    5.195991    6.254743    3.695010    4.033815    3.702649    0.600293    0.492072    0.401107    0.197836    0.000000    0.008996    1.548285    0.006235    
2.008274    3.852699    4.337403    5.350578    6.273137    3.662200    3.920531    3.855701    4.988077    0.600559    0.495168    0.402497    0.203374    0.000000    0.022828    1.532385    0.000000    1.555857    
1.994509    3.826357    4.316691    5.289343    6.261374    3.643784    4.594666    3.915469    4.935360    3.894342    0.602845    0.494226    0.406218    0.206399    0.000000    0.006155    1.530078    0.000000    1.557213    0.003701    
