 5    -3.087222    2.731510    1.066174
0.955418  0.440712  -0.478419  -0.682530  -0.793871  0.427983  -0.773764  2.050114  -0.211533  1.453954  
-0.212849  0.173225  0.190236  -0.131469  0.883910  
 1    -1.634631    0.400065      0.249640
 2    -2.769258    0.878398      0.054645
 3    -2.957423    0.946369      0.022307
 4    -3.068849    0.992613      0.003158
 5    -3.085587    0.999405      0.000281
 6    -3.086633    0.999785      0.000101
 7    -3.086802    0.999865      0.000072
 8    -3.087171    0.999980      0.000009
 9    -3.087181    0.999985      0.000007
10    -3.087187    0.999986      0.000006
4.213570    0.703509    
3.842598    4.360304    0.539873    0.337956    
2.346848    4.227942    4.492773    0.563747    0.434421    0.235763    
2.321024    3.857385    4.220918    4.826456    0.624100    0.469556    0.319703    0.166690    
1.642450    3.380184    3.837767    4.419086    4.954861    0.596484    0.472772    0.399829    0.238206    0.101414    
1.277226    2.770377    3.521769    3.995944    4.554358    4.951545    0.601100    0.476514    0.421583    0.334219    0.184914    0.068390    
1.271456    2.819527    3.551728    4.052875    4.672543    5.039252    6.246289    0.604711    0.484685    0.430433    0.341014    0.206783    0.084633    0.016744    
1.088613    2.526809    3.296314    3.919355    4.359321    4.861353    5.210623    5.772857    0.640710    0.530304    0.471857    0.411039    0.325587    0.202801    0.090252    0.024706    
1.055550    2.458633    3.236566    3.860680    4.290141    4.749140    5.039651    5.250591    4.034998    0.641631    0.531446    0.473921    0.415771    0.334352    0.215551    0.104047    0.031416    0.006379    
0.962686    0.181518    2.390356    3.207556    3.816997    4.238135    4.649166    4.894699    4.912261    4.134722    1.167733    1.001808    0.538548    0.473083    0.414209    0.333598    0.216974    0.107057    0.034635    0.009403    
