 5    -1.801680    1.523818    0.186562
1.594854  -0.655138  1.016982  0.369841  -0.070009  -0.682898  -0.254259  -0.672071  0.295525  0.098739  
0.204339  -0.127725  0.737482  0.308981  -0.860153  
 1    -0.862449    0.193507      0.282433
 2    -1.497333    0.810500      0.091519
 3    -1.582997    0.737519      0.065760
 4    -1.629019    0.811495      0.051920
 5    -1.680637    0.797133      0.036398
 6    -1.749651    0.916156      0.015646
 7    -1.768911    0.964714      0.009854
 8    -1.777067    0.977510      0.007401
 9    -1.791703    0.994347      0.003000
10    -1.795664    0.994968      0.001809
4.548379    0.923449    
4.609480    4.186206    0.581889    0.363159    
4.301247    3.861088    6.283185    0.578751    0.483791    0.190811    
4.134313    3.745492    3.615463    3.356634    0.610637    0.507202    0.117600    0.195936    
1.780151    3.296741    2.559573    4.203608    2.675515    0.457717    0.806994    1.362006    0.720986    0.905005    
4.650196    4.195564    4.748159    4.042693    4.462667    3.629551    0.626241    0.442814    0.247750    0.232108    0.072910    0.249244    
1.517137    3.241168    1.665531    4.913883    2.358959    3.644175    2.734004    0.434710    0.771812    1.274102    0.483260    1.053804    0.188813    1.463793    
1.395500    3.521531    1.618894    5.104058    2.339765    3.449716    3.224672    3.674243    0.419807    0.787015    1.296087    0.496292    1.063138    0.201912    1.482883    0.076152    
1.265790    3.739431    1.718982    5.193630    2.301388    4.398185    1.762242    6.283185    0.755885    0.429453    0.826984    1.284633    0.558988    0.987318    0.261636    1.366127    0.337064    1.231243    
1.616378    3.649657    1.936188    4.877013    2.311831    5.250828    1.069567    5.134294    1.317297    1.332494    0.509319    0.746043    1.325869    0.612880    0.932943    0.447838    1.121036    1.431900    0.461880    1.190725    
