 5    -3.154781    2.991191    0.841701
-0.022632  1.838848  2.505268  0.975403  1.654330  -1.869582  -0.764621  -0.785072  0.028540  -0.021013  
-0.635612  0.016305  0.238930  0.399472  0.069262  
 1    -2.118916    0.300285      0.168544
 2    -2.516465    0.423711      0.103859
 3    -2.681631    0.568245      0.076985
 4    -2.874971    0.712080      0.045527
 5    -2.966333    0.786761      0.030662
 6    -2.981899    0.810526      0.028129
 7    -3.009571    0.836426      0.023627
 8    -3.032968    0.867800      0.019820
 9    -3.074461    0.914778      0.013069
10    -3.118560    0.969530      0.005893
5.932463    0.565833    
3.779592    5.126046    0.605338    0.247582    
4.422020    5.455085    6.283185    0.708098    0.365194    0.199258    
3.784833    5.050911    6.283185    6.279636    0.597635    0.376985    0.287010    0.191665    
3.139679    4.492940    6.283185    6.283185    5.579216    0.540578    0.327624    0.214614    0.267443    0.153385    
3.721460    5.229299    6.283185    6.283185    6.283185    6.283185    0.664604    0.427858    0.274125    0.173305    0.152362    0.122169    
3.099190    5.219014    6.283185    6.283185    6.283185    6.283185    5.737869    0.586692    0.491093    0.356693    0.232708    0.026060    0.144884    0.141459    
3.358692    5.545152    6.283185    6.283185    6.024693    6.283185    5.554023    6.283185    0.614554    0.438295    0.351846    0.317621    0.025899    0.024025    0.192342    0.101564    
3.030158    4.739845    6.283185    6.028219    5.540899    6.283185    6.283185    6.283185    6.283185    0.552648    0.380804    0.289433    0.320206    0.210975    0.000000    0.018565    0.160437    0.122530    
4.021592    4.479948    6.283185    6.283185    6.013774    6.283185    6.283185    6.283185    5.296256    6.283185    0.554546    0.188863    0.213648    0.377483    0.202824    0.000000    0.000000    0.040289    0.170554    0.132257    
