 5    -1.468328    1.339942    0.140310
1.197643  -0.714573  -0.331470  0.595437  0.338292  0.659938  -0.500032  0.115505  -0.342145  -0.596453  
0.134611  -0.663199  0.486138  -0.553477  -0.121737  
 1    -0.882419    0.072644      0.208637
 2    -1.105712    0.052124      0.129124
 3    -1.144846    0.208509      0.115189
 4    -1.194301    0.236333      0.097579
 5    -1.258912    0.445935      0.074571
 6    -1.307189    0.609319      0.057380
 7    -1.331611    0.677823      0.048684
 8    -1.378634    0.798024      0.031939
 9    -1.395383    0.819897      0.025975
10    -1.410704    0.841032      0.020520
5.892478    0.495097    
6.180909    6.283185    0.621786    0.300902    
5.588273    5.050399    5.153848    0.489137    0.190592    0.133085    
5.626840    0.542514    5.794147    4.151992    1.041192    1.062473    0.211758    0.161056    
5.827735    3.876803    5.588269    3.835247    1.029830    0.583876    0.162563    0.199240    1.225647    0.396019    
5.291856    4.016417    5.315568    4.304706    0.665054    4.842613    0.546960    0.178411    0.229243    1.127158    0.524053    0.148761    
5.006357    4.331935    4.605460    5.070343    0.937873    3.440852    5.877938    0.506644    0.208034    0.222139    1.252726    0.496306    0.176701    0.107387    
5.066745    4.355818    4.873991    5.145144    0.833144    3.502142    5.846448    3.879551    0.509099    0.172972    0.301995    1.258032    0.405111    0.275446    0.041886    0.151097    
5.262371    4.289883    4.865952    5.348217    0.651984    3.210911    6.073633    3.745260    5.864635    0.516448    0.155875    0.267938    1.134311    0.570312    0.238784    0.130231    0.154893    0.103123    
2.690587    3.419536    3.950408    4.864700    4.082733    1.126467    3.609258    6.283185    3.644024    5.100817    0.264938    0.443579    0.163874    0.195280    1.212205    0.527223    0.084192    0.219522    0.029095    0.138549    
