 5    -3.227660    1.499903    2.083387
0.779165  0.433715  -0.868448  0.416689  -0.606075  0.537735  -1.068886  0.371192  -1.583441  0.551922  
0.185023  -0.488832  -0.163487  0.060746  -0.391145  
 1    -1.440689    0.369314      0.377990
 2    -2.641822    0.752237      0.123920
 3    -2.858223    0.835064      0.078145
 4    -3.055322    0.929976      0.036454
 5    -3.147237    0.968263      0.017011
 6    -3.213480    0.995462      0.003000
 7    -3.226432    0.999630      0.000260
 8    -3.227310    0.999897      0.000074
 9    -3.227481    0.999950      0.000038
10    -3.227517    0.999961      0.000030
4.750650    0.661174    
4.882518    5.539950    0.577762    0.333653    
3.304057    5.330649    5.817159    0.591503    0.434848    0.221543    
3.913628    5.218279    6.039733    6.283185    0.619206    0.476507    0.271533    0.162210    
2.900913    4.794468    5.226694    6.283185    6.283185    0.571828    0.462832    0.348576    0.207367    0.121596    
2.783065    4.824188    5.343048    6.283185    6.283185    6.283185    0.596244    0.474580    0.352901    0.242994    0.157274    0.088504    
1.972732    4.193647    4.792923    5.579367    6.207541    6.283185    6.281493    0.606681    0.473551    0.400792    0.278298    0.204655    0.133500    0.063269    
1.768034    3.750743    4.607580    5.379068    6.142980    6.277755    6.016095    5.551307    0.612856    0.477392    0.420930    0.321462    0.224870    0.154454    0.084448    0.029078    
1.655453    3.587381    4.517491    5.313117    6.033307    6.283181    5.893086    5.493848    6.120149    0.610727    0.488605    0.434178    0.343689    0.246142    0.164779    0.097537    0.046990    0.014436    
1.633946    3.569956    4.491667    5.282557    5.994844    6.228432    5.934254    5.519563    6.062212    5.294209    0.611368    0.490137    0.437669    0.349264    0.253490    0.170168    0.102202    0.052532    0.019966    0.004670    
