 5    -2.325207    1.898876    1.287952
-0.934865  0.816632  0.671318  0.859880  0.640418  0.266168  -0.867070  -0.429947  0.784486  0.648298  
-0.306864  -0.244313  0.263190  0.222787  -0.307194  
 1    -0.800240    0.320605      0.361017
 2    -2.255296    0.970825      0.016551
 3    -2.320533    0.998323      0.001107
 4    -2.324692    0.999745      0.000122
 5    -2.324975    0.999893      0.000055
 6    -2.325106    0.999955      0.000024
 7    -2.325147    0.999973      0.000014
 8    -2.325151    0.999976      0.000013
 9    -2.325161    0.999979      0.000011
10    -2.325165    0.999982      0.000010
2.339782    0.527721    
5.440639    5.984425    0.726129    0.379847    
2.810215    4.719207    5.462680    0.618634    0.530980    0.265314    
1.960629    3.819123    4.139711    4.978589    0.596630    0.486580    0.386651    0.173184    
1.958776    3.806330    4.238490    4.996755    6.283185    0.604047    0.494237    0.404176    0.211319    0.033659    
1.971296    3.810631    4.285718    5.002871    4.546848    4.744322    0.596577    0.496744    0.404547    0.212575    0.044723    0.033463    
1.991571    3.838063    4.299585    5.189921    5.332876    4.037227    5.053907    0.603160    0.497007    0.403436    0.196660    0.002301    0.000000    1.549235    
1.985462    3.854612    4.332794    5.228029    6.255649    3.911930    4.332482    3.910248    0.605246    0.500250    0.405837    0.195732    0.000000    0.000602    1.549010    0.002220    
1.961136    3.844331    4.307362    5.212335    5.763980    3.882033    5.237268    4.025302    2.611624    0.602553    0.498934    0.403534    0.188787    0.000000    0.005907    1.570796    0.004225    0.011843    
1.970978    3.851782    4.317452    5.234133    6.255379    3.817049    3.651097    2.816222    4.160211    5.613413    0.603002    0.499376    0.403349    0.186821    0.000000    0.001599    1.570796    1.560450    0.005932    1.564049    
