 5    -2.378962    3.892400    0.524338
1.412241  2.337697  1.611915  1.649743  0.798248  -0.038336  -0.416919  0.573888  0.379333  0.395861  
-0.136553  0.898463  0.124887  0.120493  0.219574  
 1    -1.276529    0.446556      0.175788
 2    -2.138962    0.860989      0.038269
 3    -2.271720    0.934496      0.017100
 4    -2.363334    0.987740      0.002492
 5    -2.377253    0.998199      0.000272
 6    -2.378709    0.999720      0.000040
 7    -2.378866    0.999930      0.000015
 8    -2.378896    0.999955      0.000011
 9    -2.378947    0.999990      0.000002
10    -2.378942    0.999989      0.000003
4.174170    0.508542    
3.922137    3.849307    0.478362    0.336670    
1.941934    4.478999    4.221680    0.566479    0.405722    0.262517    
2.254719    3.853185    4.360108    4.712090    0.613543    0.466450    0.287154    0.189235    
1.649037    3.526953    3.980975    4.525193    5.078141    0.592692    0.467271    0.394500    0.213181    0.121830    
1.400099    3.071766    3.760753    4.222310    4.805539    5.072416    0.606261    0.474659    0.409519    0.319842    0.165633    0.083755    
1.280705    2.879789    3.619706    4.139312    4.685490    4.991861    5.346191    0.597944    0.476160    0.420234    0.335198    0.215787    0.105956    0.032259    
1.226191    2.782287    3.525203    4.027312    4.494397    4.837912    4.925258    5.251000    0.601271    0.479207    0.422318    0.345343    0.233293    0.132818    0.048066    0.013500    
0.996478    2.441901    3.338389    3.979960    4.449438    4.974021    5.162346    5.771687    5.369916    0.623338    0.515694    0.457790    0.399350    0.313269    0.203061    0.106635    0.038333    0.009600    
1.154009    2.712823    3.541860    4.136924    4.666747    5.407271    5.689120    2.006542    5.156659    6.167541    0.614290    0.501231    0.441565    0.371786    0.264475    0.133328    0.085544    1.505109    0.008568    1.543249    
