 5    -1.830274    2.570468    0.217144
1.387236  0.963562  -0.944981  1.624400  0.264741  0.367542  0.797701  -0.556226  -0.100179  0.323385  
-0.321929  0.127178  0.565920  -0.136132  0.255589  
 1    -0.967646    0.184155      0.196019
 2    -1.658566    0.872378      0.039018
 3    -1.785181    0.901025      0.010247
 4    -1.823195    0.985551      0.001609
 5    -1.829176    0.999176      0.000250
 6    -1.829880    0.999603      0.000090
 7    -1.830123    0.999900      0.000034
 8    -1.830141    0.999918      0.000030
 9    -1.830153    0.999922      0.000028
10    -1.830179    0.999936      0.000022
6.004084    0.942934    
3.912700    4.331849    0.561983    0.302013    
3.099232    4.239133    5.743132    0.584726    0.454870    0.216113    
2.075324    3.762204    4.106313    5.165315    0.598917    0.461758    0.348017    0.171331    
1.710791    3.518837    3.980431    4.488365    5.088661    0.623457    0.472254    0.394794    0.234692    0.082070    
1.603763    3.163913    3.826906    4.354740    4.895104    5.711355    0.613547    0.482884    0.412043    0.303567    0.152116    0.044462    
1.337764    2.823160    3.601147    4.146317    4.739850    5.260202    5.922354    0.598130    0.479764    0.427464    0.339483    0.207788    0.086716    0.024625    
1.402820    2.911829    3.636657    4.138970    4.740202    5.008600    6.024654    6.206743    0.601277    0.475810    0.417686    0.320150    0.175216    0.052842    0.000000    1.558539    
1.250592    2.740649    3.571805    4.088816    4.594934    4.895230    5.047259    2.833219    6.252481    0.603878    0.488144    0.432661    0.348072    0.207451    0.085691    0.013510    0.000000    1.561012    
1.327986    2.826454    3.604330    4.126572    4.817898    4.930119    5.630457    3.317431    5.040392    4.056621    0.597057    0.471363    0.421114    0.326274    0.178018    0.065087    0.012483    0.015156    1.570443    0.013925    
