 5    -3.522203    2.773970    1.431983
1.181663  3.286588  -1.621765  0.949320  0.052378  0.064238  -0.407483  -0.086520  0.716453  1.220180  
0.963257  -0.029892  -0.499291  0.667799  -0.083316  
 1    -2.014001    0.383689      0.239543
 2    -3.090971    0.759786      0.068491
 3    -3.306424    0.879643      0.034271
 4    -3.378612    0.920240      0.022806
 5    -3.455249    0.972859      0.010634
 6    -3.480609    0.987119      0.006606
 7    -3.505550    0.994301      0.002645
 8    -3.515816    0.997865      0.001014
 9    -3.517965    0.998466      0.000673
10    -3.518881    0.998841      0.000528
6.257845    0.678649    
5.761826    5.958610    0.593051    0.319106    
5.547530    5.641502    5.906991    0.566204    0.394310    0.179348    
5.413383    5.790241    6.283185    2.699804    0.586097    0.414931    0.200204    0.114774    
5.400440    5.732659    6.078891    6.283185    6.071449    0.600404    0.444462    0.274908    0.175339    0.099401    
5.448948    5.850782    6.196556    6.283185    4.644252    5.917621    0.612871    0.466587    0.314190    0.167245    0.086729    0.109093    
5.049629    1.424190    3.434218    5.779767    6.010017    6.283185    6.283185    0.471778    0.186050    0.215222    0.407594    0.197296    0.130560    0.108896    
4.186752    4.963128    1.197549    5.861960    6.081440    5.327297    5.318126    2.472123    0.831137    0.450203    0.485775    0.427699    0.294454    0.017082    0.151282    0.114058    
1.641578    2.508567    4.809651    5.674388    6.056154    6.282710    6.180159    6.024668    2.212584    1.427467    0.597104    0.372302    0.492513    0.347271    0.230460    0.099744    0.059695    0.090545    
1.707501    2.349137    5.024361    5.691482    6.162388    6.283185    5.501045    6.224902    3.023382    0.111020    1.383713    0.625192    0.393533    0.479136    0.333405    0.172816    0.102792    0.085193    0.450860    1.163053    
