 5    -2.478062    2.157965    1.277414
0.458901  1.173661  0.398716  1.044500  0.584015  0.653871  1.328473  -0.097377  -0.441175  -0.278228  
0.215304  0.163591  -0.131387  -0.989192  -0.129288  
 1    -1.264835    0.317754      0.261695
 2    -2.208784    0.898142      0.058084
 3    -2.353992    0.958613      0.026762
 4    -2.466019    0.995946      0.002598
 5    -2.477129    0.999641      0.000201
 6    -2.477837    0.999907      0.000049
 7    -2.477933    0.999945      0.000028
 8    -2.478040    0.999992      0.000005
 9    -2.478050    0.999995      0.000003
10    -2.478041    0.999993      0.000004
4.202942    0.845748    
3.474047    3.495807    0.479259    0.364646    
1.862323    3.654888    3.436039    0.490259    0.395126    0.242881    
1.931891    3.301975    3.769658    3.894738    0.638294    0.457857    0.297292    0.205141    
1.453411    2.996218    3.396735    3.866088    4.271343    0.597054    0.465105    0.384925    0.220476    0.112967    
1.183057    2.600671    3.184357    3.597303    4.088605    4.310368    0.602433    0.475268    0.409914    0.316343    0.166251    0.077017    
1.140336    2.550062    3.162841    3.607556    4.086588    4.354212    4.725851    0.601856    0.483121    0.424485    0.335382    0.219544    0.102863    0.038025    
0.978756    2.325350    3.027648    3.552899    3.934901    4.431577    4.411883    5.466469    0.640293    0.530570    0.462327    0.397002    0.304935    0.188660    0.086480    0.032132    
0.897420    2.222728    3.005614    3.547774    3.957076    4.392989    4.715590    4.678397    6.038317    0.649200    0.548051    0.485968    0.426690    0.345189    0.248509    0.138377    0.068330    0.023118    
1.007994    2.377285    3.072287    3.594534    3.981834    4.464637    4.493523    5.290096    6.005832    4.997357    0.637761    0.530022    0.463509    0.396451    0.305935    0.192798    0.091030    0.036007    0.001800    1.570357    
