 5    -4.307064    2.540182    1.331707
1.044560  -1.449536  0.588023  1.842537  1.549008  -0.023531  -0.878637  1.253610  1.377716  0.376270  
0.208730  -0.390973  0.215261  -0.089000  -0.386360  
 1    -1.868463    0.380394      0.356143
 2    -3.950260    0.832026      0.052109
 3    -4.164453    0.920100      0.020827
 4    -4.256765    0.974513      0.007346
 5    -4.289367    0.992220      0.002585
 6    -4.302736    0.998767      0.000632
 7    -4.306558    0.999894      0.000074
 8    -4.306866    0.999959      0.000029
 9    -4.307014    0.999991      0.000007
10    -4.307025    0.999992      0.000006
5.308307    0.329330    
4.926931    5.634688    0.620626    0.331388    
3.318589    4.917171    5.689128    0.582277    0.446360    0.210810    
3.037108    4.797850    5.353169    6.283185    0.622822    0.476482    0.328908    0.131696    
2.389317    4.376156    4.957596    5.769954    6.283185    0.606483    0.489773    0.391005    0.232234    0.089744    
2.159667    4.263859    4.891224    5.648849    6.253424    6.283185    0.631791    0.503604    0.422524    0.291906    0.155036    0.051370    
1.812837    3.749034    4.550073    5.261445    5.891004    6.243611    6.283185    0.621657    0.502748    0.441540    0.338651    0.218318    0.107660    0.034196    
1.576934    3.432382    4.347574    5.084752    5.788744    6.282862    6.119355    4.006751    0.616549    0.502806    0.452586    0.365065    0.250781    0.134718    0.044725    0.011084    
1.395826    3.087643    3.948732    4.550983    5.067640    5.607301    6.146294    4.080544    2.678180    0.619240    0.498670    0.443852    0.373937    0.281130    0.185469    0.096011    0.003734    0.027522    
0.000638    1.367065    3.037372    3.945367    4.597476    5.156648    5.675622    6.133573    4.261447    2.258337    1.251374    0.614521    0.497138    0.447121    0.379324    0.283812    0.183204    0.093474    0.001440    0.027808    
