 5    -2.110629    4.220697    0.080942
1.736738  1.897914  -2.106773  -0.148912  0.583062  -2.259233  0.137240  -0.701213  -0.620780  -0.479620  
0.408472  -0.235531  -0.270569  -0.190824  -0.244344  
 1    -1.371207    0.525176      0.116788
 2    -1.995389    0.915091      0.018202
 3    -2.098565    0.990694      0.001906
 4    -2.108994    0.998740      0.000258
 5    -2.109990    0.999569      0.000101
 6    -2.110469    0.999873      0.000025
 7    -2.110587    0.999965      0.000007
 8    -2.110613    0.999987      0.000002
 9    -2.110598    0.999972      0.000005
10    -2.110625    0.999996      0.000001
5.834873    0.651161    
5.136159    5.613946    0.684056    0.334696    
3.139882    4.611634    5.413419    0.608530    0.495394    0.236565    
2.227224    4.129420    4.533031    5.240918    0.611270    0.500383    0.373014    0.147718    
1.931966    3.743175    4.212829    4.675643    5.097197    0.609565    0.486123    0.399243    0.223422    0.057336    
1.508431    3.294424    4.105604    4.705401    5.396048    6.283185    0.668788    0.541065    0.479662    0.382971    0.216528    0.054044    
1.296264    2.873094    3.711890    4.394363    4.840547    5.371741    6.055492    0.660689    0.549398    0.496307    0.430921    0.316804    0.163974    0.044095    
1.229182    2.721487    3.595260    4.278782    4.763211    5.220502    5.699360    5.985451    0.644534    0.539209    0.497902    0.440589    0.347202    0.215116    0.093484    0.021454    
1.370132    1.735558    2.835818    3.817582    4.429490    4.915223    5.496972    6.046155    5.362809    0.945140    1.070032    0.698453    0.523451    0.457027    0.348030    0.195841    0.060804    0.006624    
1.216094    2.674312    3.463347    4.130460    4.595714    5.031021    5.481740    5.503102    2.884805    4.981208    0.659748    0.546407    0.504459    0.453431    0.381974    0.276212    0.160721    0.056435    0.018616    0.010981    
