 5    -2.687229    2.286363    0.561461
-0.835604  0.665364  0.481271  -0.938764  -0.122347  -1.126123  -0.846273  -1.317148  -1.813608  -0.155595  
-0.061553  -0.212184  -0.328917  -0.400425  -0.126445  
 1    -1.378072    0.342031      0.263222
 2    -2.276757    0.652873      0.082530
 3    -2.506513    0.774845      0.036335
 4    -2.568447    0.828692      0.023883
 5    -2.614514    0.885009      0.014620
 6    -2.633329    0.918134      0.010837
 7    -2.651230    0.952552      0.007238
 8    -2.681850    0.997278      0.001082
 9    -2.686214    0.999509      0.000204
10    -2.686954    0.999867      0.000055
5.003768    0.637321    
4.987621    6.211733    0.605439    0.322471    
3.658402    5.703574    6.218400    0.600302    0.422574    0.206965    
2.958055    5.252988    5.786818    6.283185    0.627175    0.451110    0.301096    0.122043    
2.966318    5.029130    5.473640    6.283185    6.283185    0.638702    0.463081    0.331481    0.187947    0.085134    
2.577281    4.928090    5.494467    6.228604    6.283185    6.283185    0.652151    0.498127    0.382497    0.237965    0.127842    0.060359    
2.677840    4.863256    5.508291    6.283185    6.283185    6.283185    6.283185    0.664176    0.504197    0.402452    0.284257    0.163951    0.097204    0.055052    
2.986578    5.028532    5.502244    6.283185    6.283185    5.864540    6.283185    6.283185    0.616700    0.469641    0.360051    0.234283    0.176804    0.112577    0.091248    0.080966    
2.142430    4.447952    5.217192    5.891019    6.283185    6.283185    6.209410    6.283185    6.282879    0.623233    0.488446    0.399982    0.287031    0.197935    0.150664    0.102940    0.091021    0.050948    
1.714894    3.862621    4.917685    5.738254    6.282420    6.283185    6.123907    6.283184    6.283185    6.283185    0.626928    0.504638    0.431317    0.336545    0.234245    0.164453    0.122680    0.098720    0.070576    0.027233    
