 5    -2.739875    2.196550    0.476534
-1.005836  0.503446  1.199233  1.483479  -0.592821  -0.667869  -0.277927  -0.746122  -1.144461  -0.517024  
0.154571  -0.020906  -0.688770  -0.568985  0.367477  
 1    -0.907744    0.248508      0.371145
 2    -2.206118    0.553570      0.108126
 3    -2.362717    0.641235      0.076403
 4    -2.478667    0.645863      0.052914
 5    -2.515221    0.669317      0.045509
 6    -2.546772    0.736645      0.039118
 7    -2.563739    0.766300      0.035681
 8    -2.635086    0.874886      0.021228
 9    -2.689903    0.958954      0.010123
10    -2.708150    0.982672      0.006427
4.546777    0.634524    
5.586764    5.718805    0.605431    0.296270    
5.729767    6.150438    6.283185    0.630347    0.295967    0.158298    
2.128104    2.306386    6.283185    6.283185    1.114761    0.661327    0.454048    0.183809    
2.210677    2.185846    5.797291    5.626865    3.876365    1.217197    0.670446    0.438505    0.180222    0.102597    
5.547291    4.148997    3.050281    6.129837    6.283185    6.283185    0.667466    0.238354    0.241819    0.180045    1.557101    0.113995    
2.184097    2.195750    6.283185    6.283185    4.735410    6.283185    6.283185    1.117404    0.579521    0.504879    0.218413    0.037289    1.549911    0.136960    
2.171261    2.058974    6.283185    6.283185    5.680528    6.283185    6.283185    5.896186    1.087408    0.639469    0.487366    0.265128    0.099433    1.570796    0.141807    0.138127    
2.276611    2.002000    6.283185    6.283185    5.469475    6.283185    6.283185    5.919453    5.651233    1.079227    0.584247    0.453462    0.182842    0.109483    1.570796    0.168224    0.170487    0.121696    
5.730677    4.570531    2.221447    6.055282    6.283185    6.283185    5.071614    6.087137    6.247083    5.668168    0.589349    0.156232    0.329084    0.140585    1.432166    0.207511    0.184574    0.000734    0.125959    0.183203    
