 5    -2.579357    2.550833    1.153121
0.339865  0.191300  -1.140822  0.778411  1.707351  1.008358  -1.292085  -0.473293  0.210802  -0.992069  
0.069571  -0.349917  0.246187  0.056513  -0.639236  
 1    -1.348725    0.299226      0.239880
 2    -1.863174    0.576093      0.139602
 3    -2.228266    0.820009      0.068436
 4    -2.509533    0.968476      0.013610
 5    -2.558770    0.988199      0.004013
 6    -2.568348    0.993448      0.002146
 7    -2.572037    0.995454      0.001427
 8    -2.577161    0.998898      0.000428
 9    -2.578978    0.999787      0.000074
10    -2.579303    0.999977      0.000011
5.117551    0.747493    
4.040201    5.470364    0.611399    0.285156    
4.622313    5.793417    6.283185    0.696460    0.372265    0.248482    
3.960043    5.269883    6.283185    6.283185    0.611409    0.373204    0.291526    0.195315    
3.097419    4.590266    6.013576    6.283185    5.991582    0.574459    0.403066    0.274943    0.242179    0.116411    
2.456382    4.362321    5.269746    6.283185    6.283185    6.214978    0.618484    0.456389    0.329907    0.239141    0.180423    0.081377    
2.325089    4.478402    5.364936    6.153515    6.283185    6.283185    6.283185    0.634718    0.503835    0.379910    0.276274    0.162216    0.113617    0.064398    
2.253839    4.443553    5.512446    6.283185    6.081734    6.283185    6.283185    6.081439    0.614312    0.496428    0.402004    0.328210    0.186675    0.065981    0.101538    0.073781    
1.989444    4.179395    5.229991    6.160835    6.283185    6.117978    6.271792    6.086568    6.147153    0.639552    0.509184    0.412826    0.344661    0.266259    0.113696    0.055144    0.100558    0.058130    
1.581382    3.456464    4.470759    5.522812    6.095696    6.275649    6.252664    6.283185    6.283185    6.276440    0.619633    0.500995    0.434651    0.359421    0.298336    0.211864    0.103349    0.065877    0.081851    0.042284    
