 5    -2.631784    2.762600    0.328009
0.238444  0.083739  -0.285309  0.820320  2.772535  1.922071  0.717749  0.194126  -1.362224  1.075911  
0.120799  0.227139  -0.272938  -0.251312  -0.328177  
 1    -0.619414    0.238255      0.373049
 2    -2.437285    0.811176      0.036056
 3    -2.592603    0.913669      0.007263
 4    -2.612028    0.951194      0.003662
 5    -2.621182    0.979413      0.001965
 6    -2.630199    0.998997      0.000294
 7    -2.631579    0.999917      0.000038
 8    -2.631685    0.999961      0.000018
 9    -2.631691    0.999961      0.000017
10    -2.631744    0.999982      0.000007
3.596705    0.215955    
5.083841    6.078634    0.650196    0.349479    
3.645300    5.181268    6.064971    0.614508    0.454557    0.212340    
2.690128    4.780572    5.287039    6.283185    0.622259    0.481099    0.352133    0.131304    
2.570060    4.580152    5.157344    5.753384    6.283185    0.638592    0.491694    0.390429    0.220234    0.074672    
2.409619    4.451629    5.159817    5.918797    6.283185    6.283185    0.627999    0.503553    0.417698    0.282912    0.153676    0.059627    
1.964022    4.042667    4.932820    5.719685    6.280007    5.678370    5.244141    0.622431    0.512612    0.446251    0.331891    0.198455    0.087217    0.038587    
1.740987    3.741469    4.741800    5.502393    6.073747    5.817146    5.035577    5.915649    0.625284    0.517298    0.461758    0.362098    0.234981    0.115064    0.059190    0.017716    
1.700070    3.713606    4.738486    5.495747    6.054396    5.819623    5.026701    5.860235    6.082152    0.632456    0.525648    0.469766    0.374058    0.248056    0.124433    0.067710    0.025966    0.003493    
1.584725    3.537427    4.531203    5.314207    5.883683    6.028891    4.899414    4.599898    5.200432    4.977541    0.642155    0.533902    0.480437    0.402598    0.292866    0.169492    0.075565    0.054568    0.020516    0.009646    
