 5    -2.754993    2.551905    0.544193
-1.130571  0.696200  -0.432293  0.741020  -0.478137  1.386040  0.125180  1.148860  -2.350259  0.183293  
0.111831  -0.053804  -0.416350  0.206330  -0.369227  
 1    -1.606465    0.335540      0.216422
 2    -2.263242    0.560054      0.092663
 3    -2.476385    0.716845      0.052499
 4    -2.665476    0.905908      0.016868
 5    -2.728605    0.967156      0.004972
 6    -2.739308    0.976405      0.002956
 7    -2.744278    0.983270      0.002019
 8    -2.749232    0.993355      0.001086
 9    -2.752777    0.997573      0.000418
10    -2.754475    0.999629      0.000098
4.650513    0.427312    
4.686018    6.032582    0.618266    0.272431    
4.374559    5.743928    6.283185    0.664839    0.380612    0.191455    
4.562541    5.232469    6.283185    6.283185    0.602178    0.364421    0.259120    0.168345    
3.516684    4.971648    5.934469    6.283185    6.023787    0.556457    0.377044    0.258645    0.237525    0.133605    
2.441182    4.766747    5.452870    6.283185    6.283185    6.283185    0.627303    0.442198    0.318801    0.230606    0.202757    0.096930    
2.432044    4.531897    5.430981    6.283185    6.283185    6.150578    6.283185    0.619885    0.464206    0.353725    0.249071    0.185428    0.128600    0.053327    
2.652445    4.754574    5.503944    6.283185    6.253989    6.283185    6.283185    6.283185    0.608690    0.468701    0.382998    0.296597    0.181781    0.092898    0.109450    0.068003    
2.326458    4.503633    5.475259    6.283185    6.283185    6.283185    6.283185    6.136472    6.283185    0.609668    0.470421    0.399350    0.320544    0.233627    0.107261    0.079792    0.100236    0.048504    
2.145635    4.437016    5.417909    6.272330    6.283185    5.977970    6.283185    6.283185    5.930105    6.283185    0.636752    0.490037    0.404287    0.326011    0.260523    0.158177    0.075448    0.072414    0.084844    0.042136    
