 5    -4.403010    3.136480    1.018893
1.584050  0.306209  -0.722096  0.029006  -2.123688  -1.829934  0.920972  -0.910938  0.595995  2.324745  
-0.934857  -0.145450  -0.179927  -0.217745  0.259936  
 1    -2.120395    0.185856      0.302755
 2    -3.105696    0.046808      0.172069
 3    -3.571395    0.274464      0.110301
 4    -3.900375    0.758677      0.066667
 5    -4.199829    0.888366      0.026949
 6    -4.354214    0.984989      0.006472
 7    -4.394524    0.997963      0.001125
 8    -4.398706    0.999051      0.000571
 9    -4.399704    0.999267      0.000438
10    -4.399994    0.999369      0.000400
3.877978    0.692867    
3.058511    3.539607    0.490468    0.421089    
3.155600    3.484222    6.008670    0.561189    0.542064    0.248026    
3.996145    0.796633    6.281217    3.726768    0.722330    0.000000    0.390150    1.206615    
2.359408    1.759274    6.283185    3.689411    4.212135    0.561870    0.238644    0.512450    0.986730    0.265594    
2.024941    2.540979    6.283185    3.602298    4.365608    4.062088    0.515359    0.374053    0.491609    1.028277    0.393779    1.395706    
2.048365    3.491148    5.744312    3.837396    3.254046    5.675546    2.671344    0.564115    0.479662    0.332323    1.086387    0.425903    1.187397    0.197097    
2.084615    3.531682    5.381762    4.119219    2.809228    5.403486    2.874591    5.271130    0.561110    0.480165    0.309720    1.145747    0.386718    1.169798    0.272174    1.515049    
2.030757    3.701727    5.375352    4.193553    2.493827    5.554254    2.671296    5.880011    3.681864    0.584155    0.502685    0.314866    1.096901    0.427614    1.120023    0.360627    1.385152    0.084083    
2.089488    3.552979    5.441742    4.069813    2.785964    5.154776    3.446214    6.106333    5.829517    5.247672    0.553886    0.492454    0.301176    1.150668    0.393594    1.143817    0.320219    1.457934    0.000000    0.026144    
