 5    -2.059740    2.390790    0.075007
0.127319  -0.882520  0.047507  0.623834  -1.852717  -1.683985  -0.291250  -0.089777  -0.375991  -0.228138  
0.003541  0.288935  0.349235  0.192395  0.266859  
 1    -1.123306    0.279562      0.210410
 2    -1.968275    0.501010      0.020552
 3    -2.020413    0.515047      0.008836
 4    -2.022950    0.518575      0.008266
 5    -2.023596    0.518839      0.008121
 6    -2.024169    0.526657      0.007992
 7    -2.025763    0.549043      0.007634
 8    -2.026101    0.555288      0.007558
 9    -2.028769    0.590756      0.006959
10    -2.029535    0.598475      0.006787
5.094419    0.698763    
4.992408    5.625427    0.587001    0.305759    
2.659110    5.122804    5.677039    0.583788    0.451691    0.226241    
2.650800    4.964223    5.364637    6.283185    0.610942    0.453277    0.287448    0.065712    
3.490753    4.039550    5.668721    5.830139    6.246415    0.925590    1.034013    0.722044    0.375538    0.096077    
2.374300    4.814940    5.360106    6.283185    6.236230    5.825318    0.694431    0.545643    0.435795    0.295664    0.117464    0.035302    
2.679049    4.714691    5.295180    6.283185    6.272474    5.876528    6.281142    0.589051    0.442132    0.324798    0.202145    0.181012    0.153547    0.084322    
3.608292    4.232321    3.933331    6.283185    3.928546    5.917965    4.432135    3.959365    0.567013    0.283776    0.254348    0.149360    0.132507    0.250515    0.044989    0.147311    
3.344164    4.802265    5.354636    6.283185    6.283185    6.283185    6.124814    6.283185    6.283185    0.571495    0.404069    0.183898    0.000000    0.025872    0.143045    0.232619    0.191402    0.110265    
2.560992    5.167992    5.617518    6.283185    6.283185    6.283185    4.993095    6.283185    6.271423    6.283185    0.616171    0.467318    0.266091    0.000000    0.000000    0.059016    0.177206    0.236065    0.190416    0.087271    
