 5    -2.112182    2.544472    0.766810
0.050657  0.392329  0.609438  -0.588129  1.443758  0.402090  0.166803  0.853984  1.658907  0.699776  
-0.210045  -0.188864  0.168108  0.650254  -0.184428  
 1    -0.538049    0.127911      0.338040
 2    -1.883913    0.881562      0.049020
 3    -2.013555    0.942016      0.021180
 4    -2.099769    0.991972      0.002666
 5    -2.111280    0.999434      0.000194
 6    -2.112041    0.999912      0.000030
 7    -2.112077    0.999939      0.000023
 8    -2.112089    0.999946      0.000020
 9    -2.112106    0.999957      0.000016
10    -2.112141    0.999979      0.000009
3.391488    0.942921    
3.902646    4.237640    0.535436    0.350723    
2.481760    4.186958    4.638941    0.559434    0.439973    0.232260    
2.366105    3.862271    4.199414    4.936705    0.619199    0.477757    0.316886    0.175795    
1.648394    3.423354    3.865668    4.433488    4.986639    0.601340    0.479277    0.405317    0.238133    0.106140    
1.307822    2.843484    3.516194    3.958235    4.552824    4.853250    0.604704    0.474478    0.420527    0.329811    0.181787    0.071635    
1.264595    2.797423    3.507829    3.976078    4.549806    4.895209    5.518364    0.604162    0.481086    0.427862    0.339939    0.202399    0.085380    0.011401    
1.253583    2.779854    3.492092    3.968037    4.540365    4.855992    5.235806    4.516438    0.604297    0.481136    0.429566    0.343676    0.208685    0.094827    0.017198    0.004976    
1.272964    2.830718    3.519986    3.994392    4.492714    4.868309    4.753229    2.677046    3.946134    0.615567    0.493685    0.436397    0.353195    0.228709    0.118401    0.032384    0.008865    0.011888    
1.171630    2.658050    3.388583    3.905822    4.342953    4.823230    4.503453    4.559180    2.899943    6.091503    0.621159    0.503759    0.446441    0.375510    0.265571    0.141316    0.046410    0.000000    0.002562    1.557913    
