 5    -2.226448    2.646183    0.213681
1.980655  1.795750  -0.728124  -0.283760  1.757234  -0.700888  0.749530  1.466181  -0.359759  -0.314563  
0.598208  -0.014194  -0.335079  0.486070  0.010843  
 1    -1.739149    0.231082      0.100007
 2    -1.789398    0.289934      0.089695
 3    -1.825291    0.369848      0.082329
 4    -1.892530    0.468725      0.068529
 5    -1.988033    0.609110      0.048929
 6    -2.046234    0.694891      0.036985
 7    -2.118723    0.799345      0.022108
 8    -2.161550    0.864171      0.013319
 9    -2.180158    0.901679      0.009500
10    -2.181889    0.908339      0.009145
4.144732    0.691328    
1.681231    6.283185    0.338847    1.176662    
6.240409    1.885446    6.239960    1.238191    1.301127    1.240451    
3.254281    6.283185    4.940076    5.024867    0.523021    1.246488    1.204157    1.309353    
3.633925    6.283185    6.283185    6.283185    5.688541    0.615941    1.478546    1.389517    1.208554    1.318587    
3.710789    6.283185    6.283185    6.283185    5.571977    5.526321    0.612591    1.570796    1.570796    1.274336    1.220503    1.371898    
3.468914    6.283185    6.283185    6.283185    6.283185    6.283185    5.601867    0.540692    1.412994    1.570796    1.473344    1.412268    1.250900    1.351907    
3.838349    6.283185    6.283185    6.283185    6.283185    6.283185    5.928103    5.680138    0.618941    1.513455    1.570796    1.570796    1.570796    1.337994    1.213096    1.369708    
3.509702    6.283185    6.283185    6.283185    6.283185    6.283185    6.283185    6.283185    5.585260    0.608238    1.513521    1.570796    1.454215    1.570796    1.478257    1.379378    1.286827    1.407265    
3.555194    6.283185    6.283185    6.283185    6.283185    6.283185    6.283185    6.283185    6.283185    5.876228    0.640937    1.570551    1.516030    1.339212    1.476405    1.557871    1.488977    1.378213    1.373335    1.470263    
