 5    -2.425368    3.215387    0.248157
-1.347907  0.938718  1.021825  0.788287  -2.600565  0.373243  -1.052956  0.132503  0.415469  -0.735163  
-0.194250  -0.344039  -0.314233  0.201585  0.197344  
 1    -1.120204    0.371249      0.231381
 2    -2.254308    0.905065      0.030326
 3    -2.405662    0.986162      0.003494
 4    -2.417948    0.994373      0.001315
 5    -2.423339    0.998831      0.000360
 6    -2.424184    0.999205      0.000210
 7    -2.424608    0.999485      0.000135
 8    -2.424739    0.999603      0.000112
 9    -2.424778    0.999613      0.000105
10    -2.424814    0.999651      0.000098
5.858118    0.756390    
5.328860    5.820801    0.662425    0.333632    
3.238686    4.689535    5.367333    0.566840    0.460609    0.228934    
2.091697    4.435828    4.722273    5.264227    0.614369    0.485106    0.358292    0.144409    
2.116252    4.191825    4.700023    5.342466    6.283185    0.626137    0.491790    0.393991    0.216659    0.053834    
2.134834    4.274771    4.801011    5.503694    6.218028    3.977237    0.622334    0.500291    0.402152    0.220416    0.060751    0.015656    
2.077418    4.197972    4.719459    5.403757    5.550673    3.815802    6.071691    0.611666    0.492220    0.394975    0.189049    0.028663    0.000000    1.545547    
2.044473    4.161487    4.701585    5.518124    4.799494    3.515819    5.623080    6.191055    0.611186    0.489868    0.395581    0.185500    0.000000    0.000000    1.521680    1.552802    
2.072099    4.179660    4.731505    5.610904    4.972468    3.580607    5.546089    6.272239    3.788609    0.613685    0.492226    0.397950    0.189291    0.000000    0.000000    1.517241    1.552079    1.565584    
2.065777    4.177806    4.738690    5.653599    4.932142    3.515795    5.521135    6.107614    6.225500    6.199557    0.612273    0.491803    0.398601    0.182161    0.000000    0.000000    1.529922    1.570796    0.012737    0.012231    
