 9    -5.220887    5.141502    0.023368
-1.243488  -2.264139  0.865807  -1.336708  -1.279517  1.240628  -0.033184  -0.820098  1.200778  0.918955  -1.424009  2.450503  -0.537670  0.570585  0.081665  1.937139  -0.584177  -0.168090  0.839135  -0.710069  0.423163  -0.202745  0.808552  -0.285661  0.982600  -0.669389  -0.243496  0.163524  1.908285  0.632913  0.836553  1.256575  0.458119  0.538028  -0.143029  -0.484930  
-0.403919  -0.037185  -0.263807  0.229469  -0.239971  -0.229111  0.155304  0.741371  0.152254  
 1    -2.666027    0.001265      0.246551
 2    -4.078623    0.000841      0.110232
 3    -4.721012    0.000163      0.048239
 4    -5.029729    0.000232      0.018447
 5    -5.116827    0.000036      0.010042
 6    -5.160587    0.000009      0.005819
 7    -5.173464    0.000007      0.004576
 8    -5.185858    0.000001      0.003380
 9    -5.188755    0.000000      0.003101
10    -5.189839    0.000000      0.002996
5.811371    0.522535    
3.218886    4.335574    0.648853    0.410960    
2.752290    3.118948    3.897472    0.622196    0.476733    0.281492    
2.270366    3.184201    2.950028    3.827465    0.650984    0.524847    0.353347    0.227900    
1.919962    2.723311    2.577715    2.926337    3.356894    0.620645    0.475615    0.401372    0.264860    0.162432    
1.482650    2.677410    2.575377    2.580183    2.922516    3.451056    0.651409    0.502913    0.416692    0.337760    0.227661    0.118276    
1.404598    2.435315    2.422715    2.473168    2.668607    3.131415    3.474458    0.635590    0.482525    0.416731    0.348740    0.278442    0.171902    0.068737    
1.393327    2.453954    2.419091    2.479444    2.676170    3.066309    3.331655    4.043577    0.642708    0.481791    0.420147    0.358709    0.286214    0.218556    0.112497    0.057903    
1.289651    2.212508    2.192271    2.251181    2.384638    2.641268    2.824920    3.233431    3.607047    0.625673    0.452330    0.400008    0.349944    0.299162    0.228472    0.173817    0.089159    0.051639    
1.135123    2.001443    2.113434    2.161405    2.247248    2.399653    2.621575    2.861246    3.404723    3.482547    0.610944    0.449427    0.403995    0.352938    0.311644    0.251786    0.199973    0.145862    0.079505    0.036382    
