 9    -3.912555    5.649116    0.189872
-0.097940  0.250080  -0.162508  -1.448517  0.785906  0.469623  -1.460382  -0.626218  -1.518771  0.467329  -2.420600  -0.078978  1.112255  -0.476275  1.653748  -1.018355  0.993027  0.591649  -0.259676  0.909999  -0.662858  -0.516306  0.406795  0.262560  0.527482  -0.719168  -0.106058  -0.747889  -0.250776  -1.582493  -0.508423  -0.669027  -1.159652  0.331337  1.101627  -0.459651  
-0.120463  -0.977551  0.130957  0.138218  -0.211252  -0.170364  0.115170  -0.264124  -0.193999  
 1    -1.674538    0.186362      0.234061
 2    -2.890595    0.544822      0.106881
 3    -3.305006    0.721932      0.063540
 4    -3.623236    0.836477      0.030258
 5    -3.761105    0.921577      0.015839
 6    -3.839175    0.960090      0.007674
 7    -3.872911    0.979610      0.004146
 8    -3.896489    0.992608      0.001680
 9    -3.906992    0.997202      0.000582
10    -3.909718    0.998323      0.000297
4.635406    0.633665    
3.541831    4.551844    0.497939    0.431188    
2.945651    3.651228    4.021030    0.532036    0.393237    0.257733    
2.650252    3.557851    3.169972    4.750455    0.588009    0.476779    0.292155    0.247154    
2.301349    3.200706    3.033687    3.515918    3.708978    0.582448    0.450283    0.369554    0.210505    0.184986    
1.832845    3.128890    3.021135    3.140491    3.396646    3.826932    0.617569    0.470461    0.386446    0.315723    0.183931    0.143886    
1.712385    2.908519    2.888737    3.037615    3.183914    3.587869    3.899403    0.609303    0.465001    0.393865    0.321283    0.257548    0.149473    0.090127    
1.597451    2.839803    2.836140    2.942651    3.089971    3.594286    3.358426    4.717582    0.614025    0.459554    0.399002    0.340071    0.256293    0.218150    0.095968    0.073101    
1.485484    2.611179    2.643182    2.731078    2.830454    3.191368    3.323384    3.615417    4.066547    0.606388    0.443564    0.388044    0.336047    0.286094    0.212296    0.184159    0.067665    0.068887    
1.323352    2.314565    2.456946    2.538997    2.638247    2.826886    3.117288    3.261278    3.855448    3.734590    0.587621    0.426151    0.380791    0.332525    0.297102    0.236552    0.192719    0.145486    0.065292    0.052384    
