 9    -7.727360    5.682574    1.160774
-0.994205  -0.671251  -0.887883  0.195603  1.382997  0.888781  -0.060407  -0.573972  0.071070  -1.079800  1.842317  -1.375264  1.536962  1.111330  0.582643  0.988356  0.304395  -0.174480  0.961648  -1.968457  2.608949  1.927321  -0.187514  1.218037  -2.363810  1.078523  1.704040  -1.534157  1.152590  -0.030215  -0.203973  -0.700638  -0.231525  0.013304  0.164172  -0.133719  
0.194353  0.168339  0.965553  0.170416  -0.214266  0.184027  -0.246677  0.229527  -0.147715  
 1    -3.171127    0.123243      0.339766
 2    -5.628996    0.561784      0.156478
 3    -6.460056    0.728420      0.094505
 4    -7.087684    0.838495      0.047702
 5    -7.442130    0.918845      0.021270
 6    -7.542799    0.963629      0.013763
 7    -7.558968    0.960086      0.012557
 8    -7.640034    0.977529      0.006512
 9    -7.677297    0.987542      0.003733
10    -7.661378    0.983223      0.004920
4.128917    0.815781    
2.980712    3.051127    0.469730    0.424895    
2.247675    2.867920    2.611325    0.507985    0.373731    0.247022    
2.228150    2.748709    2.555297    3.395855    0.613305    0.484990    0.259179    0.240883    
2.039421    2.458471    2.295397    2.929864    2.552817    0.590915    0.461314    0.351860    0.195380    0.183883    
1.954569    2.406893    2.292822    2.939877    2.504175    6.162725    0.581363    0.463292    0.360193    0.211639    0.272080    0.105952    
1.826477    2.365441    2.296682    2.729585    2.677592    6.283185    2.372106    0.578265    0.463911    0.377352    0.231773    0.278269    0.110918    1.526633    
1.442169    2.203465    2.130103    2.426442    2.305792    5.192168    4.786246    0.970428    0.641277    0.457109    0.380801    0.324818    0.322598    0.300740    1.200673    0.401643    
1.227603    2.203067    2.222098    2.271195    2.501951    2.636646    5.427001    4.560903    0.765801    0.596463    0.469626    0.412667    0.337658    0.256846    0.263061    0.206306    1.315723    0.282394    
1.411250    2.212350    2.130195    2.382391    2.343418    5.158351    4.708170    0.959672    6.283185    6.283185    0.639128    0.456498    0.381799    0.322652    0.311401    0.273638    1.259885    0.283114    1.470711    1.512514    
