 9    -6.678900    4.517292    0.894520
-0.277191  -1.145218  1.062622  -0.870811  -1.755050  -1.015249  1.560385  0.481436  -1.006437  1.485005  -0.585905  -0.851112  0.591227  1.385524  1.787364  0.401825  0.404999  0.073697  0.025266  0.675647  1.116530  0.599057  1.417557  -0.488025  0.220577  -0.609157  0.015882  1.153928  0.627370  0.311363  1.364681  -0.776396  0.551247  0.156636  1.109462  0.377343  
0.250415  0.214342  0.193426  -0.207848  0.178334  0.152889  -0.986507  -0.123903  -0.180392  
 1    -1.472665    0.062924      0.465000
 2    -4.977690    0.587258      0.151945
 3    -5.774797    0.719394      0.080751
 4    -6.328868    0.838581      0.031263
 5    -6.507531    0.938965      0.015306
 6    -6.610471    0.974377      0.006112
 7    -6.651096    0.989749      0.002483
 8    -6.664420    0.995683      0.001293
 9    -6.671656    0.997735      0.000647
10    -6.675659    0.999072      0.000290
2.725929    0.775340    
2.894353    4.280302    0.521322    0.472126    
2.559559    2.952163    3.956861    0.550525    0.430186    0.294096    
2.287221    2.869996    2.424763    4.606142    0.585481    0.472560    0.331102    0.285342    
1.984451    2.609072    2.415357    2.756756    3.281918    0.584961    0.446378    0.377591    0.198338    0.225153    
1.427054    2.535479    2.466381    2.510021    2.731101    3.206789    0.617828    0.477871    0.396752    0.325075    0.187769    0.177391    
1.330096    2.293772    2.259592    2.371338    2.441532    2.962320    2.859165    0.620624    0.453708    0.391790    0.337568    0.268415    0.161258    0.119667    
1.323039    2.295045    2.235455    2.328248    2.380399    2.918868    2.617313    6.283185    0.622140    0.451832    0.385176    0.336813    0.273439    0.178617    0.186396    0.074680    
1.244508    2.140444    2.138091    2.192885    2.275065    2.533453    2.685081    2.792050    3.579954    0.607269    0.441795    0.385088    0.334792    0.292887    0.216267    0.191462    0.072282    0.066979    
1.160028    1.950523    1.990797    2.048979    2.143401    2.277201    2.536023    2.609146    3.224245    3.035286    0.592517    0.420715    0.374108    0.328790    0.298185    0.237319    0.198716    0.153289    0.060387    0.057710    
