 9    -4.941699    6.183471    0.795190
-0.785379  0.950782  -0.027696  -1.235860  -0.578111  0.713701  -0.686916  1.087173  0.024415  -1.229610  0.309458  1.095729  1.452500  -0.108886  0.952027  -0.189320  -2.661238  -0.526750  -0.667293  1.206642  0.618741  -1.492365  0.431372  -0.099084  0.579067  -1.668932  1.581917  -0.023200  -0.209271  -0.394850  1.356881  -0.937906  -0.054275  -0.875412  -0.297727  -0.538700  
0.199340  0.146295  -0.140651  -0.972503  -0.146760  0.163815  -0.193637  0.133488  -0.203902  
 1    -1.980436    0.204698      0.266177
 2    -3.771341    0.623725      0.105199
 3    -4.279778    0.800523      0.059498
 4    -4.620399    0.883114      0.028880
 5    -4.664466    0.896961      0.024919
 6    -4.880699    0.975770      0.005483
 7    -4.841291    0.973503      0.009025
 8    -4.841955    0.973702      0.008966
 9    -4.842506    0.974222      0.008916
10    -4.928024    0.992538      0.001229
4.668653    0.486575    
3.715895    3.761466    0.417769    0.449817    
2.679308    3.609486    2.841118    0.438331    0.359100    0.252703    
2.818728    3.031190    2.434282    6.283185    0.524880    0.444411    0.334877    0.268648    
2.754687    3.082583    2.572051    6.283185    4.650621    0.553356    0.448039    0.315289    0.270720    1.506806    
1.830097    2.654102    2.612856    2.796451    3.454899    2.952956    0.536788    0.441782    0.383097    0.247421    0.184411    0.149657    
2.629716    0.747745    2.688916    2.682583    6.283185    5.676190    1.378967    0.981305    1.052431    0.517893    0.385401    0.452582    1.119399    0.458904    
2.634124    0.732825    2.678792    2.677485    6.283185    5.661057    1.375739    3.045431    0.979740    1.055237    0.517862    0.384266    0.450997    1.125506    0.455420    1.563328    
2.628967    0.724153    2.676430    2.680113    6.283185    5.611622    1.366456    3.044083    6.283185    0.976217    1.058651    0.517618    0.384540    0.448228    1.128672    0.440171    1.555963    1.555577    
1.467188    0.187544    2.189452    2.398787    2.505701    2.623578    2.804824    3.371189    3.011434    0.973152    0.592127    1.570796    0.428545    0.369597    0.306940    0.278967    0.195995    0.116319    0.086347    1.570796    
