 9    -5.080570    4.235769    0.644317
1.319751  -0.169291  -0.060430  0.880154  0.440474  0.282055  -1.219574  -0.679306  -0.367388  -0.797539  0.622276  -0.818255  -0.316651  -2.039845  0.708758  -0.138086  0.106757  -0.657646  0.217738  -0.925505  -0.420240  -0.215826  0.618240  -1.075169  -1.079639  -0.515391  0.871164  -0.995943  0.940282  -0.051731  -1.061947  -1.776930  -0.799917  0.075276  -0.179210  -1.648911  
-0.086699  -0.320826  -0.210739  -0.229842  0.194987  -0.218139  -0.701092  -0.198194  -0.231817  
 1    -2.037226    0.184767      0.326667
 2    -3.847055    0.490890      0.132403
 3    -4.434426    0.621111      0.069356
 4    -4.806870    0.748215      0.029379
 5    -4.906446    0.810424      0.018690
 6    -4.964430    0.844033      0.012466
 7    -5.001740    0.918153      0.008462
 8    -5.027206    0.953402      0.005728
 9    -5.034626    0.962828      0.004932
10    -5.038783    0.971197      0.004485
3.756435    0.518665    
3.074246    3.999581    0.599611    0.417576    
2.683280    3.058065    4.016065    0.621575    0.471070    0.277457    
2.346804    3.000872    2.781270    3.974624    0.643851    0.506158    0.343514    0.251693    
1.890716    2.588212    2.564876    2.876452    3.338310    0.609430    0.472802    0.407988    0.257737    0.186773    
1.482733    2.615211    2.519796    2.564542    2.871206    3.398953    0.645650    0.497810    0.417450    0.340842    0.224942    0.136389    
1.465939    2.719742    2.580046    2.600244    3.145908    3.060971    6.283185    0.664292    0.502413    0.422145    0.336621    0.216083    0.195400    0.102286    
1.418026    2.756847    2.621735    2.570453    3.169088    2.799443    6.283185    6.283185    0.678255    0.506623    0.425534    0.339897    0.202830    0.187503    0.158675    0.076042    
1.431059    2.768750    2.624011    2.580039    3.042083    2.795914    6.283185    6.267865    0.685606    0.676737    0.508448    0.424200    0.337339    0.217564    0.196139    0.166105    0.000000    0.083124    
1.442411    2.770630    2.639778    2.592260    3.088097    2.873860    6.283185    6.279329    1.254799    1.733511    0.681065    0.509488    0.423084    0.337299    0.215611    0.200604    0.176512    0.000000    0.102710    1.526744    
