 9    -5.039876    5.838968    0.316578
0.993539  -0.758112  -0.351157  0.938245  -1.000467  -1.201973  2.034609  0.008307  0.258243  0.446007  -0.069812  -0.033584  -0.685347  1.140189  -1.653406  0.232497  -0.203918  -1.100841  1.758511  -0.430515  1.327838  0.925540  0.184446  1.811597  2.076887  -0.405200  0.515850  -1.207827  1.824501  -0.403212  0.578353  0.335270  -1.066069  -0.213213  -1.180237  0.789907  
-0.280004  0.222704  -0.232988  -0.237720  0.210514  -0.169634  0.166166  0.943845  0.139123  
 1    -2.021625    0.242148      0.277442
 2    -3.717214    0.578252      0.121581
 3    -4.415855    0.689192      0.057361
 4    -4.821202    0.850783      0.020101
 5    -4.938987    0.915133      0.009274
 6    -5.000538    0.968816      0.003616
 7    -5.019660    0.988918      0.001858
 8    -5.028679    0.991658      0.001029
 9    -5.035271    0.997912      0.000423
10    -5.037573    0.999066      0.000212
4.153866    0.506433    
2.819604    4.148935    0.583542    0.448735    
2.465470    2.903235    4.222351    0.602219    0.494759    0.315181    
2.116887    2.843159    2.526480    4.085225    0.624128    0.501414    0.360853    0.285638    
1.661151    2.507900    2.435659    2.559497    3.561321    0.610310    0.475159    0.416659    0.275306    0.230713    
1.381557    2.457230    2.365087    2.386416    2.519770    3.357284    0.643752    0.497160    0.412052    0.347297    0.226914    0.179921    
1.287646    2.225415    2.195996    2.277675    2.384145    2.801147    3.005723    0.628124    0.471673    0.411985    0.353897    0.285249    0.184291    0.107218    
1.247208    2.195023    2.196752    2.261258    2.365135    2.712692    2.713380    3.864289    0.624007    0.472500    0.417307    0.361192    0.295823    0.228321    0.136012    0.066710    
1.184217    2.063098    2.065698    2.110895    2.190851    2.412655    2.567034    2.801389    3.455908    0.616180    0.456004    0.403052    0.352116    0.307614    0.236001    0.195867    0.091303    0.064251    
1.017579    1.824279    1.971844    2.022308    2.086164    2.214037    2.406234    2.578679    3.001501    3.233871    0.598737    0.447121    0.405645    0.356267    0.320303    0.262992    0.214078    0.162958    0.080645    0.050521    
