 9    -4.414467    4.608296    0.009048
-0.913186  0.596383  0.783402  -0.561723  -0.291456  1.049971  0.974512  -0.630528  -0.053466  1.690651  -0.015440  0.065761  -0.867256  -0.327027  -0.371583  -0.194330  -0.448940  -1.491343  1.642849  0.599594  -0.460096  -2.010617  0.502082  1.134824  -1.005218  -1.249696  -0.871701  0.020682  -0.788147  -0.522394  0.775097  0.634871  -0.673511  0.471438  -0.921861  0.449032  
-0.284397  -0.279689  0.246173  0.290969  0.291141  0.258233  -0.307429  0.237306  0.079810  
 1    -1.275600    0.076341      0.347883
 2    -3.539812    0.543332      0.096939
 3    -4.158129    0.717762      0.028410
 4    -4.299548    0.771978      0.012737
 5    -4.330749    0.861824      0.009279
 6    -4.349488    0.944398      0.007202
 7    -4.386168    0.969232      0.003136
 8    -4.402131    0.986356      0.001367
 9    -4.409911    0.997348      0.000505
10    -4.412150    0.998852      0.000257
3.402158    0.778961    
4.186458    5.337095    0.808007    0.428078    
3.652994    3.560812    4.264823    0.704291    0.518933    0.309180    
2.550052    3.486618    3.367783    3.875638    0.656773    0.559708    0.405870    0.218603    
2.779533    3.535481    3.532279    3.978248    5.574378    0.667316    0.561213    0.409450    0.285407    0.098675    
2.856139    3.471548    3.709280    4.104704    6.283185    5.954277    0.655434    0.555634    0.393335    0.257361    0.175983    0.080344    
1.926279    3.407017    3.141451    3.698973    4.175105    5.462961    5.717270    0.654041    0.553789    0.452285    0.354602    0.214859    0.187403    0.084614    
1.655217    3.218261    2.938422    3.308467    3.721475    4.483400    4.388517    5.249965    0.682646    0.530932    0.470086    0.379243    0.284590    0.179887    0.174681    0.090980    
1.576365    3.038675    2.854229    3.045867    3.446175    4.036439    4.653345    4.675517    4.687630    0.672828    0.522150    0.463870    0.386300    0.296885    0.198468    0.184935    0.144114    0.068339    
1.461703    2.802020    2.702732    2.813185    3.096042    3.494235    4.151827    4.019837    4.358310    4.637644    0.664377    0.500059    0.453785    0.386731    0.311615    0.222838    0.171133    0.150729    0.128137    0.053668    
