 9    -7.503069    5.212213    1.551593
-0.497271  0.107765  1.882873  -1.069230  -1.527741  -1.511618  0.386228  0.482651  2.007500  -0.509702  -0.890950  0.223526  0.045737  1.275074  0.981557  -1.357761  0.467119  -0.566509  2.345418  -0.477393  -0.310067  1.301076  -0.166463  0.935313  1.558391  -0.933234  0.168355  0.230982  -0.599004  0.442476  0.782476  1.961281  0.745696  0.456744  0.636113  -2.370204  
-0.291331  -0.187275  0.227564  0.219727  -0.180155  0.936623  -0.179977  0.187910  0.275065  
 1    -3.830736    0.247722      0.288813
 2    -4.939486    0.177541      0.201614
 3    -5.105965    0.277977      0.188522
 4    -5.605825    0.298558      0.149210
 5    -5.781634    0.271737      0.135383
 6    -6.107187    0.527625      0.109780
 7    -6.307123    0.729798      0.094056
 8    -6.887796    0.856267      0.048388
 9    -7.020642    0.916636      0.037941
10    -7.045468    0.927269      0.035988
5.796417    0.722574    
2.397688    3.936851    0.560639    0.494074    
3.087920    3.856359    6.162329    0.636601    0.388886    1.448834    
3.004614    3.462260    4.095871    5.762690    0.593750    0.519714    1.485548    1.319604    
2.771537    3.119335    4.296248    4.035892    4.526284    0.606125    0.487340    1.535634    1.299489    1.339861    
3.088908    3.497733    4.179519    4.866513    4.008502    5.621023    0.611832    0.539951    1.462675    1.317263    1.415172    0.137363    
3.037356    3.547035    4.190067    4.928705    4.168819    5.765464    1.295669    0.607687    0.541720    1.457307    1.331320    1.449182    0.336314    1.336979    
2.707802    3.127055    4.734220    3.429711    4.295108    5.380881    2.189924    2.259278    0.607636    0.451113    1.527714    1.277613    1.241154    0.089625    1.222487    0.389615    
2.615622    2.956214    6.283185    1.838519    4.791853    5.943908    1.507259    2.278732    5.761645    0.607851    0.416890    1.528126    1.236073    1.208666    0.115367    1.171944    0.454569    1.437930    
2.582119    2.884599    6.283185    1.825044    4.818360    6.165261    1.268560    2.418858    5.714985    1.378150    0.599268    0.403903    1.506209    1.236167    1.196603    0.190783    1.158186    0.383214    1.314615    0.127911    
