 9    -6.582292    8.686824    0.014145
-1.416842  1.141139  -0.062071  0.221127  -1.024472  -0.338375  2.052339  -0.303012  -1.444028  -2.597116  -2.753540  -1.642764  0.524421  -0.364225  -0.637291  0.086793  -1.483513  1.732859  0.351637  0.585125  -0.091862  0.001853  0.595091  -0.665807  0.793773  -0.278339  0.412654  -2.365867  1.255806  -1.336100  -0.537524  2.357279  -0.418594  1.781215  2.487691  -0.598725  
-0.185858  -0.375157  -0.135452  -0.274328  -0.288446  -0.228907  -0.276669  0.333134  0.137268  
 1    -3.131483    0.247227      0.225999
 2    -5.367075    0.593301      0.079587
 3    -6.211465    0.797595      0.024286
 4    -6.465093    0.881650      0.007676
 5    -6.531290    0.922654      0.003340
 6    -6.564353    0.978133      0.001175
 7    -6.576121    0.988113      0.000404
 8    -6.578830    0.991158      0.000227
 9    -6.580606    0.996782      0.000110
10    -6.581522    0.998031      0.000050
6.146796    0.683976    
4.406815    5.371947    0.774903    0.415008    
3.782691    3.990363    4.411325    0.706165    0.529640    0.288332    
2.680723    3.812701    3.682974    4.175413    0.661991    0.563828    0.413813    0.206975    
2.170036    3.487330    3.201393    3.509630    4.148973    0.656643    0.531567    0.434154    0.335992    0.144415    
1.960622    3.466402    3.203484    3.491337    4.014567    5.130834    0.669654    0.535336    0.457031    0.364180    0.240534    0.080786    
1.693258    2.974350    2.911277    3.027834    3.351498    3.822315    4.868760    0.653691    0.495413    0.446558    0.380958    0.294508    0.190521    0.076219    
1.493109    2.654589    2.736297    2.688302    2.810476    3.087973    3.624052    4.582791    0.631863    0.481931    0.426712    0.367106    0.300332    0.230733    0.151841    0.064785    
1.465334    2.678212    2.743958    2.752684    2.879359    3.081833    3.508274    4.217876    4.993369    0.640698    0.490760    0.436374    0.383988    0.321523    0.254188    0.180500    0.113140    0.035802    
1.310337    2.435995    2.584958    2.631031    2.721480    2.817160    3.064895    3.533327    4.091686    4.850058    0.627931    0.482511    0.428854    0.389113    0.334880    0.275498    0.220309    0.160197    0.100413    0.034794    
