 9    -4.496560    4.741456    0.267216
1.412241  2.337697  1.611915  1.649743  0.798248  -0.038336  -0.416919  0.573888  0.379333  0.395861  -0.639797  -0.622015  -1.097253  -0.040995  0.406483  1.850516  0.371162  -0.024252  0.881849  1.684386  -0.044589  -0.971817  -0.680023  -1.209145  0.695044  0.691764  0.203673  -0.572106  0.621362  -0.836067  -0.261789  0.241504  -0.153626  -0.948075  0.199662  -0.560836  
-0.223423  0.175623  -0.679732  0.229682  0.231346  0.199288  0.280104  0.180287  0.227654  
 1    -2.221809    0.237355      0.246238
 2    -3.440627    0.599049      0.114303
 3    -3.953981    0.790331      0.058733
 4    -4.294074    0.913620      0.021919
 5    -4.414611    0.964681      0.008871
 6    -4.463037    0.982929      0.003629
 7    -4.479658    0.991240      0.001830
 8    -4.490622    0.998287      0.000643
 9    -4.493180    0.998721      0.000366
10    -4.494694    0.998938      0.000202
5.830114    0.601620    
3.233198    3.788147    0.584795    0.395035    
2.775069    3.153761    3.472221    0.618388    0.432419    0.250895    
2.498493    3.180842    3.025637    3.681882    0.670835    0.521012    0.338326    0.223216    
2.174437    2.739683    2.583238    2.968037    3.110779    0.629603    0.475664    0.390218    0.247599    0.160486    
1.499392    2.686347    2.597940    2.595059    2.906773    3.233234    0.644328    0.507849    0.424077    0.335861    0.222333    0.123161    
1.417193    2.439649    2.433245    2.473754    2.617008    3.056692    3.200611    0.641797    0.488461    0.421097    0.353953    0.281985    0.175144    0.075508    
1.336948    2.409898    2.404004    2.466866    2.621827    2.989589    3.176404    3.841874    0.639893    0.488020    0.429216    0.368596    0.294902    0.228669    0.112995    0.053057    
1.287266    2.285545    2.278956    2.365849    2.492881    2.846184    2.996912    4.264708    6.283185    0.635451    0.470165    0.417917    0.366896    0.300418    0.210132    0.134812    0.008855    1.532427    
1.165228    1.984582    2.055203    2.077689    2.087244    2.188051    2.523480    3.000421    6.283185    4.482469    0.610845    0.438219    0.394012    0.340348    0.292784    0.234252    0.179207    0.115640    1.558493    1.528966    
