 9    -5.129678    4.362280    0.088882
1.181663  3.286588  -1.621765  0.949320  0.052378  0.064238  -0.407483  -0.086520  0.716453  1.220180  -0.421267  -0.436458  0.176678  0.855759  1.180917  0.303532  0.876488  0.409602  0.206339  -0.013353  -1.192493  -0.792464  0.517279  -0.487682  -0.779472  0.365687  -0.736046  0.139248  0.935475  1.379081  0.828823  0.572097  -0.226923  -0.796798  1.773026  0.437690  
0.378907  -0.176393  -0.348637  0.268440  -0.077870  -0.245917  0.293782  0.225067  -0.379017  
 1    -1.078716    0.053274      0.426778
 2    -4.103188    0.568426      0.108143
 3    -4.828623    0.756771      0.031717
 4    -5.033813    0.825094      0.010100
 5    -5.088620    0.861053      0.004326
 6    -5.111641    0.913970      0.001900
 7    -5.120320    0.935117      0.000986
 8    -5.123586    0.968346      0.000642
 9    -5.126038    0.979455      0.000384
10    -5.127055    0.993224      0.000276
1.808198    0.601411    
4.082574    5.316231    0.789377    0.421913    
3.479123    3.585796    4.364205    0.698154    0.538877    0.323063    
2.416008    3.532458    3.435041    3.962942    0.661750    0.573593    0.423905    0.228243    
1.874600    3.304385    3.075171    3.380329    3.971264    0.683087    0.549982    0.468578    0.362649    0.164943    
1.742785    3.191394    3.047967    3.299339    3.714167    4.703731    0.678043    0.545829    0.482609    0.389604    0.260851    0.085997    
1.557691    2.833269    2.788260    2.893463    3.196078    3.656010    4.595852    0.670445    0.513322    0.464936    0.401233    0.317261    0.202139    0.077655    
1.564013    2.886401    2.815048    2.933734    3.231294    3.669147    4.416877    5.080211    0.669295    0.519761    0.469670    0.407255    0.334116    0.229826    0.139404    0.041052    
1.455925    2.644971    2.621834    2.635267    2.823704    3.094838    3.560322    4.079922    4.982046    0.656752    0.495265    0.446399    0.390225    0.332810    0.263089    0.185670    0.125056    0.043070    
1.481885    2.703315    2.662255    2.683643    2.859713    3.122364    3.608368    4.010960    4.858624    5.348173    0.659715    0.501865    0.451453    0.391618    0.331853    0.261361    0.192835    0.141805    0.080128    0.023605    
