 9    -5.249128    5.741694    0.037833
-0.374470  1.163536  1.171028  0.762805  -1.399164  -0.805286  -0.567384  0.003154  0.933997  -1.232669  0.347803  0.644465  0.018927  -0.473181  -1.407803  -1.970348  0.821106  0.569608  -1.868063  0.428322  2.014901  -0.007186  0.598445  0.461798  -1.053029  0.552033  -0.613530  0.955068  1.682189  0.854499  2.816151  0.037141  -0.240715  -0.597208  -0.573777  -0.062244  
0.281799  0.108626  -0.203825  -0.186801  -0.170660  0.094140  -0.976697  0.129012  0.173654  
 1    -2.022929    0.001204      0.293536
 2    -3.566640    0.000306      0.153081
 3    -4.057211    0.000412      0.108447
 4    -4.486945    0.000055      0.069347
 5    -4.617794    0.000017      0.057442
 6    -4.706545    0.000053      0.049367
 7    -4.711326    0.000049      0.048932
 8    -4.770171    0.000023      0.043578
 9    -4.820402    0.000000      0.039008
10    -4.822138    0.000000      0.038850
4.591676    0.696056    
3.237810    4.595772    0.445035    0.484022    
2.908135    3.492032    3.697010    0.499184    0.376386    0.268336    
2.734544    3.198243    2.654494    5.915410    0.553953    0.454193    0.337251    0.283390    
2.408642    3.043892    2.817538    3.404648    3.545775    0.575201    0.444247    0.355017    0.175300    0.212853    
1.774027    2.955400    2.864071    2.991582    3.261503    3.680327    0.601434    0.463196    0.379762    0.302369    0.171699    0.160548    
2.346714    2.987207    2.821959    3.529529    3.151807    5.939047    1.477916    0.572381    0.455875    0.357418    0.210166    0.282122    0.000017    0.113384    
1.739549    2.870733    2.779983    2.897991    3.324393    2.934068    6.283185    1.699744    0.580600    0.458172    0.389543    0.284964    0.222527    0.194126    0.101596    1.570796    
1.479654    2.596007    2.587166    2.672675    2.762334    3.226405    3.142994    3.739767    3.675238    0.611913    0.443141    0.380190    0.326412    0.270208    0.203596    0.186011    0.046308    0.090277    
1.416867    2.324842    2.405623    2.468945    2.647588    2.840086    3.559896    2.235189    0.344599    6.283185    0.594323    0.424470    0.377341    0.312608    0.278711    0.227777    0.191023    0.929692    0.743675    0.104063    
