 9    -3.632578    5.219441    0.298589
-0.944526  -0.876067  0.826348  -0.320301  -1.080067  1.307439  -0.072256  1.633084  1.209046  -0.966583  -1.493422  -0.523997  0.003965  -0.293546  0.062105  -0.430417  0.109365  -0.063731  0.741933  -0.730128  -1.295282  0.584340  0.263752  0.919100  -0.028440  -0.286742  2.014533  1.437291  -1.871341  -0.033665  0.017098  -0.669845  -0.390340  0.270122  0.528851  -0.003812  
-0.258253  -0.252665  -0.202108  -0.181548  -0.269583  0.580279  0.210390  -0.232941  -0.126260  
 1    -1.293542    0.014416      0.264238
 2    -2.708161    0.082191      0.104430
 3    -3.138105    0.122199      0.055860
 4    -3.154492    0.303454      0.054009
 5    -3.219024    0.602354      0.046719
 6    -3.287920    0.623831      0.038936
 7    -3.337472    0.782385      0.033338
 8    -3.447289    0.756037      0.020932
 9    -3.495641    0.868537      0.015470
10    -3.509418    0.888896      0.013913
3.330756    0.510522    
3.611665    5.066633    0.706626    0.409931    
3.046689    3.462043    4.871517    0.646687    0.533987    0.305530    
3.046381    3.519372    5.776265    2.550764    0.638604    0.550700    0.347829    1.448185    
3.062631    3.557663    6.283185    3.225555    1.832403    0.645288    0.565939    0.406508    1.145403    0.268775    
2.786615    3.186073    4.951624    2.702492    3.472002    3.249822    0.608956    0.517490    0.497601    1.233385    0.373339    1.326386    
2.727595    3.303193    4.951160    2.967562    3.266994    3.747338    2.637950    0.621048    0.531359    0.467475    1.316939    0.324491    1.217907    0.155678    
2.707659    3.238290    2.711502    2.559660    2.813274    2.712832    3.439812    2.862201    0.665180    0.471756    0.369900    1.570796    0.444114    1.226150    0.307392    1.400450    
2.627967    3.177434    2.827475    2.527005    2.841029    3.109376    3.413927    3.211757    2.327263    0.643551    0.478231    0.382649    1.570796    0.380902    1.332004    0.262820    1.274467    0.164726    
2.633093    3.203711    2.948863    2.568287    2.823922    3.220295    3.490482    3.125511    2.913759    1.977141    0.639940    0.489756    0.379868    1.570796    0.351229    1.340720    0.242283    1.284985    0.259391    1.455013    
