 9    -4.445631    5.816324    0.285879
1.852027  1.201873  -0.549276  0.219038  -0.016983  0.671893  0.333167  -1.771524  1.975094  0.418604  -0.558470  0.925971  -0.505698  -0.325270  -1.075545  0.446122  -0.836724  0.162329  0.281473  0.505949  -0.553527  -0.866120  0.327513  1.036986  0.348084  -1.708354  1.127971  -0.092168  -0.439503  0.169916  -0.861601  0.219753  -0.153007  1.006797  0.498850  -1.179203  
0.354091  -0.305747  0.196632  0.272669  0.256251  -0.248784  -0.282367  0.246853  0.338132  
 1    -2.137050    0.006539      0.224965
 2    -3.254351    0.006198      0.116087
 3    -3.940863    0.000149      0.049188
 4    -4.114766    0.000132      0.032242
 5    -4.147101    0.000000      0.029091
 6    -4.154236    0.000004      0.028396
 7    -4.158198    0.000001      0.028010
 8    -4.159225    0.000000      0.027909
 9    -4.159453    0.000000      0.027887
10    -4.159605    0.000000      0.027872
4.324750    0.615195    
3.881913    5.347091    0.839246    0.454921    
3.397538    3.436963    4.250341    0.730489    0.566570    0.343644    
2.307025    3.496624    3.297117    3.809293    0.689261    0.611659    0.447250    0.249054    
1.706003    3.162466    2.926035    3.250434    3.698370    0.703816    0.570766    0.508129    0.392741    0.188037    
1.563394    2.964001    2.871865    3.071790    3.289380    3.944650    0.694232    0.561062    0.514459    0.418056    0.285453    0.096016    
1.467628    2.728175    2.641602    2.718092    2.926682    3.265728    4.244476    0.685568    0.530083    0.485658    0.413049    0.329526    0.211757    0.079933    
1.396461    2.513736    2.357288    2.210572    2.172958    2.396929    3.004034    4.091409    0.671096    0.496338    0.433006    0.355013    0.292592    0.255981    0.180671    0.073924    
1.264918    2.311025    2.302594    2.257510    2.206996    2.252573    2.698287    3.298483    3.961652    0.656433    0.495439    0.441243    0.383286    0.315199    0.274061    0.224702    0.142039    0.049488    
0.925610    1.922548    2.248729    2.284371    2.264969    2.164889    2.238405    2.742060    3.330627    3.965129    0.637557    0.522987    0.464532    0.417773    0.362753    0.292772    0.263273    0.222527    0.137634    0.047165    
