 9    -6.767294    5.161683    1.313779
-0.377364  0.166759  0.682802  1.921379  -0.197037  -0.759879  -2.089066  -0.036373  -1.217749  -1.428905  -0.170528  1.160940  -1.061140  -1.408500  0.839550  -0.099625  -1.736265  -0.307186  -0.080870  0.834319  1.885460  0.440898  0.439874  1.070767  0.404252  0.133472  1.937107  1.002275  -0.047000  1.153260  0.019985  -1.579930  -0.197842  -0.220196  -0.267084  -0.412130  
0.266396  -0.140719  -0.200345  -0.156245  -0.172465  0.139824  0.993728  0.132065  0.168009  
 1    -2.789049    0.109094      0.333494
 2    -5.212182    0.597135      0.130364
 3    -5.837600    0.788415      0.077936
 4    -6.368429    0.844319      0.033437
 5    -6.426075    0.890781      0.028604
 6    -6.579568    0.964915      0.015737
 7    -6.581591    0.965898      0.015567
 8    -6.593977    0.964097      0.014529
 9    -6.604651    0.968433      0.013634
10    -6.611745    0.973656      0.013040
4.618814    0.835441    
3.213055    4.213580    0.433192    0.474168    
2.637941    3.421239    3.224588    0.478068    0.366988    0.261448    
2.620030    3.026629    2.516411    5.668210    0.554816    0.459450    0.331575    0.288928    
2.561754    3.038998    2.609755    6.283185    4.531444    0.557660    0.453867    0.345409    0.279422    1.498229    
2.438561    3.092962    2.688526    6.185619    5.641604    1.289983    0.569206    0.466994    0.379545    0.428109    1.121537    0.445075    
2.416569    3.086677    2.689604    6.121703    5.551430    1.342537    4.257563    0.570187    0.470269    0.378809    0.425677    1.129990    0.432479    1.550493    
2.378447    3.023697    2.689636    5.990463    5.471970    1.465865    3.299384    3.692735    0.568341    0.466434    0.378365    0.407253    1.200716    0.275345    1.570796    1.467149    
2.393261    2.974646    2.645820    5.959307    5.370184    1.795111    2.592492    3.288417    6.283185    0.562574    0.462647    0.377908    0.399628    1.213181    0.253099    1.545488    1.402484    1.498230    
2.379530    2.971224    2.628253    6.072104    5.347193    2.021382    2.378505    3.178692    6.283185    4.795605    0.556868    0.461722    0.385437    0.410247    1.188319    0.290438    1.570281    1.361039    1.485619    1.524575    
