 9    -3.871679    5.359048    0.407319
-0.835604  0.665364  0.481271  -0.938764  -0.122347  -1.126123  -0.846273  -1.317148  -1.813608  -0.155595  0.611860  0.014949  0.795852  0.011985  0.922505  0.349768  0.002359  -0.999109  0.421646  -0.261758  0.127665  0.056907  -0.229472  -0.957703  -0.424170  0.020671  -0.415321  0.213133  0.117778  1.360823  -0.434741  -0.066807  0.645877  -1.553138  -2.486736  1.837397  
0.100824  -0.311969  -0.261691  0.201498  -0.232523  -0.176725  0.205366  0.797561  0.172262  
 1    -1.454505    0.175618      0.261862
 2    -2.788545    0.494474      0.117340
 3    -3.266766    0.604482      0.065533
 4    -3.577355    0.766944      0.031885
 5    -3.673449    0.828381      0.021475
 6    -3.734247    0.900586      0.014889
 7    -3.750345    0.921133      0.013145
 8    -3.759650    0.931909      0.012137
 9    -3.816267    0.955650      0.006003
10    -3.812004    0.970648      0.006465
4.164590    0.455667    
2.924018    4.008139    0.583507    0.420678    
2.562677    3.103998    4.355645    0.629424    0.503819    0.303013    
2.212325    2.972407    2.766948    4.012963    0.636681    0.509356    0.355341    0.264975    
1.699840    2.694778    2.684557    2.851351    3.639594    0.625915    0.496586    0.425132    0.286589    0.198934    
1.883513    2.713227    2.662009    3.125234    3.112974    6.283185    0.610633    0.492056    0.403682    0.253863    0.244802    0.111846    
1.876219    2.717962    2.663433    3.165363    3.032851    6.283185    6.283185    0.608564    0.495148    0.405333    0.256363    0.239174    0.146633    0.049389    
1.885079    2.714192    2.673139    3.145794    3.002791    6.283185    6.219641    0.898150    0.609374    0.497060    0.403618    0.272537    0.242687    0.156507    0.000000    0.063415    
0.063675    1.413344    2.706070    2.543429    2.566879    3.111199    2.956359    6.191457    6.283185    1.570796    0.660889    0.497385    0.421664    0.339674    0.218511    0.212932    0.156536    0.051100    
1.610843    2.561726    2.579036    2.739530    3.319718    6.283185    6.283185    1.640453    6.206240    5.775912    0.600409    0.484869    0.429388    0.273272    0.251954    0.091108    0.030062    0.000000    1.461093    1.467735    
