 9    -4.598024    6.312364    0.085935
0.425188  -0.032820  0.989448  -1.579437  0.454097  0.217572  -1.497999  1.743353  -0.600091  -0.362574  1.672800  -0.356083  0.579311  -1.287199  -0.941917  1.686668  0.022534  0.530166  0.436340  -0.059709  0.772730  0.727365  -0.111376  1.309072  0.569217  0.248014  -1.875047  -0.291692  0.303654  0.201907  0.575408  -0.715979  1.107949  -0.585802  -0.688011  -2.668418  
-0.196465  0.306123  0.270942  -0.227368  -0.284647  -0.275297  0.220418  0.264792  0.368090  
 1    -2.457445    0.353365      0.196196
 2    -3.634340    0.682189      0.088327
 3    -4.349502    0.900198      0.022779
 4    -4.534015    0.961152      0.005867
 5    -4.573416    0.978116      0.002255
 6    -4.588223    0.995062      0.000898
 7    -4.595290    0.998612      0.000251
 8    -4.596779    0.999169      0.000114
 9    -4.597204    0.999628      0.000075
10    -4.597607    0.999841      0.000038
4.856352    0.545644    
4.069768    5.346475    0.824254    0.446208    
3.561498    3.611300    4.278153    0.729083    0.553610    0.325001    
2.455036    3.562632    3.410638    3.921573    0.680967    0.595195    0.438525    0.235378    
1.813158    3.271463    3.012572    3.334419    3.832915    0.690504    0.562946    0.489181    0.380229    0.176609    
1.720914    3.221848    3.027513    3.332823    3.657254    4.680488    0.692104    0.563238    0.504276    0.405174    0.269092    0.085860    
1.533672    2.835340    2.745920    2.844957    3.102438    3.495315    4.526496    0.678425    0.524481    0.478682    0.407237    0.322872    0.208209    0.082623    
1.443269    2.589797    2.448619    2.315852    2.346773    2.620410    3.224239    4.319856    0.662476    0.490931    0.427566    0.355752    0.297517    0.252400    0.175537    0.075308    
1.447199    2.632901    2.482428    2.350656    2.318521    2.530994    3.137845    4.003165    4.646441    0.668306    0.500183    0.434048    0.359267    0.297930    0.262381    0.196927    0.115266    0.027752    
1.248362    2.297162    2.444062    2.447848    2.433943    2.381259    2.723487    3.351982    3.976317    4.927216    0.641349    0.495149    0.450666    0.400215    0.325789    0.269566    0.233682    0.170200    0.101003    0.029208    
