 9    -5.284156    5.054617    0.304229
0.445292  -0.280395  -1.876685  -0.387690  0.596937  0.683369  0.232692  0.715544  0.804504  0.348361  -0.195662  -0.923606  0.598020  -1.569014  -0.119666  0.392834  1.194875  0.806525  1.582657  1.459610  -0.604105  -0.870248  -0.041871  1.678362  -0.365394  1.448301  0.201462  -1.036387  -1.578782  1.290704  0.082736  1.025227  -2.579276  0.602220  1.016007  -1.174483  
-0.298331  0.132083  0.249084  -0.216515  -0.234434  0.202185  -0.143241  -0.885922  0.151924  
 1    -2.474168    0.000557      0.271791
 2    -3.836319    0.000238      0.140040
 3    -4.310916    0.000164      0.094135
 4    -4.684831    0.000087      0.057969
 5    -4.792175    0.000019      0.047586
 6    -4.851611    0.000005      0.041837
 7    -4.869967    0.000004      0.040062
 8    -4.881580    0.000006      0.038938
 9    -4.887767    0.000001      0.038340
10    -4.889517    0.000000      0.038171
4.998230    0.796312    
3.062193    3.939164    0.552458    0.424613    
2.538868    3.045611    3.831265    0.578897    0.445308    0.266804    
2.258384    2.996913    2.750564    4.082528    0.635010    0.500881    0.341524    0.265291    
1.802729    2.586256    2.570704    2.825776    3.425201    0.606245    0.469505    0.405306    0.257611    0.200727    
1.457009    2.571551    2.506562    2.557250    2.788318    3.333007    0.636248    0.493157    0.408701    0.336950    0.215439    0.147866    
1.352396    2.326359    2.329093    2.429794    2.570196    3.005068    3.194010    0.622877    0.470519    0.408476    0.348168    0.276501    0.176271    0.087373    
1.317430    2.327788    2.325722    2.419761    2.569608    2.962291    2.961188    4.031030    0.621967    0.471256    0.413668    0.357518    0.285099    0.224093    0.115096    0.061391    
1.209974    2.126002    2.160843    2.233231    2.337536    2.590863    2.762786    3.060874    3.521780    0.610898    0.450597    0.401940    0.351392    0.304163    0.233765    0.190722    0.085633    0.059468    
1.041565    1.878094    2.034623    2.095738    2.177231    2.320844    2.541748    2.723938    3.194838    3.291660    0.594560    0.439840    0.398440    0.351907    0.315117    0.259182    0.212415    0.159537    0.079192    0.047172    
