 9    -5.595209    5.009082    0.045179
0.696245  -2.444617  -0.260982  -0.113475  -0.320669  0.034260  -0.922643  -1.114682  -0.286673  1.218300  1.229856  -1.262179  0.833652  -0.477234  -0.225393  0.186255  -1.199015  -0.142385  1.513019  -0.285775  -1.416254  0.304697  -0.822796  -0.260170  0.600818  0.509789  -1.562202  1.069096  1.442301  2.221508  0.054502  1.291572  0.768845  -0.674251  -0.997035  -1.768441  
-0.372532  0.242007  -0.301306  -0.214538  -0.275898  -0.261115  0.290653  0.257793  0.327923  
 1    -2.720513    0.257742      0.271088
 2    -4.436675    0.726031      0.109251
 3    -5.310043    0.929220      0.026892
 4    -5.535509    0.980947      0.005630
 5    -5.579285    0.993788      0.001502
 6    -5.588577    0.997842      0.000625
 7    -5.593416    0.999588      0.000169
 8    -5.593540    0.999594      0.000157
 9    -5.594744    0.999851      0.000044
10    -5.594745    0.999845      0.000044
5.136605    0.746701    
3.786983    4.927615    0.804060    0.423718    
3.479911    3.256998    4.142290    0.732561    0.560461    0.347114    
2.224008    3.342009    3.206759    3.677537    0.681831    0.615693    0.447655    0.251942    
1.626993    3.058742    2.826969    3.156420    3.582037    0.709513    0.570728    0.512136    0.395997    0.191339    
1.534106    2.866157    2.749641    2.969928    3.172674    3.787258    0.697169    0.558151    0.512259    0.418918    0.284221    0.096484    
1.427284    2.644286    2.551409    2.615653    2.797032    3.115646    4.049012    0.686314    0.531877    0.484225    0.411324    0.327175    0.211295    0.079640    
1.408083    2.595403    2.525330    2.579630    2.762989    3.073852    3.779397    5.906187    0.681823    0.527244    0.480821    0.409730    0.323580    0.204108    0.057838    1.556190    
1.335459    2.385381    2.259230    2.174841    2.155028    2.294530    2.863775    3.829242    6.077153    0.667641    0.493001    0.435402    0.367527    0.297433    0.253820    0.180432    0.069549    1.566678    
1.285255    2.361090    2.277939    2.189640    2.164545    2.387232    2.984360    6.283185    3.035350    4.143630    0.669387    0.503359    0.441093    0.373614    0.313435    0.261517    0.158248    1.529419    1.492173    1.538874    
