 9    -5.485742    6.334789    0.293449
-0.270164  0.934725  -0.978179  1.679502  -0.282496  -2.137573  -0.087249  -0.115780  1.694825  0.442736  0.904835  -0.777380  -0.167235  0.549352  0.270288  -0.407457  0.289694  -0.826243  0.196590  -0.202494  -0.952162  -0.713718  -1.209645  1.367745  -1.526735  -1.657416  0.561338  -0.300495  1.356880  0.349474  1.041995  -0.848362  -1.767157  -1.281304  0.645754  -0.422787  
0.288721  0.231396  -0.228471  -0.216928  -0.616197  -0.202339  0.226465  -0.114560  -0.331006  
 1    -2.423491    0.154592      0.259062
 2    -4.315220    0.587015      0.099024
 3    -4.992890    0.738885      0.041695
 4    -5.336604    0.853383      0.012617
 5    -5.406330    0.920074      0.006718
 6    -5.448460    0.946555      0.003154
 7    -5.462224    0.963846      0.001990
 8    -5.477082    0.991647      0.000733
 9    -5.482541    0.998101      0.000271
10    -5.484067    0.999078      0.000142
4.817999    0.780354    
3.301467    4.425761    0.667641    0.426467    
2.886386    3.123542    4.173515    0.645610    0.500593    0.292149    
2.491822    3.096786    2.767089    4.129555    0.668365    0.513336    0.375592    0.260383    
2.018199    2.548030    2.500745    2.732331    3.537742    0.621324    0.463066    0.415798    0.278786    0.204855    
1.488530    2.615977    2.513442    2.487269    2.758783    3.508585    0.654263    0.510461    0.422565    0.350481    0.250066    0.151148    
1.414847    2.404643    2.388887    2.416719    2.618610    3.036735    3.659925    0.642570    0.489344    0.424636    0.364330    0.293595    0.201571    0.082643    
1.436063    2.504855    2.396402    2.454213    2.665647    3.046245    3.104127    4.449941    0.661504    0.489715    0.425451    0.367143    0.291381    0.231897    0.129978    0.084965    
1.385383    2.313486    2.228067    2.264224    2.427145    2.707214    2.814632    3.311149    3.578965    0.646636    0.464314    0.407763    0.356463    0.299645    0.234457    0.184940    0.096175    0.073325    
1.270175    2.082557    2.103507    2.127147    2.203790    2.377695    2.634334    2.885332    3.494742    3.361573    0.623977    0.446919    0.400914    0.349510    0.302161    0.244881    0.207596    0.148335    0.092031    0.049298    
