 9    -5.772959    5.859375    0.151300
1.106323  0.363394  -0.936566  0.047962  0.263298  -0.084500  -0.391316  0.255723  0.376680  -0.973780  0.143114  -1.327974  2.457710  1.226160  -0.086657  -0.573588  -0.182010  -2.922650  1.607104  -0.050218  -0.684451  0.899178  -1.532244  0.367452  -1.576856  -0.121400  -0.714569  -1.170924  -0.583232  0.267610  1.852324  1.060063  -0.838641  -0.070460  -0.661715  -1.365817  
0.151130  -0.275222  -0.251401  -0.229649  0.195395  -0.224403  0.171929  0.936411  -0.114239  
 1    -2.157641    0.179228      0.310799
 2    -4.360616    0.508242      0.121415
 3    -5.144230    0.630233      0.054050
 4    -5.156838    0.598441      0.052966
 5    -5.242289    0.680253      0.045620
 6    -5.259199    0.709963      0.044167
 7    -5.302327    0.759413      0.040459
 8    -5.758416    0.979764      0.001250
 9    -5.342237    0.775537      0.037028
10    -5.369251    0.791509      0.034706
4.093333    0.445933    
2.840099    4.037844    0.609361    0.430147    
2.453977    2.907936    4.229967    0.600941    0.505377    0.296772    
2.426411    2.926242    4.314799    6.283185    0.598896    0.519770    0.284996    1.540026    
2.209563    2.901694    3.320460    6.283123    3.531854    0.596732    0.496943    0.333590    1.570796    1.439803    
2.165772    2.893738    3.116800    6.283023    3.628648    6.283185    0.588741    0.485790    0.324433    1.570796    1.370620    1.502060    
2.141588    2.878433    2.918174    5.611011    4.257106    3.365153    5.458563    0.588259    0.470647    0.337035    1.570796    1.379757    1.446615    1.453363    
1.254966    2.244886    2.222268    2.290466    2.417099    2.822996    2.681190    4.587339    0.628137    0.468429    0.408079    0.351503    0.278851    0.218967    0.145617    0.089682    
2.186263    2.906647    2.976737    5.672248    4.127793    4.316932    6.283185    6.283185    6.283185    0.594279    0.489973    0.327642    1.570796    1.381232    1.459910    1.425820    1.570796    0.089133    
2.187108    2.907447    2.921618    5.704935    4.226316    3.712359    6.283185    6.272069    6.272070    1.034465    0.595671    0.485647    0.329546    1.570796    1.363225    1.440708    1.415416    1.570796    0.000000    0.092654    
