 9    -4.521458    3.849725    0.352691
-1.749765  0.342680  1.153036  -0.252436  0.981321  0.514219  0.221180  -1.070043  -0.189496  0.255001  -0.458027  0.435163  -0.583595  0.816847  0.672721  -0.104411  -0.531280  1.029733  -0.438136  -1.118318  1.618982  1.541605  -0.251879  -0.842436  0.184519  0.937082  0.731000  1.361556  -0.326238  0.055676  0.222400  -1.443217  -0.756352  0.816454  0.750445  -0.455947  
0.312866  0.135054  -0.125939  -0.217389  0.194858  -0.117899  -0.134506  -0.990216  0.121461  
 1    -2.030834    0.215784      0.297524
 2    -3.246246    0.538662      0.152334
 3    -3.771394    0.714949      0.089601
 4    -4.179331    0.830221      0.040870
 5    -4.351012    0.921224      0.020361
 6    -4.439096    0.959641      0.009839
 7    -4.480238    0.980915      0.004924
 8    -4.506248    0.994520      0.001817
 9    -4.517202    0.998645      0.000508
10    -4.519871    0.999419      0.000190
5.050697    0.600626    
3.459142    4.376079    0.464915    0.447688    
2.964881    3.624425    3.906293    0.527601    0.387323    0.263326    
2.751249    3.514101    3.077689    4.830796    0.585313    0.477947    0.286988    0.251899    
2.422794    3.217845    2.989670    3.552289    3.609091    0.582856    0.453463    0.364140    0.199263    0.188097    
1.866806    3.116137    2.995717    3.115407    3.403617    3.759831    0.609901    0.467576    0.386046    0.307757    0.180561    0.144222    
1.721288    2.912693    2.882157    3.025498    3.154620    3.569168    3.875531    0.607218    0.465232    0.392051    0.315958    0.256621    0.145641    0.093300    
1.580737    2.810641    2.810176    2.913740    3.070018    3.507281    3.385489    4.504933    0.608574    0.457522    0.397669    0.333078    0.253047    0.217362    0.092236    0.073801    
1.454495    2.570182    2.615664    2.705074    2.814849    3.176691    3.262629    3.604501    3.976748    0.602103    0.440579    0.386607    0.332875    0.282050    0.210239    0.181118    0.065084    0.068136    
1.305678    2.271120    2.403784    2.494148    2.600235    2.783022    3.081192    3.182111    3.850594    3.635277    0.584003    0.419189    0.375649    0.328375    0.292367    0.230923    0.189966    0.143540    0.061719    0.052249    
