 9    -5.246688    6.573189    0.005203
0.238444  0.083739  -0.285309  0.820320  2.772535  1.922071  0.717749  0.194126  -1.362224  1.075911  0.656403  0.149734  0.320614  0.914567  -1.547847  2.150050  0.871377  -0.892210  0.312259  0.446726  -0.424200  1.268882  -0.513329  0.799139  1.440468  0.658850  0.837964  -0.497161  0.986576  -0.773761  -0.411618  -0.228449  -0.773643  1.023479  0.746771  -2.181157  
-0.168331  0.119784  0.974651  -0.138825  0.123045  0.180306  0.147623  0.155215  0.284317  
 1    -2.726264    0.285505      0.213236
 2    -4.049905    0.612720      0.101252
 3    -4.567153    0.794156      0.057491
 4    -4.858296    0.864427      0.032859
 5    -5.096979    0.947082      0.012666
 6    -5.186985    0.974946      0.005051
 7    -5.223434    0.988172      0.001967
 8    -5.235055    0.993171      0.000984
 9    -5.241865    0.998071      0.000408
10    -5.244883    0.999090      0.000153
5.981603    0.569004    
3.729865    4.144284    0.437846    0.425974    
2.768823    3.770980    3.181052    0.465620    0.356602    0.244741    
2.542330    3.521209    3.277754    4.196406    0.602815    0.462513    0.249146    0.242015    
2.397521    3.085142    2.934757    3.754465    3.225789    0.584883    0.450552    0.340813    0.192412    0.192019    
1.736473    2.916645    2.886786    3.045018    3.500562    3.357933    0.577868    0.459786    0.386760    0.286914    0.181439    0.148346    
1.558028    2.707692    2.693503    2.859403    2.966623    3.585820    3.284158    0.600494    0.442781    0.382716    0.324850    0.251867    0.151928    0.109683    
1.468348    2.474644    2.507734    2.618634    2.755300    2.970976    3.450480    3.220678    0.585547    0.426964    0.373966    0.315016    0.278136    0.200322    0.124606    0.079039    
1.390440    2.469077    2.535118    2.604989    2.711212    3.011757    3.210322    3.336182    4.014712    0.592746    0.431584    0.379492    0.328246    0.285021    0.213110    0.185721    0.072686    0.062094    
1.282849    2.235231    2.344250    2.420033    2.538116    2.699526    3.021876    3.092251    3.691781    3.593991    0.581661    0.413067    0.365901    0.324220    0.294319    0.235708    0.194205    0.156812    0.058338    0.056302    
