 9    -6.901379    4.589268    0.076733
-0.016842  1.193143  0.399772  -1.002405  -1.181365  -0.378506  -0.714387  -0.865035  1.730648  -0.959349  -0.173111  -1.518304  0.611202  0.386043  0.675178  0.119889  1.049504  0.194760  0.715019  -0.416904  -0.306104  0.760458  0.887064  1.471282  -0.290232  -1.620485  -2.252044  -0.289965  -0.387475  1.377674  -1.817218  -0.321535  0.621941  -0.265941  1.511721  -0.481059  
-0.327950  -0.216575  0.276440  0.247478  -0.287375  -0.286803  -0.273922  -0.001774  0.411010  
 1    -3.395821    0.180521      0.305079
 2    -5.692909    0.399402      0.105170
 3    -6.633920    0.489018      0.023276
 4    -6.819406    0.504481      0.007134
 5    -6.853027    0.508080      0.004208
 6    -6.859851    0.511107      0.003614
 7    -6.863202    0.512733      0.003322
 8    -6.863275    0.514635      0.003316
 9    -6.863534    0.520867      0.003294
10    -6.864275    0.529590      0.003229
6.133044    0.470109    
4.209352    5.394615    0.817787    0.435280    
3.651112    3.346448    4.237571    0.692419    0.509397    0.318539    
2.377956    3.413019    3.278991    3.815125    0.644863    0.564393    0.402216    0.225095    
1.601631    3.216121    2.988302    3.284893    3.818606    0.694529    0.544104    0.481663    0.368470    0.178027    
1.580366    3.088951    2.977585    3.218680    3.573811    4.492751    0.683201    0.538998    0.486130    0.386905    0.252463    0.072091    
1.437288    2.724203    2.642399    2.738885    3.041067    3.465053    4.559223    0.663147    0.498280    0.449855    0.387094    0.305602    0.190678    0.068398    
1.467574    2.814348    2.691410    2.793345    3.103483    3.548028    4.820298    6.147756    0.670298    0.504714    0.453854    0.384540    0.303309    0.189895    0.090428    0.016563    
1.487367    2.910340    2.719627    2.835915    3.156041    3.709501    4.819726    5.184176    5.064832    0.675079    0.511679    0.454405    0.381152    0.298881    0.189764    0.130009    0.082377    0.034311    
1.483886    2.849250    2.694452    2.806374    3.116954    3.661578    5.694888    5.734315    4.756827    5.134696    0.669447    0.504690    0.451611    0.375344    0.283269    0.162553    0.097383    0.104115    0.097526    0.041101    
