 9    -6.482641    5.687921    0.029225
-1.450948  1.910953  0.711879  -0.247738  0.361466  -0.032950  -0.221347  0.477257  -0.691939  0.792006  0.073249  1.303286  0.213481  1.017349  1.911712  -0.529672  1.842135  -1.057235  -0.862916  0.237631  -1.154182  1.214984  -1.293759  0.822723  -0.332151  -1.281429  0.218538  2.083474  -0.248218  0.267460  0.712514  -0.653608  0.162280  2.213380  -0.665534  -1.009003  
0.169531  0.224450  -0.169282  -0.206067  0.134281  -0.147265  -0.980041  -0.142522  -0.179747  
 1    -2.007724    0.021352      0.367684
 2    -4.864934    0.528947      0.132920
 3    -5.644138    0.647612      0.068896
 4    -5.665913    0.624569      0.067107
 5    -5.743104    0.548687      0.060764
 6    -5.780193    0.471641      0.057717
 7    -5.789824    0.486859      0.056926
 8    -5.819872    0.166463      0.054457
 9    -5.838871    0.346061      0.052896
10    -5.880594    0.556039      0.049467
5.111864    1.039520    
2.806986    4.896791    0.453117    0.517515    
2.933905    3.219636    5.669582    0.566552    0.497693    0.321563    
2.976279    3.254163    5.888812    0.561713    0.534257    0.516990    0.816436    1.049227    
2.934787    3.357571    6.107782    1.933258    6.283185    0.509512    0.574711    0.875445    0.976365    0.116657    
2.794451    3.523252    6.216277    2.295816    6.283185    2.345796    0.507552    0.607819    0.929379    0.949321    0.076457    0.087211    
2.745566    3.523438    6.213662    2.398218    6.283185    3.429544    2.359762    0.489938    0.613414    0.928137    0.959225    0.067662    0.152232    1.496496    
3.350786    2.965493    5.953611    2.729324    5.979006    4.111745    2.118255    6.283185    0.390464    0.598963    0.923516    0.994564    0.024801    0.644283    0.979047    0.115855    
3.357962    2.969026    5.949873    2.723389    5.975393    4.089858    2.112500    6.282983    3.533755    0.414482    0.596325    0.943292    0.997805    0.037919    0.736436    0.938457    0.008982    0.119638    
3.207163    3.164375    6.012935    2.821326    6.283185    3.616430    2.104871    6.283185    4.697890    4.056420    0.427943    0.600321    0.922777    1.011770    0.077436    0.841450    0.845865    0.000000    0.134014    1.554014    
