 9    -5.691604    5.042029    0.512324
0.430938  -0.542637  0.194046  0.385938  -0.267642  0.217277  -0.090503  -1.006812  0.651659  0.164604  -0.647003  0.385322  1.784355  -0.112984  1.501999  0.249831  0.201717  -0.118379  -2.445190  -0.479024  -0.094391  0.396033  -0.461941  -0.823301  -1.196468  -0.730448  -0.438865  -1.367512  -0.588236  -0.004564  -0.043706  1.223881  -1.818261  -0.360588  -2.257409  -0.648768  
-0.186294  0.258294  -0.222129  -0.194811  -0.136038  -0.750545  -0.195110  -0.144444  -0.300653  
 1    -2.852943    0.249353      0.264464
 2    -4.374025    0.594313      0.122752
 3    -4.969353    0.770523      0.067289
 4    -5.420745    0.882080      0.025235
 5    -5.576754    0.949806      0.010700
 6    -5.642310    0.971616      0.004592
 7    -5.666820    0.983353      0.002309
 8    -5.680091    0.996188      0.001073
 9    -5.688314    0.999146      0.000306
10    -5.690134    0.999629      0.000137
6.048172    0.656050    
3.257317    3.972028    0.562941    0.408937    
2.754430    3.172537    3.634486    0.587063    0.420004    0.249822    
2.532783    3.188595    2.938986    3.988660    0.646541    0.499569    0.318215    0.241517    
2.224623    2.749093    2.604787    3.024664    3.175546    0.610842    0.456296    0.378785    0.226953    0.178564    
1.516723    2.726660    2.644833    2.649385    2.968429    3.295568    0.631106    0.493499    0.409245    0.329325    0.209953    0.135913    
1.444013    2.455155    2.435078    2.512659    2.640713    3.115996    3.157689    0.633742    0.465956    0.404329    0.345465    0.276759    0.170250    0.088059    
1.400873    2.495848    2.467014    2.538574    2.694216    3.134252    3.093224    4.191120    0.636091    0.473455    0.412754    0.355851    0.275663    0.219614    0.101657    0.056177    
1.347084    2.286977    2.275508    2.324847    2.421376    2.711119    2.850104    3.170976    3.699428    0.627298    0.448300    0.395720    0.344210    0.295932    0.219175    0.184544    0.074783    0.059369    
1.199354    1.995362    2.116677    2.163612    2.240135    2.369335    2.661444    2.815698    3.415625    3.324660    0.600857    0.428845    0.387728    0.340255    0.302543    0.243783    0.199497    0.150735    0.067506    0.046857    
