 9    -5.115162    6.708566    0.058519
-0.000432  -1.841434  -0.203556  -0.624784  -1.219408  -1.390574  -1.150531  0.491366  0.054424  0.097679  0.567014  -0.634688  -0.084317  2.237933  1.307675  -0.653678  0.796986  0.879571  1.715826  -0.195418  -0.504751  1.175331  -1.889992  0.104471  -0.910703  -0.366799  -3.151341  0.559314  1.007451  0.443932  -0.758146  -1.414866  1.207394  -0.785814  -1.332247  -1.326884  
-0.253720  0.194222  -0.197944  -0.186583  0.177253  0.999253  -0.147069  -0.186753  -0.231169  
 1    -1.152300    0.088886      0.335162
 2    -4.112820    0.611165      0.084774
 3    -4.495037    0.710649      0.052447
 4    -4.933523    0.846094      0.015362
 5    -4.953594    0.893976      0.013665
 6    -5.017434    0.970492      0.008265
 7    -5.020599    0.976128      0.007998
 8    -5.045724    0.982483      0.005873
 9    -5.047047    0.984004      0.005761
10    -5.049811    0.980535      0.005527
2.728132    0.341693    
2.516884    3.777398    0.448374    0.495087    
2.271945    2.672474    3.702564    0.522680    0.435887    0.273796    
2.180418    2.450645    2.095367    4.568733    0.575155    0.463385    0.341993    0.312659    
2.169695    2.478203    2.161725    4.929328    3.823326    0.581366    0.461266    0.349214    0.301644    1.514542    
2.039350    2.562793    2.202546    5.037645    4.705431    1.081762    0.589356    0.472313    0.392154    0.444253    1.067077    0.497790    
1.990916    2.571736    2.212061    4.979773    4.565553    1.227973    3.655758    0.592653    0.480523    0.391454    0.446296    1.082319    0.472620    1.531091    
1.899923    2.552241    2.228745    4.984891    4.409506    1.729690    4.983636    6.283185    0.599094    0.457433    0.420969    0.399016    1.134395    0.279934    1.318012    1.499837    
1.925207    2.558954    2.201679    4.979188    4.451932    1.784960    4.888015    5.950921    2.311966    0.595593    0.458303    0.417795    0.402458    1.133605    0.303094    1.307937    1.503908    1.539867    
1.951753    2.544465    2.203683    4.998233    4.446847    1.761616    5.019326    5.885947    2.294385    5.180484    0.597741    0.455298    0.422043    0.398722    1.126853    0.300150    1.328688    1.570796    1.570376    0.060937    
