 9    -4.112956    5.444159    0.049744
-0.865377  -0.906804  -0.216282  -1.436207  -1.287836  0.000968  0.262022  -0.588278  -0.086633  2.495468  0.738580  -1.138786  -0.119129  -1.040382  -0.558895  -1.008352  0.341405  0.190311  -0.480779  -0.992802  1.018609  0.358448  -0.657133  -0.287619  0.822581  -0.732660  0.836864  1.419409  -0.925479  -1.002656  1.329515  -0.938496  0.955065  -0.270918  -0.642081  -0.070753  
-0.227441  -0.176285  -0.900000  0.156918  -0.188060  -0.226219  0.210775  -0.300550  0.108696  
 1    -1.660138    0.173547      0.256648
 2    -3.134904    0.513122      0.102338
 3    -3.520725    0.619411      0.061968
 4    -3.849182    0.757183      0.027600
 5    -3.952453    0.845637      0.016794
 6    -3.996255    0.929692      0.012211
 7    -4.014652    0.956941      0.010286
 8    -4.021906    0.952345      0.009527
 9    -4.035095    0.964817      0.008147
10    -4.091506    0.989767      0.002244
3.376567    0.570374    
2.692636    3.676684    0.502782    0.454037    
2.369824    2.771421    3.806493    0.560557    0.448669    0.270889    
2.147262    2.690076    2.372186    4.072815    0.604621    0.479334    0.326640    0.275659    
1.796287    2.428180    2.335710    2.623696    3.105513    0.595570    0.455599    0.385036    0.221207    0.209343    
1.865782    2.480994    2.354205    2.858405    2.731718    6.253732    0.588920    0.461612    0.377645    0.216053    0.268331    0.102456    
1.947802    2.498878    2.326461    2.876283    2.630340    6.163939    6.283185    0.591751    0.459144    0.373376    0.209533    0.270108    0.172420    0.076206    
1.887168    2.433450    2.307542    2.738945    2.662872    6.057100    5.936406    3.909446    0.587929    0.461931    0.383506    0.231536    0.281320    0.164120    0.076318    0.043603    
1.807361    2.426127    2.320031    2.689028    2.716065    5.946352    5.724209    4.651605    6.268384    0.588977    0.463805    0.386187    0.226769    0.271161    0.136924    0.077745    0.000000    1.513817    
1.312467    2.387135    2.352695    2.378897    2.643661    2.860075    6.102778    6.283185    5.650464    5.841677    0.637744    0.482696    0.405002    0.335686    0.200412    0.220538    0.126224    0.024749    1.477685    1.493709    
