 9    -5.708878    5.266662    0.239176
0.120886  0.610718  -0.940969  -1.296675  -0.444179  -1.381420  0.602617  -0.815498  1.472935  -0.054761  0.049716  -1.540904  -1.109380  -1.381756  3.932359  -0.255963  1.355360  -0.172457  -0.880102  0.905413  0.530236  0.473998  -0.589417  -0.877020  0.452247  -2.293872  0.450996  -0.950069  1.582639  -1.208071  0.558386  -0.141408  -1.126877  -0.168347  1.173746  0.844190  
-0.266208  0.235752  -0.144600  -0.214582  -0.199873  0.842759  -0.161436  0.202811  -0.257454  
 1    -2.682840    0.189749      0.275707
 2    -4.369958    0.573842      0.121991
 3    -5.086252    0.670579      0.056729
 4    -5.099770    0.651726      0.055497
 5    -5.305939    0.754012      0.036712
 6    -5.383001    0.778444      0.029691
 7    -5.401169    0.841358      0.028036
 8    -5.423350    0.863939      0.026015
 9    -5.431244    0.883695      0.025296
10    -5.439509    0.900757      0.024543
4.501546    0.754505    
2.846045    4.034006    0.576297    0.458745    
2.507690    2.798475    4.217151    0.588088    0.491458    0.297753    
2.461471    2.815093    4.255070    6.283185    0.582522    0.500006    0.284184    1.540590    
2.112592    2.815733    2.915664    6.283185    4.354908    0.571460    0.483778    0.348011    1.570796    1.384986    
1.962673    2.664898    2.860067    5.687742    3.759455    5.285895    0.541413    0.477522    0.351381    1.570796    1.299906    1.415197    
1.909315    2.685075    2.931294    5.756021    3.827481    6.267747    3.074489    0.537758    0.487569    0.356229    1.570796    1.292052    1.423940    0.064644    
1.917186    2.666520    2.865593    5.752540    3.824898    6.111408    4.142084    0.654919    0.534677    0.481025    0.360353    1.570796    1.269129    1.336857    0.418303    1.174121    
1.930890    2.675216    2.854551    5.758994    3.830567    6.283185    3.846479    0.340558    1.932224    0.536632    0.482509    0.360993    1.570796    1.256512    1.324323    0.737594    0.932676    1.479051    
1.941916    2.669404    2.865855    5.758118    3.829845    6.283185    3.309101    0.537405    2.285163    5.066100    0.537842    0.485263    0.360610    1.570796    1.249077    1.317373    1.344528    0.413615    1.439292    0.084447    
