 9    -5.478623    4.651783    0.960503
-0.579335  -0.256799  -1.403429  0.787643  -0.286088  0.092368  0.611031  -0.920969  -0.368623  0.503275  -0.321653  -0.481067  0.552648  -0.557544  0.445270  -1.708090  -0.378939  -0.515746  -0.074162  0.108905  -0.032169  -1.117253  -1.123964  0.887982  -1.546497  -1.978429  -0.450414  0.033444  -0.710081  0.783386  3.122988  -0.625987  0.381826  -0.138658  0.407728  0.190208  
0.316790  0.217069  0.264969  0.290814  0.220289  0.314019  -0.316579  0.216105  0.206201  
 1    -2.774283    0.329904      0.266953
 2    -4.335442    0.682582      0.112846
 3    -5.183979    0.906987      0.029085
 4    -5.384686    0.954371      0.009273
 5    -5.429763    0.973779      0.004823
 6    -5.463229    0.995149      0.001520
 7    -5.474172    0.998280      0.000439
 8    -5.476338    0.998857      0.000226
 9    -5.477212    0.999564      0.000139
10    -5.477250    0.999602      0.000136
5.924486    0.525202    
4.194369    5.263662    0.808523    0.425622    
3.740980    3.770251    4.231548    0.733895    0.535824    0.309210    
2.605080    3.506511    3.434884    3.836998    0.664717    0.572559    0.421052    0.222225    
1.971173    3.405928    3.079888    3.347774    3.829745    0.679779    0.563455    0.461013    0.354583    0.151563    
1.795927    3.238799    3.050133    3.342672    3.709615    4.767767    0.674703    0.552230    0.488896    0.389545    0.259174    0.087831    
1.504453    2.873268    2.820421    2.873400    3.150478    3.546843    4.523016    0.680391    0.527768    0.475493    0.408181    0.322873    0.209638    0.083161    
1.416618    2.634415    2.539737    2.391546    2.377424    2.653301    3.267743    4.298984    0.666589    0.499004    0.429809    0.359317    0.295557    0.252206    0.175732    0.074701    
1.447291    2.689631    2.595973    2.509782    2.532369    2.655583    3.176130    4.124955    5.023359    0.670463    0.504925    0.442632    0.376459    0.304852    0.251923    0.186538    0.112836    0.025232    
1.449296    2.699183    2.597022    2.489313    2.507548    2.649741    3.187545    4.176470    4.940638    6.251629    0.671350    0.505849    0.440364    0.372693    0.301626    0.251236    0.184664    0.105835    0.016653    1.566198    
