 9    -6.337609    4.675609    0.216753
-1.347907  0.938718  1.021825  0.788287  -2.600565  0.373243  -1.052956  0.132503  0.415469  -0.735163  2.955965  1.631560  -0.638114  -1.002116  -0.091526  -0.602506  -0.684845  -0.295842  0.911793  0.673155  0.771728  0.885360  -0.357356  0.310439  -0.297568  0.015547  -0.755597  1.064481  1.147830  -0.308416  0.280121  -0.869412  -0.171759  -3.018073  -0.884095  -0.436185  
0.270327  0.232588  -0.258396  0.073971  -0.230438  0.089756  0.189724  0.131689  0.987200  
 1    -2.568348    0.077681      0.342249
 2    -4.708237    0.441099      0.147947
 3    -5.501041    0.582363      0.075960
 4    -6.017055    0.728672      0.029106
 5    -6.173510    0.791443      0.014900
 6    -6.250691    0.841235      0.007892
 7    -6.276763    0.882301      0.005525
 8    -6.308638    0.955396      0.002631
 9    -6.320744    0.972717      0.001531
10    -6.326297    0.983895      0.001027
5.146919    0.843421    
3.389039    4.500818    0.568240    0.400687    
2.840458    3.646186    4.663808    0.617000    0.471683    0.292259    
2.463351    3.525785    3.345712    4.406478    0.633333    0.508887    0.340550    0.244134    
1.954431    3.125364    3.108451    3.417792    3.917315    0.615672    0.484815    0.415376    0.265443    0.177236    
1.705324    3.026610    2.952976    3.018993    3.364675    3.869557    0.639881    0.488413    0.411209    0.336046    0.212629    0.129544    
1.604539    2.845853    2.859848    2.945810    3.145224    3.632353    4.077579    0.629004    0.484119    0.416997    0.346114    0.272536    0.167754    0.075856    
1.632005    2.877860    2.856996    2.944086    3.157219    3.629208    3.718752    4.648266    0.634181    0.477170    0.415230    0.350187    0.267590    0.221489    0.100752    0.078087    
1.481965    2.609394    2.682464    2.775399    2.935542    3.332082    3.457051    4.056024    3.903772    0.617486    0.460203    0.408188    0.352322    0.292506    0.227027    0.174481    0.085844    0.065009    
1.373139    2.515431    2.644762    2.731535    2.858647    3.173565    3.357774    3.770286    3.890043    4.302859    0.617029    0.467059    0.414330    0.359467    0.307138    0.246419    0.189597    0.132574    0.080545    0.042446    
