 9    -5.280487    4.075675    0.020743
0.045279  -0.499267  -1.271602  -0.517983  0.510143  -0.288202  -0.237575  -0.498752  -0.734063  1.241094  0.074512  0.214214  0.209978  -1.570645  -0.863728  1.809023  0.669490  -0.298024  -0.167692  -2.031620  1.059673  -2.258756  -0.929584  -0.955863  1.005101  0.164662  0.974701  0.318961  0.884123  1.323747  -0.590289  0.275798  -1.551299  -0.529185  0.183199  0.274387  
0.189813  -0.276979  -0.297579  0.310077  0.294514  -0.189117  -0.073408  -0.413926  -0.137831  
 1    -2.673328    0.098234      0.278657
 2    -4.332952    0.154821      0.101274
 3    -4.951789    0.161678      0.035132
 4    -5.129128    0.136976      0.016177
 5    -5.197509    0.081261      0.008869
 6    -5.237064    0.060391      0.004641
 7    -5.250283    0.049077      0.003228
 8    -5.255555    0.031327      0.002665
 9    -5.258426    0.023605      0.002358
10    -5.259290    0.020301      0.002266
5.238691    0.566871    
4.474009    5.388160    0.763823    0.401665    
3.797505    4.041531    4.493390    0.689188    0.509819    0.273650    
2.976281    3.657794    3.678830    4.223489    0.640315    0.517800    0.384917    0.184961    
2.892858    3.570630    3.631546    4.102975    5.292645    0.631473    0.520211    0.393948    0.271718    0.096069    
2.031456    3.376274    3.249161    3.607964    4.204937    5.323175    0.626874    0.513611    0.435096    0.337661    0.224256    0.093051    
1.643434    3.102875    3.054419    3.185656    3.623700    4.152028    4.961479    0.647407    0.503097    0.441130    0.372781    0.280734    0.179574    0.082177    
1.604324    3.034452    3.009525    3.108567    3.475660    3.946593    4.699564    5.140771    0.647941    0.502473    0.441218    0.380089    0.304214    0.209040    0.130252    0.042029    
1.475427    2.776424    2.814978    2.836117    3.090373    3.428442    3.886336    4.482397    5.321858    0.641000    0.486401    0.423719    0.375420    0.314169    0.244279    0.166432    0.109194    0.036089    
1.336761    2.478149    2.606791    2.632967    2.722304    2.911096    3.286671    3.825184    4.340510    5.221319    0.625918    0.468017    0.410481    0.366740    0.311035    0.257688    0.206448    0.146429    0.093630    0.032425    
