 9    -3.528878    3.916788    0.018072
0.709056  0.857144  1.688367  2.164774  -0.970375  1.072576  1.688920  0.015477  -0.012332  0.213066  0.651998  -0.178201  -0.044454  0.014322  0.032892  -0.075229  0.562198  -0.798122  0.466570  -1.022600  -0.664590  0.718755  -0.118972  0.880513  -1.007053  -0.598255  1.452177  -0.683331  0.170553  0.251468  -1.086515  -0.127056  -0.801120  0.643634  -0.408132  0.304167  
0.289543  0.032948  -0.684153  -0.193915  -0.205321  0.222723  0.200323  -0.319474  0.159321  
 1    -1.661064    0.161565      0.250859
 2    -2.774775    0.410265      0.101281
 3    -3.159943    0.521714      0.049550
 4    -3.366773    0.626645      0.021772
 5    -3.422963    0.667975      0.014225
 6    -3.450258    0.709492      0.010559
 7    -3.464425    0.758616      0.008656
 8    -3.476185    0.800314      0.007077
 9    -3.489524    0.868273      0.005285
10    -3.495708    0.908800      0.004455
4.149348    0.581622    
3.426530    4.511415    0.630360    0.397606    
2.849973    3.412343    4.534909    0.620575    0.500063    0.282173    
2.369357    3.302441    3.096744    4.338755    0.639297    0.507839    0.369583    0.241807    
1.784705    2.919846    2.950466    3.144882    3.997008    0.629423    0.495265    0.426815    0.301078    0.183444    
1.618572    2.847402    2.771595    2.831405    3.185685    3.941248    0.641411    0.495943    0.416470    0.337061    0.237322    0.120397    
1.575175    2.867913    2.811506    2.856663    3.177902    3.569981    5.067117    0.646299    0.500901    0.426085    0.346031    0.263531    0.182500    0.077953    
1.544166    2.694048    2.681163    2.765790    3.002566    3.452467    3.709982    4.556704    0.643222    0.482855    0.419984    0.354551    0.282929    0.219486    0.124067    0.076102    
1.601327    2.843567    2.797150    2.879279    3.201220    3.566284    4.371235    3.783602    5.886798    0.648628    0.492142    0.425978    0.346677    0.262691    0.202636    0.116821    0.120563    0.073809    
1.606177    2.893407    2.831622    2.902573    3.242355    3.536556    4.930678    3.453411    5.855052    6.283185    0.651644    0.496576    0.426385    0.344950    0.258612    0.193500    0.110786    0.090131    0.115930    0.050171    
