 9    -4.214233    5.748454    0.106205
1.415251  0.219463  -0.718165  -0.944054  -0.116164  0.462922  0.910378  -0.360768  -0.283324  0.908532  -2.179756  0.817572  -0.543350  -0.058177  -0.193823  -1.548497  1.024911  -1.174386  1.714655  -0.665776  -0.677361  -2.201595  -0.396134  0.140625  -0.952711  -0.290926  -1.226109  0.732937  -0.346134  1.466360  0.202895  2.018910  -0.173823  0.958717  -0.066130  0.927002  
-0.355370  0.237651  -0.226679  -0.293879  -0.302055  -0.223985  0.262959  -0.268362  0.344328  
 1    -1.498247    0.181739      0.272616
 2    -3.306285    0.713035      0.091135
 3    -4.011950    0.932427      0.020304
 4    -4.171148    0.980001      0.004325
 5    -4.197398    0.992320      0.001690
 6    -4.207919    0.997963      0.000634
 7    -4.212840    0.999623      0.000140
 8    -4.212927    0.999630      0.000131
 9    -4.213550    0.999691      0.000069
10    -4.213268    0.999652      0.000097
2.658594    0.457820    
3.858318    5.265251    0.843759    0.450944    
3.411548    3.431339    4.147956    0.737469    0.557705    0.336271    
2.313943    3.420823    3.234731    3.667157    0.685613    0.606098    0.436799    0.244600    
1.653608    3.164221    2.897223    3.185020    3.590836    0.712130    0.575388    0.507848    0.390214    0.187468    
1.595329    2.981253    2.880502    3.118468    3.360324    4.137703    0.697271    0.564498    0.518843    0.416945    0.280133    0.087330    
1.414167    2.666526    2.605563    2.668288    2.875729    3.199556    4.107688    0.682776    0.532216    0.485800    0.416842    0.335302    0.218792    0.084583    
1.390952    2.621127    2.570757    2.621627    2.830000    3.141356    3.792485    6.171815    0.679846    0.528484    0.480521    0.415835    0.332979    0.213267    0.065564    1.556318    
1.293226    2.368397    2.304470    2.226823    2.183531    2.387395    3.074505    6.056553    2.820385    0.662182    0.495802    0.436831    0.372213    0.301027    0.250032    0.153377    1.570796    1.531857    
1.346131    2.495835    2.446401    2.376597    2.544535    2.967249    6.110885    2.060748    3.981661    3.537305    0.667067    0.513248    0.453021    0.390435    0.319746    0.225479    1.570796    1.438267    1.480858    1.543205    
