 9    -5.805392    4.290402    0.214569
1.280115  -0.016914  1.288989  -1.524326  0.398734  0.280433  -0.312277  -1.152803  0.120756  -0.404666  1.486642  0.080295  -1.019572  -0.430669  0.541674  1.054699  1.378783  -1.434888  0.590506  0.855630  1.783113  -0.286104  0.756642  -0.847527  -0.569789  -0.195802  1.186094  1.019666  -2.608798  -0.137581  -0.439699  -0.423520  -0.612113  0.225944  -0.175011  -0.477333  
0.283333  -0.202907  -0.234075  0.000125  0.200213  -0.815747  -0.154552  0.204876  0.217762  
 1    -2.373364    0.096602      0.339946
 2    -4.417955    0.342611      0.137427
 3    -5.016296    0.418515      0.078161
 4    -5.470680    0.462187      0.033154
 5    -5.615807    0.489619      0.018779
 6    -5.674995    0.497364      0.012916
 7    -5.690465    0.499505      0.011384
 8    -5.693134    0.500301      0.011119
 9    -5.696696    0.500864      0.010766
10    -5.697659    0.501060      0.010671
4.031809    0.739471    
3.182201    3.943252    0.537225    0.418024    
2.653920    3.197837    3.593276    0.572468    0.409840    0.252802    
2.451123    3.151244    2.933618    4.030360    0.630268    0.490900    0.302535    0.241208    
2.077666    2.709775    2.633656    3.104979    3.198468    0.596825    0.452431    0.376885    0.221052    0.178671    
1.449661    2.662360    2.619755    2.667671    3.032277    3.293156    0.625465    0.479971    0.401788    0.324258    0.200048    0.134784    
1.353633    2.325036    2.356359    2.479889    2.618552    3.148989    3.098201    0.623586    0.444552    0.392224    0.340955    0.270545    0.164725    0.091935    
1.339852    2.350893    2.404666    2.515817    2.677825    3.146791    3.151106    4.226442    0.621033    0.453691    0.401250    0.347337    0.273667    0.202161    0.098391    0.038328    
1.273446    2.163623    2.205386    2.273953    2.393922    2.673796    2.903403    3.158918    3.884979    0.609033    0.430333    0.380939    0.332651    0.288845    0.212492    0.174626    0.069691    0.047935    
0.990356    1.849067    2.154181    2.226810    2.312719    2.467499    2.734805    2.946111    3.389173    3.666161    0.582886    0.447591    0.398446    0.349784    0.312355    0.258727    0.201272    0.154927    0.067792    0.044338    
