 9    -4.881144    5.821934    0.335218
0.865590  -0.505806  0.978056  0.089766  -0.313105  -0.997138  -0.062213  -0.719255  0.387988  0.285235  -2.107092  1.542011  -0.122495  -0.217374  1.046019  1.691346  1.035376  -0.154498  0.326185  -1.045922  -0.085956  -0.631021  -1.049734  0.551428  0.243106  -1.882774  1.321947  -0.329868  -1.139055  1.343185  -1.124240  0.546957  1.477139  -1.810112  -1.513006  1.365347  
-0.050413  0.378464  0.096253  -0.206618  0.239192  -0.188529  -0.945007  0.177383  -0.243101  
 1    -2.632501    0.159317      0.210093
 2    -3.607226    0.347656      0.119024
 3    -4.052347    0.399694      0.077435
 4    -4.062625    0.392227      0.076475
 5    -4.256622    0.658423      0.058350
 6    -4.370514    0.761310      0.047709
 7    -4.396022    0.751977      0.045325
 8    -4.414205    0.773427      0.043627
 9    -4.450515    0.845992      0.040234
10    -4.455048    0.843526      0.039811
4.176307    0.659534    
2.351008    3.262955    0.486360    0.464156    
2.292688    2.555714    4.183963    0.584046    0.500664    0.275551    
2.268204    2.587561    4.539974    3.348841    0.582559    0.520538    0.287667    1.531020    
2.314507    2.602584    5.470268    4.102737    1.688094    0.551760    0.531694    0.369785    1.321743    0.304976    
2.233885    2.683866    5.622686    3.340224    2.758052    6.283185    0.561972    0.531879    0.360961    1.387258    0.319903    0.137339    
2.265587    2.699821    5.627095    3.463126    2.648726    6.157798    5.235444    0.569638    0.532214    0.366140    1.372564    0.319824    0.185612    0.074368    
2.278253    2.700568    5.632280    3.467990    2.607767    6.014613    5.388271    6.283185    0.567964    0.535300    0.367958    1.376001    0.316647    0.168766    0.115895    0.060790    
2.210955    2.732854    5.701308    3.250032    2.905467    6.205572    6.283185    6.283185    5.280420    0.566732    0.533413    0.364524    1.381369    0.334849    0.187366    0.062455    0.104398    0.085212    
2.220080    2.729248    5.683449    3.318248    2.823638    6.189841    6.283185    6.283185    4.941733    5.473424    0.567743    0.533603    0.365758    1.384308    0.336407    0.196368    0.061501    0.080586    0.105184    0.036472    
