 9    -4.735405    4.970444    0.409822
0.277660  1.805239  -0.840097  -0.895218  0.561813  -0.478703  0.312600  -1.203183  -1.609399  -0.798519  -0.206177  -0.118149  0.223079  0.612972  1.086046  0.936871  -0.778794  1.019699  0.968641  1.117000  -0.644645  -0.159126  -1.731727  2.054992  -1.788954  -1.960834  0.559302  -0.342946  -0.961238  -0.595871  -0.255397  -0.446996  0.118446  -0.238217  -0.162742  1.358204  
0.304030  -0.178145  -0.234039  0.231079  0.148307  0.910463  0.066597  0.196026  0.204397  
 1    -1.654087    0.117622      0.317470
 2    -3.606769    0.517018      0.116284
 3    -4.104897    0.671016      0.064962
 4    -4.461199    0.775931      0.028252
 5    -4.596807    0.847795      0.014280
 6    -4.627776    0.909748      0.011089
 7    -4.632158    0.897045      0.010638
 8    -4.649327    0.938290      0.008869
 9    -4.651692    0.946939      0.008625
10    -4.654704    0.959755      0.008315
4.974091    0.371616    
3.007464    3.702846    0.543057    0.420893    
2.536599    2.943531    3.244125    0.560450    0.403315    0.247835    
2.352313    2.935617    2.661747    3.810875    0.615629    0.484334    0.292446    0.232180    
2.121838    2.579202    2.388000    2.889416    2.907439    0.591876    0.444272    0.356387    0.201568    0.173239    
2.169639    2.573684    2.399364    3.001505    2.723515    6.283185    0.592218    0.450302    0.358995    0.203001    0.234958    0.077480    
2.094094    2.541533    2.402080    2.906130    2.772305    6.283185    3.368276    0.593143    0.450408    0.364333    0.219007    0.239174    0.074718    1.548326    
2.015246    2.533233    2.412145    2.820685    2.887474    6.256221    4.468335    1.055912    0.589364    0.450396    0.373494    0.233971    0.265224    0.138056    1.469693    0.119534    
2.064965    2.547960    2.398495    2.839732    2.858256    6.283185    3.991143    1.843590    6.283185    0.590615    0.447989    0.370457    0.222593    0.264471    0.148316    1.519728    0.106832    0.029811    
2.090641    2.574464    2.398734    2.861272    2.838570    6.283185    3.713184    2.231066    6.283185    6.283185    0.592290    0.448193    0.366168    0.212349    0.256442    0.144730    1.533912    0.089363    0.000000    1.541134    
