 9    -4.594427    4.129425    0.151757
1.387236  0.963562  -0.944981  1.624400  0.264741  0.367542  0.797701  -0.556226  -0.100179  0.323385  -1.814105  -0.930862  1.097972  0.485753  0.527625  0.093865  -1.150458  0.466368  0.442111  0.138366  -0.105991  -0.839403  1.688002  -0.084315  -1.454174  0.424841  -1.326656  -0.408164  0.721783  -0.506090  0.158791  -0.984932  -1.100238  0.121549  -0.658298  0.178232  
-0.272674  0.213925  0.170072  -0.793998  0.204998  0.243305  -0.171522  0.140390  0.018129  
 1    -1.793212    0.025970      0.321098
 2    -3.273353    0.067718      0.151432
 3    -3.552172    0.059961      0.119472
 4    -3.758009    0.040506      0.095877
 5    -3.810301    0.086447      0.089883
 6    -3.838607    0.100422      0.086638
 7    -3.867116    0.107277      0.083370
 8    -3.931538    0.171713      0.075986
 9    -4.012230    0.236484      0.066736
10    -4.075531    0.326633      0.059480
5.916904    0.922245    
3.034945    3.661053    0.533416    0.407571    
2.467999    2.968822    3.381087    0.541946    0.415226    0.222040    
2.255604    2.925323    2.749265    3.968547    0.623551    0.475325    0.309954    0.231921    
2.385759    2.976183    2.867153    4.685887    5.921330    0.616225    0.474058    0.323935    0.088800    1.426013    
2.250827    2.868674    2.567503    3.603542    6.283185    3.700800    0.615423    0.444384    0.326645    0.105186    1.439823    1.474603    
2.113620    2.729621    2.519628    3.592707    6.196661    3.592390    4.034304    0.604969    0.436408    0.342268    0.118456    1.370810    1.430494    1.468877    
1.634368    2.498701    2.861894    3.870921    6.283185    4.080050    5.107615    6.224172    0.618948    0.460147    0.435979    0.219597    1.409203    1.402121    1.570796    0.117802    
1.358742    2.513105    2.825606    3.631528    6.197887    4.075351    4.251009    5.865773    6.230092    0.686255    0.454828    0.453029    0.269382    1.408547    1.365948    1.468706    0.145616    0.139744    
1.458059    2.616932    2.703036    3.445341    6.283185    4.216304    4.777095    6.283185    4.398552    4.039241    0.683903    0.469837    0.414358    0.338792    1.480807    1.301992    1.511398    0.221548    0.147212    0.128176    
