 9    -6.411604    5.184329    0.554599
-1.485170  -0.260205  -1.424565  -0.891399  0.761163  -0.698757  -0.396650  1.243787  0.074518  -0.322948  1.461472  1.241821  0.259419  1.071688  -0.130218  1.885784  -0.705359  0.335575  0.568752  -0.916734  -1.059760  -1.918972  1.679736  -1.131580  -1.168810  -0.301069  3.244311  1.609465  -1.323539  -1.015974  -0.859412  1.091355  -0.047849  0.167719  1.658327  -0.051820  
0.379239  0.242605  0.135319  0.291826  0.292506  -0.294947  -0.245393  0.254192  0.271288  
 1    -2.827874    0.196823      0.309051
 2    -5.060734    0.675983      0.116495
 3    -6.044807    0.892434      0.031632
 4    -6.297183    0.945745      0.009867
 5    -6.348076    0.964950      0.005478
 6    -6.392673    0.993625      0.001633
 7    -6.405357    0.997327      0.000539
 8    -6.407479    0.999015      0.000356
 9    -6.407872    0.999158      0.000322
10    -6.407886    0.999158      0.000321
4.564422    0.365967    
4.062874    5.230002    0.800486    0.421129    
3.615200    3.736813    4.300378    0.731016    0.547433    0.317012    
2.549498    3.506913    3.415702    3.842545    0.668030    0.578942    0.424003    0.228063    
1.831177    3.372967    3.070570    3.349771    3.834233    0.688084    0.567792    0.476676    0.369812    0.165654    
1.807690    3.228526    3.044586    3.426332    3.801309    5.004996    0.668526    0.552957    0.491332    0.389926    0.257295    0.094831    
1.482560    2.908003    2.802966    2.898326    3.196479    3.591312    4.619671    0.674581    0.529711    0.476651    0.405214    0.316897    0.204150    0.089518    
1.525455    2.955589    2.837774    2.950911    3.238380    3.611927    4.534769    5.232188    0.681163    0.533241    0.482523    0.411405    0.330130    0.219050    0.128215    0.028338    
1.527818    2.925776    2.822144    2.930258    3.232357    3.608551    4.720582    5.194950    6.085032    0.677837    0.529001    0.479552    0.406249    0.321004    0.209272    0.105264    0.000000    1.554750    
1.521571    2.910080    2.819103    2.924503    3.231466    3.605879    4.729266    5.391030    5.849894    3.645771    0.675908    0.527918    0.479376    0.406490    0.321452    0.209970    0.105205    0.000000    1.554252    1.569647    
