 9    -4.328338    4.504586    0.094615
-0.659308  -0.719588  -0.144427  -0.408353  0.227388  0.597708  -0.412917  -0.404949  0.066307  0.000811  -0.183957  1.244675  0.437136  -1.128792  -0.263570  0.076330  -1.121988  -0.142288  0.212140  -1.121190  1.833720  0.847114  0.872530  0.540815  1.087129  -1.317686  0.710090  -0.279298  2.268642  0.533366  -1.577294  0.101431  0.722313  -0.766399  0.378545  0.005866  
0.201847  0.227339  -0.230756  0.213536  -0.733999  -0.198415  -0.215951  -0.083847  0.355219  
 1    -1.528457    0.075349      0.316982
 2    -3.164601    0.148298      0.131750
 3    -3.541080    0.117404      0.089128
 4    -3.570161    0.166829      0.085835
 5    -3.781799    0.363471      0.061875
 6    -3.843890    0.493524      0.054846
 7    -3.950159    0.589198      0.042815
 8    -4.020463    0.729358      0.034855
 9    -4.082969    0.769260      0.027779
10    -4.166617    0.895157      0.018309
3.722644    0.436968    
2.969874    4.044806    0.607901    0.428027    
2.534340    2.960881    4.263918    0.608666    0.507361    0.284534    
2.398291    3.010833    4.294381    6.283185    0.602275    0.528187    0.256147    1.510338    
2.081523    3.000255    3.367645    6.283185    4.501077    0.612914    0.522005    0.346426    1.496934    1.369359    
2.006151    2.887966    3.200540    6.283185    3.894805    3.933680    0.603763    0.496756    0.348089    1.451074    1.328691    1.436868    
2.250310    3.048545    2.931214    6.283185    3.401506    3.241498    3.798832    0.641195    0.466509    0.311938    1.428569    1.270837    1.361439    1.409923    
2.155341    2.863069    3.106191    6.173173    3.897603    3.636352    4.943820    6.245320    0.619669    0.463979    0.316178    1.404276    1.276519    1.329037    1.570796    0.149410    
2.291027    2.893150    2.938342    6.283185    3.506634    3.417099    4.247415    5.577829    6.011757    0.623250    0.463552    0.325280    1.417896    1.222046    1.294934    1.400653    0.155959    0.142552    
1.974097    3.083431    3.342665    6.283185    3.702190    4.027101    6.283185    3.604047    3.324749    2.670751    0.624486    0.527161    0.306685    1.390997    1.271059    1.439644    0.210777    0.155520    0.154141    0.070390    
