 9    -4.893380    4.525589    0.522311
0.458901  1.173661  0.398716  1.044500  0.584015  0.653871  1.328473  -0.097377  -0.441175  -0.278228  -0.389714  -0.718051  -0.625707  -0.346769  -1.994583  -0.832022  -1.447044  0.816843  0.281185  0.968107  0.519780  0.659102  -0.532252  -0.200280  0.512809  -0.394196  -0.439878  0.036976  0.693787  -1.913152  0.520066  1.505534  -0.868628  -0.236787  -0.378622  0.076066  
0.283174  -0.256312  -0.250348  -0.221259  -0.227680  -0.190866  -0.728052  0.176972  -0.245719  
 1    -2.369575    0.208349      0.267949
 2    -3.697518    0.625300      0.126963
 3    -4.342351    0.768487      0.058502
 4    -4.714913    0.893910      0.018948
 5    -4.815824    0.958189      0.008234
 6    -4.870565    0.987107      0.002422
 7    -4.884799    0.996336      0.000911
 8    -4.888410    0.997610      0.000528
 9    -4.891727    0.999383      0.000175
10    -4.892368    0.999617      0.000107
5.918749    0.767139    
2.951766    3.995171    0.630509    0.425563    
2.570528    2.842731    3.846378    0.633948    0.491383    0.304287    
2.182473    2.872599    2.571955    3.763547    0.662419    0.524758    0.373153    0.272146    
1.773220    2.474343    2.364786    2.568317    3.183186    0.632443    0.484470    0.423945    0.275006    0.209087    
1.380738    2.461380    2.351316    2.328964    2.532557    3.117898    0.663063    0.518111    0.429913    0.355947    0.238450    0.160729    
1.276132    2.178357    2.124156    2.194661    2.310655    2.719512    2.839638    0.646979    0.480555    0.421835    0.368003    0.298621    0.192188    0.099986    
1.160581    2.009511    2.068242    2.139280    2.235941    2.477959    2.714998    3.049723    0.628409    0.472964    0.428850    0.375108    0.320851    0.240297    0.146634    0.058876    
1.139686    1.984767    1.990146    2.005093    2.069250    2.231760    2.406118    2.728951    3.209999    0.632018    0.466010    0.413704    0.362164    0.319037    0.251625    0.201308    0.109351    0.054010    
1.076532    1.842187    1.896884    1.927972    1.977980    2.095658    2.339653    2.622162    3.335964    6.283185    0.617013    0.448115    0.404937    0.356027    0.315690    0.253442    0.198998    0.129670    0.020850    1.540404    
