 9    -4.089522    4.309318    0.724463
-0.253089  -0.637147  -1.909595  -0.106139  0.001714  -0.962448  0.254333  -1.112221  0.210460  1.389632  0.656688  -0.053128  0.415673  0.704063  -0.896223  0.479744  1.144388  2.050119  0.674869  -0.860506  0.399698  -0.648903  0.244611  -0.701113  -0.574387  -0.681646  0.402290  1.027078  -0.136619  -1.196395  0.197572  -0.799100  1.102346  1.290502  0.409749  -0.691141  
-0.345345  0.212634  -0.251536  -0.265550  -0.279634  0.252990  0.305273  -0.240836  -0.335392  
 1    -1.587314    0.185049      0.297923
 2    -3.212016    0.723222      0.104479
 3    -3.875352    0.937812      0.025500
 4    -4.043326    0.982443      0.005500
 5    -4.077052    0.993131      0.001485
 6    -4.084156    0.997155      0.000639
 7    -4.087959    0.999459      0.000186
 8    -4.088991    0.999734      0.000063
 9    -4.089084    0.999795      0.000052
10    -4.089284    0.999884      0.000028
5.062702    0.354381    
3.932593    5.128264    0.812489    0.437591    
3.561136    3.478908    4.222602    0.736223    0.554419    0.333040    
2.346288    3.428385    3.315320    3.851492    0.679446    0.605564    0.446649    0.247222    
1.649163    3.182589    2.929094    3.255087    3.734348    0.711164    0.570522    0.510383    0.394948    0.193766    
1.530597    2.890696    2.789793    2.935911    3.148323    3.715836    0.695806    0.547771    0.502480    0.410556    0.287618    0.108124    
1.448752    2.713521    2.627375    2.673261    2.898592    3.252170    4.246187    0.684112    0.527937    0.479388    0.407924    0.326175    0.209675    0.075271    
1.368319    2.471523    2.352063    2.265899    2.244564    2.369607    2.983061    4.113092    0.666987    0.492781    0.435191    0.367872    0.292223    0.248623    0.177806    0.070582    
1.358620    2.481325    2.318120    2.189688    2.156145    2.336254    2.907117    3.644331    4.043673    0.669315    0.495704    0.427810    0.360319    0.299887    0.271065    0.209379    0.117262    0.031214    
1.112892    2.051144    2.285919    2.287142    2.228551    2.209483    2.504304    3.018745    3.603023    4.191273    0.633995    0.491600    0.452366    0.401025    0.334183    0.288636    0.253885    0.191940    0.110144    0.029075    
