 9    -5.330190    5.470925    0.250207
-0.275434  0.009924  0.464788  0.342611  1.134445  -1.210976  -1.443573  -0.759583  0.937481  0.102493  0.591607  -0.425419  0.755324  -1.678499  -0.895253  0.458548  0.258016  -1.155983  0.649192  0.046318  0.348382  -0.652745  -1.665788  -0.809513  -0.563146  -1.429917  1.575949  0.753774  1.515370  1.255785  2.439973  -1.200436  1.098150  -1.406748  -0.390113  0.508771  
0.291636  0.178609  -0.206054  0.112931  -0.909332  -0.174841  0.226221  0.184726  0.270442  
 1    -2.436682    0.252611      0.267890
 2    -4.050612    0.606700      0.118467
 3    -4.624147    0.783165      0.065368
 4    -5.052762    0.858546      0.025685
 5    -5.221090    0.946660      0.010101
 6    -5.283889    0.966900      0.004287
 7    -5.311868    0.979569      0.001696
 8    -5.319039    0.985861      0.001032
 9    -5.326883    0.995808      0.000306
10    -5.328795    0.997666      0.000129
5.330146    0.530024    
2.852402    3.498275    0.516469    0.442455    
2.391579    2.782904    2.963410    0.543829    0.393829    0.256716    
2.267844    2.741734    2.409112    3.812893    0.622217    0.484294    0.302339    0.258661    
2.041498    2.439163    2.243699    2.712438    2.698288    0.604010    0.448943    0.361040    0.195922    0.193112    
1.322207    2.352882    2.303772    2.323291    2.611071    2.802235    0.615697    0.482251    0.399130    0.315216    0.192640    0.147846    
1.256859    2.155339    2.111341    2.203060    2.265360    2.752525    2.640301    0.638620    0.456467    0.392977    0.337018    0.267428    0.159982    0.101918    
1.201096    1.961378    1.997209    2.071224    2.172125    2.375098    2.660165    2.703486    0.610454    0.439745    0.389263    0.329665    0.284822    0.204240    0.122599    0.060173    
1.183266    1.989435    1.974687    2.021197    2.097119    2.342990    2.499675    2.620354    3.321701    0.621329    0.438881    0.383882    0.331406    0.290404    0.208490    0.182717    0.066943    0.058615    
1.093319    1.777269    1.825336    1.862079    1.952459    2.067281    2.354513    2.430713    2.978507    2.819431    0.600062    0.416366    0.371054    0.324503    0.294354    0.235588    0.191546    0.147003    0.057069    0.048842    
