 9    -3.505273    5.339034    0.626512
0.127319  -0.882520  0.047507  0.623834  -1.852717  -1.683985  -0.291250  -0.089777  -0.375991  -0.228138  -0.523171  0.493229  0.219159  -0.422662  0.446305  0.129420  -0.183992  0.532464  1.174072  1.075326  -0.561457  0.901522  0.167580  0.698459  2.200299  0.211476  -0.973711  -0.796937  0.727615  -0.328917  1.172802  0.238197  0.252913  0.827345  -1.377560  -0.768047  
-0.282552  0.159929  0.164805  0.181427  -0.946405  -0.167159  -0.201907  -0.199951  -0.266686  
 1    -1.924566    0.277357      0.178726
 2    -2.747585    0.622292      0.085670
 3    -3.062346    0.799552      0.050080
 4    -3.348709    0.853489      0.017702
 5    -3.442493    0.960877      0.007098
 6    -3.478088    0.981889      0.003074
 7    -3.495287    0.991698      0.001129
 8    -3.499973    0.994721      0.000599
 9    -3.503230    0.998874      0.000231
10    -3.504602    0.999704      0.000076
5.251914    0.721948    
2.728926    3.568915    0.489070    0.461396    
2.294776    2.714204    2.932723    0.520239    0.388921    0.257865    
2.246458    2.558403    2.164345    4.275640    0.596533    0.470645    0.320018    0.285380    
2.012623    2.326202    2.158825    2.678920    2.662576    0.590683    0.445511    0.359147    0.180355    0.215521    
1.319314    2.164836    2.177741    2.236627    2.617266    2.636993    0.567558    0.465617    0.394632    0.296115    0.191929    0.155483    
1.182243    2.078577    2.024101    2.128077    2.204690    2.701685    2.527206    0.622436    0.449339    0.388244    0.336345    0.263584    0.159994    0.113825    
1.149329    1.855316    1.867874    1.933006    2.017029    2.167727    2.577186    2.436766    0.602410    0.423830    0.375181    0.319060    0.285105    0.202691    0.134158    0.080046    
1.131559    1.924543    1.916757    1.968662    2.036981    2.276595    2.439028    2.470309    3.315676    0.612883    0.434485    0.380597    0.329886    0.289540    0.206747    0.188006    0.068129    0.060498    
1.066096    1.737671    1.769297    1.815812    1.905196    2.014248    2.312355    2.339337    2.912939    2.734086    0.595959    0.411240    0.365897    0.321583    0.293311    0.233155    0.192059    0.154289    0.052841    0.055436    
