 9    -6.386597    5.461960    0.836484
1.228264  -0.961592  -1.375194  -0.666736  -0.408250  -0.159367  -1.010143  -0.272901  1.148510  0.304371  0.659412  1.625798  -1.085026  -0.277913  0.463255  -0.990108  0.434097  -0.866149  1.488676  -0.134554  0.149314  0.151039  -1.374282  -0.378194  0.792847  -1.594435  -0.553262  -1.656346  -0.175900  1.068554  -0.328559  -1.447383  1.133899  1.159811  1.071022  -1.115433  
-0.265591  0.219020  -0.232670  -0.205084  0.596505  -0.190655  0.250566  -0.220457  -0.308338  
 1    -3.195405    0.283847      0.269332
 2    -4.968224    0.652087      0.119708
 3    -5.793982    0.820370      0.050016
 4    -6.202082    0.916807      0.015573
 5    -6.309054    0.975217      0.006545
 6    -6.363635    0.992380      0.001938
 7    -6.378278    0.997813      0.000702
 8    -6.381817    0.998746      0.000403
 9    -6.383831    0.999184      0.000233
10    -6.385388    0.999665      0.000102
5.402631    0.610483    
3.332371    4.505637    0.683364    0.429539    
2.925858    3.127856    4.024287    0.662499    0.498641    0.301676    
2.474913    3.158137    2.855731    3.958361    0.684160    0.536553    0.380900    0.255972    
2.112073    2.659055    2.488968    2.773417    3.357397    0.643451    0.480016    0.416088    0.275238    0.192476    
1.478846    2.675464    2.553817    2.488033    2.772654    3.333926    0.671400    0.528760    0.438526    0.358753    0.249251    0.147678    
1.396024    2.361971    2.276147    2.324253    2.482264    2.888542    3.105316    0.660545    0.484696    0.423412    0.372795    0.301344    0.197353    0.092631    
1.344095    2.319099    2.291043    2.343400    2.493844    2.811383    3.064849    3.772576    0.651166    0.488219    0.433877    0.380630    0.315215    0.235354    0.129713    0.043741    
1.320167    2.268399    2.202245    2.278110    2.410962    2.696767    2.870671    3.932474    6.283185    0.649250    0.476335    0.422551    0.378099    0.313972    0.226759    0.147586    0.018329    1.539460    
0.979309    1.708599    2.018113    2.038491    2.128036    2.240945    2.494998    3.073624    6.283185    4.638203    0.588289    0.457827    0.418623    0.372861    0.338005    0.281176    0.212643    0.138336    1.540357    1.524941    
