 9    -4.320308    3.799955    0.258445
-0.923498  -0.196534  0.260503  -0.102614  -0.289689  0.713549  1.119250  -0.355867  -0.124338  0.141519  0.018409  -0.366028  0.248184  -0.044728  -1.645756  0.499089  0.988699  -0.835499  -1.171304  0.700343  -0.401667  -0.034007  0.791615  1.123036  -0.257931  -0.761827  -0.188643  -0.265364  -0.121081  1.140362  -1.382377  -1.137642  0.134821  -0.174638  -0.251077  1.593456  
-0.240944  -0.201529  -0.182773  0.853768  0.166832  -0.217636  -0.223039  0.196002  -0.308978  
 1    -2.068893    0.261480      0.277259
 2    -3.256351    0.654559      0.131025
 3    -3.747993    0.833613      0.070480
 4    -4.079340    0.903593      0.029675
 5    -4.239975    0.973324      0.009893
 6    -4.291226    0.990034      0.003581
 7    -4.311469    0.996453      0.001088
 8    -4.315811    0.997857      0.000554
 9    -4.318586    0.999416      0.000212
10    -4.319617    0.999752      0.000085
5.032340    0.528702    
2.874791    3.376994    0.513864    0.424050    
2.349074    2.805491    2.775238    0.559282    0.386972    0.259796    
2.203879    2.758361    2.542632    3.387181    0.651334    0.505217    0.298538    0.250794    
2.019523    2.400161    2.213483    2.714685    2.594301    0.619604    0.462864    0.369960    0.209700    0.188801    
1.335911    2.266364    2.238758    2.264831    2.613539    2.673106    0.607629    0.488935    0.410762    0.317622    0.204396    0.145165    
1.218900    2.098144    2.035902    2.124041    2.213974    2.688010    2.549104    0.635476    0.463349    0.401477    0.348373    0.275447    0.171674    0.105054    
1.159550    1.863831    1.846642    1.902022    1.983020    2.131191    2.519195    2.432598    0.613369    0.431421    0.382880    0.329965    0.291945    0.210188    0.142449    0.075887    
1.124277    1.901895    1.899773    1.926604    2.002923    2.196907    2.376390    2.580937    3.111551    0.618735    0.443982    0.391670    0.340637    0.299884    0.225832    0.188240    0.085568    0.052589    
1.039437    1.696344    1.735302    1.771633    1.849676    1.935523    2.182176    2.304466    2.742792    2.802913    0.599551    0.416892    0.374083    0.332768    0.300284    0.247180    0.202804    0.158845    0.068740    0.047893    
