 9    -4.896063    5.404091    0.067811
0.339865  0.191300  -1.140822  0.778411  1.707351  1.008358  -1.292085  -0.473293  0.210802  -0.992069  0.924987  0.120085  -0.173989  1.086957  1.130888  -0.286387  0.510305  1.395815  -0.250652  0.675379  -1.229298  -0.628359  0.987545  0.796753  0.540241  2.103185  -0.631635  -0.040769  -1.225789  -1.681987  1.823664  -0.043823  0.285031  1.890161  -1.761424  1.752328  
-0.221587  -0.158733  -0.375445  -0.155103  0.210801  0.274928  -0.292941  0.279262  -0.332653  
 1    -0.758436    0.004602      0.401705
 2    -3.588234    0.004398      0.126972
 3    -4.128631    0.000371      0.074507
 4    -4.323737    0.000166      0.055565
 5    -4.379164    0.000022      0.050184
 6    -4.407105    0.000024      0.047471
 7    -4.416461    0.000013      0.046563
 8    -4.418538    0.000015      0.046361
 9    -4.419898    0.000005      0.046229
10    -4.420419    0.000001      0.046178
2.904408    0.159696    
4.358188    5.209575    0.763632    0.390662    
3.746468    3.867199    4.484812    0.707313    0.536523    0.301143    
2.912186    3.636547    3.697117    4.147837    0.666597    0.558942    0.418427    0.206516    
2.526811    3.357201    3.330381    3.604437    4.332605    0.639886    0.542480    0.430623    0.325119    0.126961    
1.880968    3.373895    3.152853    3.464652    3.882916    4.880420    0.662685    0.542590    0.466361    0.376578    0.252088    0.089780    
1.657144    2.988638    2.920323    2.988930    3.270787    3.733074    4.712080    0.667781    0.511424    0.455945    0.386401    0.303089    0.198758    0.079396    
1.540599    2.738949    2.702937    2.589940    2.680253    3.004110    3.544570    4.435359    0.651127    0.493198    0.425020    0.358462    0.299723    0.236507    0.154338    0.064742    
1.473451    2.688424    2.683341    2.616367    2.653803    2.828720    3.330267    4.127407    4.881254    0.649179    0.494376    0.432803    0.370063    0.307382    0.252838    0.187025    0.114683    0.034662    
1.306621    2.409343    2.543962    2.541481    2.543216    2.577440    2.940633    3.503482    4.016543    4.638023    0.634924    0.484983    0.430772    0.381466    0.320139    0.270242    0.227720    0.161945    0.093947    0.030493    
