 9    -6.135139    5.487143    1.091982
0.883490  -0.457785  -0.092110  -1.329808  3.064264  2.017759  0.917338  -1.485646  0.912503  -1.919773  -1.823598  -0.359470  -1.803942  0.538994  -0.087634  0.240699  0.057595  0.656237  0.850275  -0.592950  -0.088395  0.097974  0.060302  0.677781  1.689936  -0.224493  0.448526  1.783406  0.098638  -0.307988  0.184015  -0.121434  1.003841  1.061911  -0.633580  0.211638  
-0.246171  0.173290  -0.171913  0.154692  -0.138475  0.974810  0.139707  -0.165729  -0.117002  
 1    -2.082702    0.155327      0.348678
 2    -4.564388    0.623054      0.135150
 3    -5.310155    0.792965      0.070983
 4    -5.618456    0.846558      0.044456
 5    -5.933326    0.927105      0.017364
 6    -6.036545    0.951582      0.008483
 7    -6.081975    0.965802      0.004574
 8    -6.100555    0.984099      0.002976
 9    -6.119600    0.995089      0.001337
10    -6.124481    0.996062      0.000917
4.746183    0.405478    
3.942525    3.734943    0.442002    0.423188    
2.790796    3.700423    2.944303    0.459148    0.357751    0.254917    
2.603505    3.407162    3.161717    3.905180    0.582005    0.455233    0.236268    0.221304    
2.543553    3.040297    2.789503    3.739129    2.977619    0.587926    0.451130    0.327308    0.181921    0.188097    
1.801144    2.802052    2.763126    2.917764    3.424588    3.134198    0.567528    0.454143    0.384339    0.268781    0.180225    0.145754    
1.529026    2.672944    2.636070    2.776783    2.847744    3.503265    3.137681    0.613223    0.448637    0.382052    0.324575    0.246455    0.148080    0.110602    
1.503168    2.691747    2.698186    2.795221    2.820678    3.466503    2.605960    6.283185    0.620576    0.452440    0.387604    0.334038    0.240743    0.181460    0.133719    0.067170    
1.533494    2.670210    2.631648    2.721844    2.754933    3.416455    2.969116    6.169535    1.571417    0.621367    0.447851    0.374359    0.324999    0.257861    0.189222    0.191762    0.033255    0.079830    
1.434005    2.521924    2.546172    2.580968    2.683264    3.033152    3.002167    3.606580    2.873667    6.283185    0.605800    0.445048    0.383126    0.326939    0.278399    0.220457    0.183109    0.084820    0.097065    0.048542    
