 9    -6.759326    5.790173    0.414674
-0.035920  -1.299604  0.889104  -0.585994  0.462999  -0.768262  -1.095189  -1.467687  1.944982  -0.321040  -0.414614  -0.035430  3.271529  -0.267381  0.734255  -0.297524  -0.216513  1.865483  0.718226  0.226963  -0.908634  1.313824  0.193337  1.572044  -1.879911  1.578469  -0.685577  -0.879810  0.464822  -1.564092  1.209342  0.987161  -0.700099  -0.423367  0.187833  0.288651  
0.259964  -0.241474  0.229360  -0.226184  0.192873  -0.770644  0.197444  -0.135858  0.280644  
 1    -3.145626    0.218163      0.287956
 2    -5.202592    0.595362      0.124047
 3    -6.023171    0.734683      0.058660
 4    -6.529997    0.863101      0.018274
 5    -6.656227    0.942928      0.008215
 6    -6.723723    0.968779      0.002837
 7    -6.744299    0.982236      0.001197
 8    -6.749353    0.987022      0.000795
 9    -6.755521    0.996707      0.000303
10    -6.757333    0.998387      0.000159
6.187027    0.582106    
2.918435    3.938141    0.603279    0.436926    
2.533316    2.815085    3.817230    0.605616    0.473271    0.286131    
2.248121    2.807066    2.478639    3.904143    0.641642    0.500144    0.349985    0.269648    
1.907904    2.410990    2.277950    2.527768    3.122754    0.611497    0.455243    0.396301    0.239163    0.209672    
1.327829    2.425766    2.337919    2.319323    2.529226    3.104007    0.645407    0.503314    0.414767    0.342601    0.221669    0.161073    
1.253973    2.157579    2.102384    2.186394    2.302525    2.731644    2.783612    0.638818    0.464997    0.406131    0.354630    0.285509    0.180081    0.100834    
1.166111    1.959415    2.008062    2.081609    2.187592    2.406660    2.663348    2.907350    0.615755    0.449985    0.405336    0.353208    0.303043    0.222082    0.139806    0.058270    
1.190910    2.022497    1.994637    2.036255    2.122719    2.342317    2.498314    2.761018    3.390033    0.627978    0.450340    0.397785    0.347996    0.302144    0.227486    0.188854    0.083779    0.056143    
1.077522    1.782934    1.862034    1.907002    1.985718    2.103055    2.349561    2.503833    3.022461    3.024512    0.603582    0.428616    0.389513    0.343710    0.307841    0.251041    0.206601    0.154799    0.071091    0.046223    
