 9    -5.544493    5.117143    0.826982
1.584050  0.306209  -0.722096  0.029006  -2.123688  -1.829934  0.920972  -0.910938  0.595995  2.324745  -0.049952  -2.065527  0.045791  0.106866  -0.384576  -0.676318  0.195727  -0.449039  -0.653854  -0.236046  1.792894  -0.558148  -2.057404  -0.646124  -0.252330  0.356522  0.378152  -0.871000  -0.687169  -0.223007  -1.301475  0.287603  -1.024622  -1.447560  1.407380  -0.085809  
-0.360626  0.260649  -0.245148  -0.301578  -0.228331  -0.316311  -0.288977  -0.241900  0.272724  
 1    -2.080461    0.177577      0.324906
 2    -4.377667    0.712796      0.109442
 3    -5.261157    0.928440      0.026575
 4    -5.476842    0.975061      0.006345
 5    -5.520877    0.988508      0.002215
 6    -5.535245    0.997131      0.000867
 7    -5.542272    0.999415      0.000208
 8    -5.541366    0.998838      0.000293
 9    -5.543736    0.999699      0.000071
10    -5.543505    0.999636      0.000093
3.758190    0.333809    
3.798528    4.925699    0.817840    0.436410    
3.390941    3.371940    3.981647    0.735126    0.550957    0.327333    
2.257527    3.302270    3.175225    3.615180    0.676790    0.600673    0.440895    0.240431    
1.619132    3.091748    2.828722    3.105348    3.527626    0.708709    0.571278    0.502597    0.387896    0.185553    
1.552784    2.920709    2.798797    3.015560    3.263215    3.984472    0.695526    0.561886    0.511007    0.413056    0.277937    0.088199    
1.392223    2.611028    2.543334    2.599480    2.812099    3.147580    4.050217    0.681756    0.528343    0.480547    0.412115    0.330083    0.214997    0.080981    
1.368989    2.561882    2.506507    2.541107    2.764272    3.228779    6.243402    2.726435    0.676729    0.522547    0.473033    0.404865    0.313697    0.178256    1.570796    1.530100    
1.299469    0.000000    2.361721    2.260294    2.173740    2.139758    2.273837    2.861842    3.885602    1.117059    1.117287    0.491610    0.433155    0.366880    0.293732    0.253638    0.184555    0.075150    
1.284147    2.375074    2.294056    2.232575    2.225892    2.418457    3.095675    6.022003    2.925975    5.163603    0.666561    0.501491    0.441664    0.377108    0.310072    0.253698    0.162623    1.570796    1.496357    1.541388    
