 9    -5.122758    4.647866    0.020925
0.955418  0.440712  -0.478419  -0.682530  -0.793871  0.427983  -0.773764  2.050114  -0.211533  1.453954  -0.061595  1.474451  0.824645  0.581223  -1.225692  -2.162298  -0.516786  2.092389  0.053569  -0.047480  -1.708678  -0.500262  0.711233  1.329977  0.011977  -0.672960  -0.318454  -0.998683  -0.053772  -0.592295  0.142000  -0.639746  0.914216  0.910784  -0.128097  -1.150461  
0.257014  -0.142820  -0.249186  -0.187595  -0.181786  0.177300  -0.128395  0.992956  -0.128392  
 1    -1.989052    0.000327      0.320727
 2    -3.715891    0.001351      0.143989
 3    -4.305517    0.000023      0.083643
 4    -4.750062    0.000104      0.038145
 5    -4.928251    0.000063      0.019907
 6    -5.025079    0.000013      0.009997
 7    -5.063174    0.000007      0.006098
 8    -5.084303    0.000000      0.003936
 9    -5.095975    0.000002      0.002741
10    -5.099117    0.000000      0.002420
4.617181    0.827983    
3.148340    4.198613    0.497691    0.450348    
2.706750    3.290026    3.757413    0.546808    0.401160    0.269557    
2.444267    3.216781    2.861505    4.402509    0.604966    0.486221    0.301296    0.263609    
2.103480    2.887731    2.744138    3.161380    3.405953    0.593131    0.460164    0.378572    0.214267    0.199250    
1.633226    2.804343    2.720413    2.807734    3.080159    3.432985    0.616851    0.479440    0.397672    0.320749    0.191185    0.153761    
1.500915    2.575757    2.554432    2.667998    2.786110    3.261641    3.338126    0.613605    0.465512    0.398683    0.333059    0.265430    0.161370    0.099524    
1.433304    2.528855    2.522855    2.617652    2.755070    3.169736    3.103572    4.094623    0.611015    0.461857    0.403945    0.343191    0.268900    0.221224    0.104970    0.068032    
1.329182    2.337828    2.362966    2.431360    2.527482    2.829343    2.966962    3.218823    3.731467    0.605339    0.445861    0.392262    0.339610    0.292885    0.220372    0.188671    0.073534    0.066494    
1.184545    2.080988    2.200488    2.266068    2.356582    2.517734    2.772135    2.906560    3.467389    3.386325    0.589004    0.428140    0.384412    0.336756    0.301819    0.242444    0.199472    0.150590    0.067066    0.051074    
