 9    -3.935117    4.223063    0.649997
0.108446  0.858697  -0.303699  -1.112064  2.308893  -1.048867  0.947621  0.883204  0.070424  0.041427  -0.289262  -0.204524  -0.044850  -0.477368  -1.277278  -0.027820  0.445678  0.686520  0.828148  0.253911  1.334424  -0.953863  -1.115720  -0.769460  0.716565  0.511641  -1.385294  -0.167641  0.823762  0.012481  -0.696414  -0.512203  0.856974  -0.204107  0.094714  0.067776  
0.155645  -0.921922  -0.166563  0.193786  0.231788  0.217599  0.259468  -0.187652  -0.230675  
 1    -1.959265    0.239693      0.242193
 2    -2.820961    0.580568      0.136569
 3    -3.336412    0.733819      0.073387
 4    -3.709730    0.876098      0.027627
 5    -3.834990    0.954872      0.012273
 6    -3.895314    0.981851      0.004879
 7    -3.917207    0.991671      0.002195
 8    -3.927452    0.997016      0.000940
 9    -3.932644    0.999097      0.000303
10    -3.933940    0.999532      0.000144
5.216227    0.708063    
2.836821    3.664807    0.531410    0.437582    
2.499429    2.876813    3.667829    0.591177    0.440989    0.282083    
2.245523    2.867283    2.592885    3.799317    0.622978    0.505446    0.317756    0.263143    
1.940512    2.585006    2.406103    2.807189    2.973276    0.604295    0.472892    0.388403    0.226458    0.192412    
1.429128    2.509790    2.412780    2.451631    2.727537    3.032458    0.627901    0.492126    0.413458    0.330434    0.206008    0.149142    
1.304824    2.280773    2.253104    2.318217    2.426256    2.882603    2.915036    0.626430    0.473914    0.409725    0.346174    0.274691    0.173212    0.095321    
1.243940    2.222009    2.227146    2.294380    2.413942    2.771771    2.811295    3.553260    0.622748    0.471116    0.415767    0.356546    0.282882    0.225480    0.113159    0.058791    
1.157663    2.025357    2.054131    2.107726    2.191744    2.426397    2.557296    2.826438    3.305544    0.611300    0.448811    0.398835    0.348422    0.301384    0.227565    0.188307    0.082440    0.056355    
1.004163    1.764432    1.909951    1.978407    2.047036    2.159147    2.378882    2.526492    2.987867    3.074472    0.589396    0.431246    0.392790    0.348028    0.310175    0.251965    0.204529    0.155325    0.070577    0.044522    
