 9    -4.669465    5.944687    0.217433
0.441145  -0.576500  -1.269955  -2.450535  1.899251  -0.074970  -0.255748  -0.274553  -0.856710  0.858997  0.574482  0.136117  -0.110739  0.963468  0.789986  -0.354507  0.655454  -1.442845  0.516226  1.165711  -0.683643  -0.198090  0.540971  0.441133  0.138034  -0.057272  -1.105156  0.767905  0.516581  -0.796075  -0.164653  -1.025493  -0.558958  1.935090  1.185729  0.401918  
0.235160  -0.178896  -0.766694  0.183906  0.244767  -0.079135  -0.259387  0.238101  0.273293  
 1    -2.267643    0.199534      0.226285
 2    -3.449471    0.515172      0.114940
 3    -3.980223    0.666647      0.064936
 4    -4.364321    0.792946      0.028749
 5    -4.491249    0.857693      0.016790
 6    -4.560002    0.890554      0.010313
 7    -4.590715    0.926784      0.007419
 8    -4.630752    0.970947      0.003647
 9    -4.646729    0.984468      0.002142
10    -4.658813    0.995392      0.001004
4.681274    0.683901    
3.021543    3.773206    0.558301    0.416610    
2.626150    3.001493    3.708672    0.603022    0.438752    0.267230    
2.338672    2.996066    2.783830    3.785721    0.642028    0.505955    0.320787    0.247970    
1.955397    2.631502    2.544713    2.923973    3.113123    0.612213    0.473034    0.395658    0.239785    0.179762    
1.495278    2.638065    2.531730    2.570401    2.861279    3.235788    0.647704    0.497502    0.415574    0.337276    0.209822    0.137813    
1.519452    2.533746    2.505493    2.587595    2.785970    3.084428    3.753068    0.626933    0.494085    0.420595    0.335982    0.271300    0.156825    0.080361    
1.451340    2.559298    2.503686    2.568063    2.762839    3.127194    3.244765    3.867413    0.652337    0.489586    0.421445    0.351980    0.260117    0.230993    0.092688    0.095405    
1.381522    2.354335    2.349789    2.433421    2.580115    2.980434    2.988530    3.678708    3.165226    0.639264    0.469660    0.412791    0.351525    0.283111    0.228609    0.168307    0.091456    0.073992    
1.357776    2.385297    2.331227    2.382787    2.538521    2.939954    2.848187    3.849689    2.826997    4.561617    0.644016    0.470457    0.409423    0.353696    0.279796    0.237387    0.160654    0.131701    0.080668    0.053995    
