 9    -5.020621    5.339981    0.414625
-1.271091  0.176137  -0.296216  0.326929  -0.973419  0.227681  -0.819328  0.107223  0.975278  0.081974  -0.476623  -1.492172  -0.403465  0.694778  0.212153  0.090990  -1.548855  -0.044827  1.556763  1.947111  -0.785140  -2.139212  -1.264259  0.294987  0.806489  0.277670  -1.243845  0.787274  0.752030  0.172980  -0.737836  0.969191  -0.646371  1.811095  -0.990445  -1.369113  
0.296934  0.258452  0.197634  0.303452  0.295562  0.301368  -0.059482  -0.323887  -0.217032  
 1    -2.320356    0.213405      0.260628
 2    -3.972232    0.529989      0.101190
 3    -4.667059    0.712042      0.034126
 4    -4.837430    0.771549      0.017681
 5    -4.898995    0.872397      0.011739
 6    -4.923129    0.932919      0.009410
 7    -4.974421    0.964948      0.004459
 8    -4.996989    0.981441      0.002281
 9    -5.011152    0.995468      0.000914
10    -5.017011    0.998558      0.000348
4.258059    0.583836    
4.329047    5.551025    0.795252    0.426494    
3.687442    3.927093    4.504183    0.704419    0.528947    0.300167    
2.723671    3.676927    3.559672    4.076795    0.655808    0.547341    0.399745    0.210009    
2.964323    3.739888    3.740253    4.270076    5.867718    0.665889    0.549995    0.406349    0.279933    0.106268    
3.047057    3.734836    3.883641    4.341027    6.283185    6.283185    0.664066    0.548150    0.402621    0.272349    0.166146    0.066381    
2.312562    3.429404    3.309333    3.871201    4.309680    5.640194    6.238371    0.633540    0.526974    0.437604    0.338866    0.211923    0.174426    0.077318    
1.809949    3.271736    3.151228    3.456893    3.973282    4.644541    4.792488    5.722964    0.650449    0.524394    0.462957    0.375305    0.287954    0.182777    0.160894    0.082675    
1.628591    3.236032    3.060282    3.252299    3.678368    4.323176    4.829466    5.314214    5.336454    0.656635    0.526255    0.460755    0.386035    0.298403    0.204270    0.178266    0.134934    0.061976    
1.535760    3.083251    2.947489    3.011534    3.329756    3.758330    4.530832    4.421463    4.882677    5.312588    0.670887    0.514421    0.453675    0.385608    0.312907    0.229536    0.184059    0.141918    0.120758    0.050463    
