 9    -4.727997    6.070098    0.110579
0.284659  -1.315573  -0.206194  -1.485032  -0.567317  1.520115  0.523557  0.024520  -1.685001  -0.604265  -0.469087  0.473629  0.909703  0.246694  0.447508  -0.673319  0.623387  0.470458  0.175019  0.545834  -1.600765  -1.239361  -0.603169  0.650523  -0.163636  2.189504  -1.149463  -1.317210  1.304923  0.273049  0.987929  -0.389575  -1.808348  -0.808738  -0.089142  -0.621119  
0.298438  0.186023  0.135904  0.214331  0.175995  0.994568  -0.161030  -0.196471  -0.235778  
 1    -2.751400    0.301239      0.183050
 2    -3.736879    0.570230      0.091786
 3    -4.177635    0.644908      0.050968
 4    -4.181203    0.636093      0.050638
 5    -4.351881    0.776795      0.034832
 6    -4.361624    0.831818      0.033929
 7    -4.403127    0.765188      0.030086
 8    -4.468008    0.818678      0.024077
 9    -4.482787    0.908156      0.022709
10    -4.487665    0.916480      0.022257
5.235499    0.623488    
2.489903    3.728554    0.479412    0.485366    
2.306986    2.637207    4.133654    0.551886    0.478989    0.289392    
2.271655    2.657074    4.106638    6.283185    0.548498    0.481953    0.281476    1.553787    
1.970499    2.639423    2.706841    6.065104    4.858052    0.531550    0.456000    0.342671    1.570796    1.391935    
1.958275    2.620628    2.490934    6.210786    5.003947    6.283185    0.521954    0.439244    0.351249    1.570796    1.341047    1.517711    
1.814662    2.482377    2.699680    4.953278    3.746458    5.228273    5.345147    0.484048    0.463085    0.306058    1.570796    1.340299    1.397919    0.000000    
1.839322    2.546999    2.754964    5.054892    3.847995    3.839697    5.867353    6.282513    0.494964    0.476153    0.326195    1.570796    1.398719    1.363172    0.000000    0.099761    
1.994787    2.579252    2.718335    5.155134    3.948176    3.157348    6.228800    6.236746    6.283185    0.529885    0.472021    0.331193    1.570796    1.427685    1.345171    0.000000    0.208455    0.099335    
1.989058    2.580832    2.715618    5.181380    3.974111    3.094631    6.273969    6.279215    6.282940    0.447797    0.528552    0.474121    0.330512    1.570796    1.419277    1.351792    0.000000    0.212440    0.000000    0.104675    
