 9    -4.618027    4.788334    0.306121
-0.894779  0.121654  -0.763285  -0.481901  1.059032  0.356689  -0.392180  1.515508  -0.183340  -0.140353  -1.015118  -1.061475  -0.607602  1.142866  0.181214  0.037874  0.814313  -0.188506  0.959805  -0.357926  -1.180893  -0.575264  -0.207069  -0.544600  1.494800  -0.153919  -1.374320  0.848533  0.426362  0.235991  0.583620  0.009888  0.773765  -0.970134  0.187788  -0.565258  
-0.181990  -0.260842  0.193966  -0.207507  -0.214232  -0.190535  -0.934028  0.168175  0.210921  
 1    -1.815807    0.093621      0.297907
 2    -3.271719    0.136106      0.143127
 3    -3.859963    0.209559      0.080591
 4    -3.875249    0.231018      0.078965
 5    -3.945822    0.190247      0.071463
 6    -3.970360    0.352309      0.068854
 7    -4.056910    0.670990      0.059653
 8    -4.077198    0.674168      0.057496
 9    -4.113910    0.776083      0.053593
10    -4.153844    0.846876      0.049348
3.922570    0.536921    
2.480251    3.955356    0.518932    0.490321    
2.416282    2.706875    4.480413    0.590877    0.513029    0.322410    
2.358146    2.731345    4.440297    6.266977    0.580940    0.519627    0.307465    1.535446    
2.131019    2.718159    3.362418    6.141727    4.336294    0.572794    0.491844    0.357182    1.570796    1.421122    
2.175229    2.754985    3.561377    6.164601    4.966360    0.976844    0.581801    0.504364    0.343904    1.562429    1.273025    0.184601    
2.208318    2.739248    3.487290    6.233555    5.032006    1.510257    2.113746    0.585292    0.491423    0.326903    1.570796    1.199775    0.409826    1.387171    
2.055404    2.741186    3.325591    6.000330    4.810396    1.663693    2.188996    6.249997    0.566481    0.480078    0.342077    1.570796    1.234214    0.345412    1.360314    0.053781    
2.153304    2.740653    3.538214    6.119688    4.920453    1.690922    2.270779    6.283185    5.852898    0.576675    0.492316    0.336692    1.570796    1.220524    0.363528    1.393245    0.075149    1.500123    
2.167048    2.733928    3.431209    6.178683    4.992385    1.737968    2.422988    6.283185    6.137966    1.414638    0.575611    0.490215    0.335778    1.570796    1.184896    0.372170    1.426436    0.060785    1.295105    0.205650    
