 9    -4.005317    4.356397    0.061707
-1.121427  0.552710  -0.128515  -0.098978  0.525132  0.641744  1.041625  -0.042823  1.512432  -1.412685  -0.643521  0.264371  -1.049341  1.305647  0.713874  1.167148  0.704935  -0.414135  0.073798  1.057499  0.449541  0.053513  -0.031501  0.826730  0.584970  -0.994272  0.246403  0.018999  -0.868504  -0.660261  1.376680  0.324936  -0.561555  1.042115  0.370079  -1.074197  
0.250968  0.286702  -0.295806  0.300988  0.117550  -0.261535  0.279030  -0.280786  -0.337090  
 1    -2.257330    0.322165      0.209047
 2    -3.186551    0.641160      0.097918
 3    -3.798323    0.850631      0.024755
 4    -3.952104    0.919231      0.006364
 5    -3.987569    0.944584      0.002123
 6    -3.997464    0.976852      0.000939
 7    -4.002907    0.988939      0.000288
 8    -4.004052    0.991216      0.000151
 9    -4.004507    0.996306      0.000097
10    -4.004919    0.998594      0.000048
5.037309    0.537858    
4.121647    5.392772    0.819260    0.441935    
3.578699    3.459395    4.324553    0.712247    0.548441    0.337702    
2.418726    3.408981    3.389040    3.881954    0.658177    0.585067    0.434792    0.233540    
1.775636    3.215786    2.962808    3.298808    3.844083    0.684525    0.552871    0.482389    0.377192    0.177673    
1.714476    3.141407    2.962052    3.254846    3.617245    4.583056    0.679263    0.552641    0.490326    0.397492    0.260836    0.079978    
1.532466    2.777475    2.712166    2.824971    3.115313    3.540215    4.594162    0.673096    0.515335    0.472195    0.406139    0.321189    0.204810    0.077160    
1.429335    2.524384    2.486188    2.429286    2.473995    2.664389    3.230149    4.322921    0.656760    0.489083    0.437464    0.372614    0.302063    0.243225    0.166988    0.069648    
1.400127    2.543367    2.521453    2.474990    2.458935    2.536199    3.072809    3.828276    4.462790    0.660327    0.501716    0.446506    0.381911    0.307708    0.256867    0.199023    0.121923    0.035740    
1.214790    2.166822    2.365259    2.378741    2.422110    2.432620    2.703412    3.275316    3.923116    4.824621    0.628163    0.478277    0.438404    0.396548    0.333515    0.277294    0.234836    0.176228    0.110550    0.032565    
