 9    -4.688958    3.454025    1.352066
-0.804458  0.320932  -0.025483  0.644324  -0.300797  0.389475  -0.107437  -0.479983  0.595036  -0.464668  0.667281  -0.806116  -1.196070  -0.405960  -0.182377  0.103193  -0.138422  0.705692  1.271795  -0.986747  -0.334835  -0.099482  0.407192  0.919388  0.312118  1.533161  -0.550174  -0.383147  -0.822941  1.600083  -0.069281  0.083209  -0.326925  -0.045797  -0.304460  1.923010  
-0.303490  -0.260254  0.267094  0.240158  0.290950  -0.241616  -0.243601  0.245596  -0.355554  
 1    -2.169916    0.369077      0.309351
 2    -3.634130    0.720251      0.129538
 3    -4.435346    0.936859      0.031145
 4    -4.637420    0.985200      0.006329
 5    -4.677320    0.996005      0.001429
 6    -4.684511    0.998406      0.000546
 7    -4.687657    0.999665      0.000160
 8    -4.688657    0.999894      0.000037
 9    -4.688680    0.999898      0.000034
10    -4.688520    0.999850      0.000054
4.928835    0.615474    
4.021645    5.362001    0.823912    0.450934    
3.572828    3.627707    4.358604    0.734167    0.562789    0.335532    
2.389270    3.641283    3.448094    4.007197    0.689774    0.613329    0.454449    0.249734    
1.737502    3.301578    3.058427    3.379749    3.851458    0.712898    0.573041    0.515055    0.396971    0.193889    
1.578214    2.946153    2.880946    2.997815    3.206021    3.777713    0.691846    0.545739    0.502990    0.411688    0.292365    0.114335    
1.484662    2.769373    2.696539    2.740716    2.943516    3.273205    4.182983    0.680836    0.526562    0.479488    0.412182    0.334487    0.219667    0.082913    
1.402591    2.541690    2.423320    2.317651    2.284186    2.396567    2.993047    4.050131    0.665386    0.494216    0.435091    0.367885    0.297894    0.257136    0.188917    0.079315    
1.397496    2.517677    2.360620    2.275221    2.346805    2.422746    2.743759    2.633225    2.401795    0.664479    0.488363    0.425844    0.372789    0.313922    0.255557    0.179964    0.061944    0.053501    
1.362849    2.472317    2.369707    2.328425    2.390636    2.565470    3.233265    6.283185    3.392266    5.888228    0.660582    0.487919    0.430517    0.380535    0.315070    0.253508    0.160669    1.570796    1.509996    1.552111    
