 9    -5.754971    4.367644    0.981280
-0.217286  -0.915852  1.062431  0.444871  -0.375857  -1.325971  -0.652894  -0.842896  -0.447425  1.539325  0.027425  -0.777571  -1.614024  0.688196  -0.014051  0.026840  0.549220  0.855711  0.291851  -0.626174  -2.124388  0.198757  0.726640  -0.387585  0.110386  2.242068  -0.104016  0.801473  1.070724  0.797388  0.451471  1.084119  0.856671  -0.268014  0.219906  0.141838  
0.237374  0.154701  0.175417  -0.146434  -0.995489  -0.143402  0.143835  0.110035  0.276347  
 1    -2.703324    0.262418      0.301468
 2    -4.336135    0.611880      0.140165
 3    -4.945543    0.789295      0.079962
 4    -5.355408    0.880051      0.039472
 5    -5.404920    0.892866      0.034581
 6    -5.614568    0.969505      0.013870
 7    -5.616634    0.970865      0.013666
 8    -5.617333    0.971372      0.013597
 9    -5.625703    0.973355      0.012770
10    -5.628066    0.973954      0.012537
6.170766    0.497165    
3.459666    3.645119    0.428312    0.448640    
2.586821    3.385366    2.748484    0.450774    0.358513    0.252752    
2.653627    2.886504    2.312967    6.119713    0.513762    0.435122    0.349343    0.259510    
2.609627    2.910494    2.414072    6.283185    4.265992    0.534117    0.439577    0.338740    0.263181    1.509313    
2.471509    2.906894    2.468210    6.072380    5.399657    1.291959    0.554289    0.461159    0.375757    0.445366    1.128260    0.464281    
2.471285    2.899915    2.464082    6.090743    5.477493    1.221515    5.772251    0.552115    0.459366    0.379201    0.448458    1.100235    0.509645    0.025129    
2.456807    2.890576    2.452577    6.068274    5.520808    1.239373    5.886977    4.642448    0.549363    0.463261    0.384363    0.455902    1.069766    0.564744    0.045384    0.016080    
2.413324    2.861280    2.444689    5.885065    5.538470    1.333031    6.084765    5.388658    0.377008    0.547483    0.470561    0.387006    0.451106    1.008342    0.628161    0.012214    0.478629    1.095966    
2.412554    2.844011    2.455596    5.913123    5.671656    1.350644    6.283185    5.417604    0.844488    1.074030    0.536446    0.472370    0.395294    0.455242    0.919909    0.730079    0.088516    0.216494    1.201470    0.178113    
