 9    -4.253713    4.721036    0.054610
-0.470129  0.670906  -0.822153  0.503401  -0.184276  0.514476  -0.472338  -0.433457  0.480020  -0.085906  -1.356367  -0.635875  -1.624491  0.912932  0.715495  -1.484308  -1.404396  0.367661  0.657626  -0.521781  1.926133  1.801852  0.194682  -0.105917  -0.523406  1.297764  1.918718  -1.313695  -0.787289  0.224448  -1.280910  0.661970  0.792979  0.234494  1.811687  -0.289991  
-0.162972  0.129182  0.987030  -0.136372  0.186220  0.120037  0.220507  -0.145584  -0.253350  
 1    -2.044934    0.225937      0.246110
 2    -3.312937    0.553719      0.104825
 3    -3.685909    0.652397      0.063267
 4    -4.044733    0.823284      0.023285
 5    -4.135932    0.897381      0.013124
 6    -4.196980    0.947033      0.006321
 7    -4.221360    0.971870      0.003605
 8    -4.243585    0.988401      0.001129
 9    -4.229631    0.984148      0.002683
10    -4.237045    0.992723      0.001857
4.744178    0.604428    
3.046089    4.584067    0.440998    0.493834    
2.823556    3.341091    4.848177    0.529778    0.448164    0.275383    
2.572009    3.108671    2.656381    5.453826    0.560988    0.456526    0.330057    0.291037    
2.072039    2.847968    2.714375    2.945585    4.101334    0.562726    0.433788    0.373746    0.206269    0.236520    
1.590650    2.822830    2.739574    2.830066    2.903995    4.032552    0.616483    0.461760    0.378238    0.318269    0.191480    0.181583    
1.572900    2.746118    2.684498    2.778514    3.109903    3.155186    6.283185    0.589364    0.456832    0.391167    0.308246    0.214622    0.222703    0.086132    
1.428976    2.533044    2.549811    2.639051    2.687934    3.244909    2.898628    6.283185    0.613160    0.443245    0.384174    0.334054    0.266108    0.186210    0.178670    0.082953    
1.551003    2.711612    2.665159    2.768780    2.994829    3.517933    6.283185    3.820984    5.324318    0.598622    0.456247    0.386474    0.315071    0.216808    0.207305    0.027051    1.540946    1.526309    
1.516143    2.641694    2.572199    2.686717    2.883615    3.355735    6.283185    4.398538    5.313820    3.462562    0.600060    0.449344    0.382509    0.313984    0.245469    0.204391    0.068438    1.463759    1.549769    1.507567    
