 9    -4.928407    4.961309    0.148013
-0.564163  -0.238681  -0.774429  0.260315  -1.294135  1.222583  -0.293067  -0.331231  -0.351750  0.464535  1.249793  2.165466  1.597250  0.090560  -0.645840  -0.492307  -1.035561  -1.291473  0.005765  -0.351684  -0.950603  -1.362077  -0.202985  0.794999  -1.815096  1.199073  -0.102739  0.222348  -0.070067  0.926698  -0.427322  -0.369258  -0.512363  -1.928618  0.161842  -0.549214  
-0.096076  0.303868  -0.164733  -0.224892  -0.197092  -0.163667  -0.884661  -0.177299  0.138512  
 1    -2.489132    0.222805      0.246648
 2    -3.786061    0.480560      0.115508
 3    -4.310943    0.630312      0.062435
 4    -4.674096    0.750459      0.025715
 5    -4.814506    0.823826      0.011517
 6    -4.874283    0.855270      0.005473
 7    -4.896284    0.883046      0.003248
 8    -4.909430    0.930869      0.001919
 9    -4.917523    0.951578      0.001101
10    -4.920946    0.978384      0.000754
5.856781    0.655177    
3.106266    3.774674    0.521797    0.420962    
2.529679    3.126340    3.292464    0.549332    0.397977    0.247458    
2.352610    3.071751    2.813147    3.988449    0.609788    0.485234    0.289684    0.232412    
2.065436    2.688850    2.547994    3.091679    3.086153    0.586949    0.448600    0.364986    0.208313    0.173189    
1.457019    2.593084    2.559330    2.632073    2.977501    3.221708    0.607977    0.470455    0.393910    0.312557    0.191922    0.131133    
1.374052    2.356096    2.383333    2.497008    2.647850    3.113398    3.161996    0.607340    0.451651    0.390632    0.328229    0.260405    0.155310    0.085040    
1.315650    2.379056    2.397260    2.495964    2.670390    3.085374    3.047185    3.988026    0.613834    0.454895    0.397957    0.341088    0.260666    0.212398    0.095156    0.061142    
1.264803    2.200950    2.251506    2.335692    2.457856    2.791213    2.884140    3.259689    3.463455    0.608198    0.437597    0.386472    0.335549    0.285046    0.212665    0.175538    0.067874    0.061771    
1.283508    2.281078    2.289557    2.352377    2.475761    2.827127    2.800238    3.541816    2.836072    6.283185    0.613308    0.442899    0.388413    0.337402    0.282898    0.223051    0.182000    0.079891    0.101504    0.040371    
