 9    -3.994421    5.218435    0.053273
0.820438  1.229717  -0.763083  1.311323  -0.551206  2.015658  0.939756  -0.160168  -0.856489  0.569047  -0.021903  0.634637  0.393135  0.478060  2.245525  -1.140656  1.852895  -0.015412  -1.308539  -0.218185  0.112809  -1.249093  0.224914  0.503418  0.092632  -0.864026  -0.516825  -0.704061  -0.588868  1.260356  0.002991  2.394856  0.965658  1.259467  -1.286387  -0.172135  
0.254039  0.099869  -0.184587  -0.133475  -0.989377  0.144429  -0.168288  -0.151752  -0.236001  
 1    -1.968732    0.092459      0.219876
 2    -3.197576    0.546204      0.086493
 3    -3.489667    0.647275      0.054788
 4    -3.501245    0.673950      0.053531
 5    -3.664192    0.719693      0.035844
 6    -3.678934    0.781548      0.034244
 7    -3.902936    0.962651      0.009930
 8    -3.719580    0.902129      0.029832
 9    -3.907269    0.965969      0.009460
10    -3.907265    0.962615      0.009460
5.081436    0.900118    
2.808329    4.489892    0.399227    0.537823    
2.892038    3.141874    5.377738    0.538092    0.484099    0.278283    
2.816823    3.186853    5.561823    3.923069    0.515613    0.487876    0.277182    1.528659    
3.212418    2.960064    5.642194    5.014080    1.498396    0.602751    0.507416    0.409890    0.837941    0.732567    
3.177835    3.004283    5.624746    4.836277    1.576564    4.088352    0.616064    0.496258    0.428458    0.920858    0.660263    1.502856    
2.493097    2.937990    2.502514    3.747846    2.393610    5.493708    1.304870    0.556682    0.462322    0.377612    1.570796    0.444759    1.124228    0.463976    
3.238817    1.582201    2.407286    5.998631    5.746008    2.492875    4.219095    2.176648    1.010385    1.063688    0.676604    0.586818    0.850348    0.862199    1.336658    0.332497    
2.459800    2.893666    2.481638    3.935100    2.162174    5.655061    1.247529    6.085197    4.002940    0.546373    0.468237    0.390044    1.570796    0.455886    1.014518    0.632652    0.057920    0.023006    
2.478187    2.941690    2.501953    6.103054    0.000000    5.489521    1.377207    4.123224    6.283185    6.283185    0.556034    0.460876    0.376929    0.849627    1.159398    1.155055    0.439460    1.532703    1.525030    1.528003    
