 9    -2.893217    4.726528    0.102938
0.439265  0.438488  1.147810  -0.067318  1.282502  1.203008  1.135877  -0.804010  -0.355338  1.115535  0.416017  0.281031  0.602493  -0.502367  -0.360674  -0.046913  -0.271253  1.007771  0.968143  0.644780  0.042835  0.213668  0.719655  -0.648750  -0.936063  -0.101636  -0.105031  1.266631  -0.238285  0.066615  1.651279  0.144377  0.129436  1.300680  -0.440049  0.095592  
0.250784  -0.191070  -0.153690  0.891098  -0.189455  -0.216489  0.253707  -0.220162  0.213238  
 1    -1.592840    0.284968      0.170659
 2    -2.256255    0.610815      0.083594
 3    -2.540720    0.764372      0.046261
 4    -2.765225    0.859776      0.016797
 5    -2.837414    0.957311      0.007323
 6    -2.867731    0.978814      0.003345
 7    -2.881855    0.990519      0.001491
 8    -2.887546    0.995964      0.000744
 9    -2.891842    0.999164      0.000180
10    -2.892697    0.999650      0.000068
5.030090    0.599232    
2.680597    3.568697    0.530476    0.437899    
2.309473    2.636895    3.253013    0.555406    0.425318    0.263476    
2.158036    2.595380    2.251448    3.831738    0.615243    0.484734    0.326503    0.271483    
1.926958    2.307569    2.125549    2.506752    2.748840    0.597927    0.447518    0.372299    0.204479    0.205200    
1.276887    2.244274    2.192285    2.218261    2.470223    2.801020    0.612413    0.481178    0.400806    0.321195    0.203238    0.151604    
1.226415    2.066268    2.034894    2.114937    2.194623    2.617040    2.642508    0.630618    0.458139    0.395842    0.337392    0.272134    0.166009    0.099088    
1.172710    2.035989    2.029958    2.091772    2.208260    2.542619    2.517285    3.383711    0.618997    0.460488    0.402016    0.344714    0.274036    0.215651    0.109045    0.055986    
1.130302    1.901537    1.888878    1.928072    2.005318    2.225793    2.372144    2.538590    3.175630    0.617160    0.440371    0.385429    0.334864    0.292962    0.214990    0.186260    0.075028    0.059394    
1.029148    1.675939    1.727047    1.767752    1.853503    1.951433    2.208341    2.308258    2.770101    2.758111    0.593943    0.414651    0.371000    0.327894    0.295853    0.240753    0.195776    0.152039    0.062620    0.048479    
