 9    -5.081236    4.835773    0.284221
-1.105140  -1.607770  -1.264305  -0.061869  -0.944557  -1.679209  -0.822992  -0.049193  -0.700455  0.428230  -1.542561  0.340174  1.443574  -0.181025  0.498420  0.636785  -0.874873  -0.610991  0.944186  0.764858  0.946040  -0.456936  -0.665911  -1.666717  -0.734193  0.241131  1.866028  0.123527  -1.140208  1.479094  -0.270763  -0.309019  0.036444  0.677593  -0.573055  0.205904  
-0.169782  0.208200  0.176961  -0.158902  0.999479  -0.151864  -0.197041  -0.118443  -0.242281  
 1    -2.163606    0.222953      0.294205
 2    -3.905042    0.602141      0.118604
 3    -4.451285    0.767310      0.063522
 4    -4.704001    0.847364      0.038039
 5    -4.962533    0.935679      0.011970
 6    -5.025708    0.955405      0.005599
 7    -5.050710    0.986604      0.003078
 8    -5.054888    0.981863      0.002657
 9    -5.074170    0.995245      0.000713
10    -5.075739    0.995521      0.000554
5.093974    0.466269    
3.440386    3.170936    0.456844    0.414454    
2.387334    3.131522    2.537976    0.458845    0.364644    0.241671    
2.331960    2.941449    2.711701    3.564664    0.592063    0.462756    0.232688    0.222375    
2.262856    2.592195    2.401303    3.301558    2.556005    0.581753    0.450445    0.324137    0.177765    0.187261    
1.565170    2.325236    2.339130    2.480585    3.003808    2.645507    0.539813    0.443073    0.381439    0.254778    0.186173    0.137564    
1.470425    2.281115    2.262139    2.364571    2.937634    2.528810    6.283185    0.531498    0.437834    0.382708    0.267679    0.208755    0.223048    0.087907    
1.428794    2.280210    2.249677    2.365296    2.779712    2.647764    6.283185    3.275122    0.547670    0.440980    0.380769    0.281404    0.225154    0.215396    0.089063    1.538597    
0.915578    1.826019    2.431878    2.115646    2.257394    2.235143    2.920164    2.497167    6.283185    0.980625    0.781722    0.456086    0.371995    0.336281    0.259116    0.163592    0.197601    0.084538    
0.966535    1.797906    2.427822    2.120164    2.252666    2.256304    2.825888    2.550329    6.283185    3.606825    0.985596    0.788870    0.463988    0.374750    0.335569    0.259217    0.176077    0.185478    0.083848    1.551359    
