 9    -4.135182    4.717840    0.054511
1.980655  1.795750  -0.728124  -0.283760  1.757234  -0.700888  0.749530  1.466181  -0.359759  -0.314563  -0.497060  -0.582411  0.826093  0.847297  -0.248796  -1.247295  -0.320472  0.092944  -0.984481  -0.621929  0.498765  0.203754  0.685531  1.081797  -0.182269  -1.166652  0.568559  0.322269  0.714625  1.378866  -1.009285  -1.327397  -0.186506  0.457787  -0.668764  1.142519  
0.310495  -0.128426  -0.184780  -0.154816  0.176562  -0.143006  0.990898  -0.131491  -0.164370  
 1    -2.025411    0.241597      0.238311
 2    -3.185827    0.549063      0.107235
 3    -3.610378    0.637338      0.059280
 4    -3.631094    0.572490      0.056940
 5    -3.677274    0.526096      0.051723
 6    -3.687318    0.574698      0.050589
 7    -3.699890    0.615460      0.049169
 8    -3.702934    0.663712      0.048825
 9    -3.717367    0.858461      0.047195
10    -3.734228    0.829868      0.045290
4.814799    0.618132    
2.859579    4.782841    0.451893    0.505298    
2.836169    3.238197    5.205758    0.535643    0.482261    0.292298    
2.893053    3.298593    5.753537    0.749463    0.497581    0.514981    0.734040    1.094918    
2.858549    3.399090    6.020106    1.894312    6.283185    0.487984    0.568525    0.842752    0.981618    0.109167    
2.785609    3.521588    6.132898    2.142981    6.283185    3.697982    0.497978    0.596562    0.898980    0.946514    0.113111    0.043344    
2.784681    3.485795    6.112907    2.140585    6.283185    4.934812    6.283185    0.487062    0.596224    0.895426    0.950401    0.122120    0.024034    1.533853    
2.815547    3.450743    6.083553    2.055014    6.283185    6.283185    6.283185    1.058366    0.486164    0.586534    0.882559    0.961810    0.112241    0.022468    1.441480    0.102202    
2.831530    3.335925    5.806008    0.938654    6.207192    6.110644    6.148598    2.855442    1.199287    0.505035    0.513773    0.755656    1.114013    0.000000    0.000000    1.380452    0.472852    1.237608    
2.814641    3.324530    5.715875    0.972819    6.065068    5.865235    6.054100    3.361152    2.041256    5.771810    0.502853    0.519606    0.743485    1.126996    0.000000    0.000000    1.392395    0.386354    1.322190    0.071886    
