 9    -6.292451    6.458834    0.174499
0.363580  1.314545  -1.146046  -0.488436  0.720190  -0.065189  1.841201  0.129148  1.689050  0.924599  -0.364502  1.552866  0.687094  1.868193  -2.101154  -0.860455  -1.583306  0.702538  1.232649  1.126887  -1.175439  -0.901862  -1.811378  0.775169  0.132982  1.972961  0.004686  -0.345795  -0.113918  0.131261  -0.202970  -0.681772  0.618107  -1.763596  1.099349  1.798983  
-0.079419  -0.372132  0.226315  0.287977  0.237111  0.268907  0.262877  0.258005  -0.342029  
 1    -2.002235    0.048936      0.336454
 2    -4.923571    0.558065      0.107352
 3    -5.789011    0.728858      0.039482
 4    -6.016095    0.792284      0.021673
 5    -6.104741    0.899683      0.014721
 6    -6.192020    0.962488      0.007876
 7    -6.257896    0.985759      0.002710
 8    -6.280022    0.996092      0.000975
 9    -6.288488    0.998929      0.000311
10    -6.290745    0.999434      0.000134
6.101709    0.273900    
4.165300    5.319706    0.811391    0.437608    
3.596161    3.478252    4.254579    0.703487    0.531301    0.321901    
2.563569    3.481923    3.407472    3.989655    0.670586    0.568902    0.425405    0.219963    
2.843035    3.407809    3.693973    4.094034    5.712789    0.658281    0.558525    0.414951    0.291885    0.138474    
2.810024    3.387461    3.570575    4.199627    5.478243    5.232556    0.661878    0.565716    0.426991    0.273443    0.205019    0.128213    
1.837106    3.571555    3.153846    3.675737    4.380838    5.343366    5.038568    0.699144    0.578960    0.470560    0.358123    0.232320    0.221569    0.110487    
1.726794    3.253073    3.047302    3.414524    3.972636    4.855324    4.361808    4.791345    0.697239    0.551743    0.490053    0.389765    0.268891    0.186372    0.179087    0.092768    
1.577637    2.933334    2.799674    2.988065    3.358121    3.966381    4.577391    4.385224    4.608840    0.678367    0.519812    0.471270    0.396352    0.303208    0.204631    0.183853    0.151826    0.071908    
1.477985    2.687452    2.635132    2.726021    2.921065    3.158550    3.614262    3.929497    4.128644    4.494374    0.661982    0.496911    0.454607    0.388421    0.304662    0.214258    0.161690    0.162158    0.137920    0.064948    
