 9    -4.930511    6.202983    0.771188
1.023492  0.283144  -0.004423  -0.507907  0.852055  -1.412692  0.568955  1.263137  -1.571967  -0.876978  -0.225261  0.303901  0.219018  0.460761  -0.189678  -1.520499  -1.072632  -0.267436  -1.661053  -1.062456  1.171652  -0.160575  -0.663102  0.434856  -0.596899  -0.137532  -1.480474  0.245122  0.438490  0.202227  -1.345522  -0.221028  0.868873  0.070822  -2.903281  1.128442  
0.299188  -0.275277  -0.278162  -0.271283  -0.260299  -0.222242  0.325294  -0.219197  0.381693  
 1    -2.008612    0.196021      0.262442
 2    -3.881920    0.715915      0.094183
 3    -4.667130    0.926821      0.023657
 4    -4.869058    0.978121      0.005520
 5    -4.911315    0.991780      0.001724
 6    -4.923314    0.997659      0.000646
 7    -4.928546    0.999434      0.000177
 8    -4.929805    0.999716      0.000063
 9    -4.929268    0.999463      0.000112
10    -4.929964    0.999813      0.000049
6.002207    0.810771    
3.830008    5.069956    0.823903    0.442681    
3.393258    3.330824    4.089875    0.734309    0.557690    0.339478    
2.259539    3.336122    3.214066    3.700691    0.684058    0.607275    0.445674    0.245595    
1.685757    3.077745    2.840192    3.164357    3.615566    0.706310    0.570318    0.504275    0.390246    0.185490    
1.552919    2.907635    2.793733    3.014152    3.253026    3.952432    0.697078    0.561410    0.512992    0.416734    0.283137    0.093808    
1.417291    2.622087    2.548700    2.601651    2.807999    3.129829    4.027149    0.685580    0.528733    0.481804    0.412470    0.330605    0.214505    0.080676    
1.347263    2.427215    2.292035    2.164242    2.136230    2.280586    2.831820    3.852255    0.672501    0.498388    0.433853    0.362169    0.293346    0.250654    0.179619    0.073925    
1.328333    2.413123    2.382364    2.334396    2.343639    2.512276    3.066471    6.283185    3.390048    0.669820    0.510055    0.456429    0.387887    0.312188    0.237223    0.123043    1.544158    1.538557    
1.266063    2.347516    2.356004    2.358926    2.378949    2.468640    2.844030    6.283185    3.255863    4.105492    0.668339    0.512553    0.461849    0.403467    0.332676    0.250910    0.144823    1.500588    1.471882    1.524034    
