 9    -5.021029    5.999711    0.028052
-0.337545  -0.225671  -0.825266  -1.519911  0.236885  -0.567556  1.783642  0.438508  -0.234935  0.649691  0.120339  -1.428240  -0.086604  1.572401  0.256997  0.257998  0.610064  -0.238371  -0.607507  0.311573  1.282436  2.512872  -0.260945  0.680088  -0.107376  -0.015426  1.702213  -0.941800  -0.734058  -0.195777  0.768347  0.857076  -1.473879  -1.988438  -0.563131  1.071466  
0.021160  0.300741  -0.098230  0.313939  -0.310757  0.275283  -0.282305  -0.278480  0.247093  
 1    -2.252054    0.100010      0.251251
 2    -4.258692    0.291409      0.069173
 3    -4.794667    0.355343      0.020540
 4    -4.919328    0.369196      0.009228
 5    -4.952991    0.370805      0.006174
 6    -4.981251    0.366084      0.003609
 7    -4.991410    0.358458      0.002688
 8    -4.998828    0.337866      0.002014
 9    -5.001012    0.331734      0.001816
10    -5.001643    0.328588      0.001759
5.271021    0.371956    
4.482723    5.500818    0.797363    0.424036    
3.610570    3.631460    4.334661    0.672275    0.496967    0.285394    
2.647999    3.429849    3.396648    3.987370    0.626662    0.516729    0.374321    0.193208    
2.705347    3.480933    3.450576    3.942405    5.390728    0.636163    0.522723    0.386309    0.271379    0.088768    
1.930761    3.238886    3.140697    3.534971    4.130121    5.357121    0.628936    0.513988    0.437308    0.342982    0.223394    0.091784    
1.637582    3.029123    3.008785    3.220553    3.697718    4.296504    4.929947    0.636249    0.509484    0.446125    0.375537    0.279797    0.174182    0.077639    
1.533600    3.018685    2.944239    3.126940    3.563762    4.100086    4.773474    5.461830    0.650731    0.504692    0.445040    0.379932    0.300018    0.201082    0.143798    0.051038    
1.405800    2.703048    2.717984    2.804332    3.135677    3.511292    4.048225    4.358742    5.227005    0.641673    0.480938    0.425703    0.377838    0.312987    0.239700    0.168085    0.118770    0.045077    
1.307757    2.453126    2.538609    2.583678    2.718427    2.903374    3.251387    3.806553    4.175809    5.072468    0.627985    0.463372    0.410110    0.365589    0.302054    0.243642    0.192679    0.148227    0.102533    0.039954    
