 9    -5.060654    6.181778    0.611415
-1.005836  0.503446  1.199233  1.483479  -0.592821  -0.667869  -0.277927  -0.746122  -1.144461  -0.517024  -1.065586  0.040723  -0.927408  0.138031  -1.344592  0.494226  -0.986034  0.821460  1.196688  1.597137  -1.299495  0.713507  0.143302  0.823571  -1.206175  -1.405423  0.998794  1.505038  0.429739  -1.935947  -0.247171  0.900996  -0.349041  -0.477095  -1.421178  0.104364  
-0.244949  0.165516  0.239019  0.161400  0.211359  -0.154696  -0.131758  -0.999438  0.123125  
 1    -1.523912    0.155425      0.314589
 2    -3.725611    0.562592      0.118750
 3    -4.354613    0.686212      0.062801
 4    -4.778515    0.841103      0.025096
 5    -4.912497    0.928639      0.013178
 6    -4.995716    0.970144      0.005776
 7    -5.027918    0.987386      0.002912
 8    -5.045544    0.993459      0.001344
 9    -5.055375    0.998318      0.000470
10    -5.058215    0.999205      0.000217
3.650433    0.473059    
3.178220    4.488513    0.531171    0.456195    
2.806163    3.286132    4.606846    0.561911    0.456432    0.283173    
2.449133    3.208850    2.772569    4.779809    0.586631    0.475327    0.326133    0.270658    
2.033291    2.883321    2.734045    3.010560    3.768917    0.581566    0.449493    0.385988    0.225137    0.212981    
1.579658    2.832410    2.740658    2.793308    2.983157    3.679397    0.623664    0.477710    0.395488    0.328308    0.199202    0.165324    
1.482697    2.575927    2.568483    2.675219    2.776590    3.257594    3.419079    0.616588    0.460583    0.397243    0.335607    0.267232    0.167498    0.101057    
1.433087    2.544146    2.553094    2.644404    2.760992    3.231798    3.006734    4.577175    0.612652    0.459804    0.402354    0.346375    0.269951    0.216702    0.115307    0.065582    
1.342892    2.347426    2.375400    2.452615    2.552123    2.844278    2.995066    3.165873    3.927403    0.602899    0.442075    0.389920    0.339648    0.294434    0.218373    0.188271    0.074290    0.064397    
1.185843    2.089669    2.228593    2.302130    2.400770    2.552538    2.804400    2.959129    3.458271    3.529563    0.586052    0.427991    0.385410    0.339274    0.304270    0.245564    0.199518    0.152313    0.066770    0.050504    
