 9    -4.914289    4.836203    0.022408
-1.708201  -0.685090  0.474089  1.287810  -0.074869  0.118065  0.501762  1.971941  -1.543012  1.101359  0.513531  1.303107  -0.039411  -0.404673  0.646122  0.367776  0.305231  -1.148064  -0.678943  -0.668388  -0.482080  0.743054  -0.008128  -1.277238  -2.272334  -0.698613  -0.453450  0.203009  -2.375496  -0.205393  -0.246886  0.350648  0.547968  -0.331325  -1.254338  1.786278  
0.286264  0.211292  0.176749  -0.169368  -0.904358  0.100485  -0.197152  -0.101994  -0.315548  
 1    -1.965913    0.130159      0.302382
 2    -3.680690    0.550394      0.126517
 3    -4.166312    0.711192      0.076712
 4    -4.501356    0.807929      0.042350
 5    -4.703922    0.889757      0.021575
 6    -4.791036    0.963127      0.012641
 7    -4.804003    0.965163      0.011311
 8    -4.815655    0.969542      0.010116
 9    -4.829170    0.965501      0.008730
10    -4.837344    0.968272      0.007891
3.935640    0.757908    
3.144743    3.449327    0.487359    0.423501    
2.488104    3.036281    2.831829    0.514005    0.376041    0.240211    
2.426947    2.985076    2.724873    3.769595    0.620517    0.482347    0.269969    0.233776    
2.256863    2.637085    2.452337    3.096889    2.801412    0.598205    0.451415    0.349839    0.191187    0.180680    
2.251265    2.595841    2.438440    3.174204    2.569108    6.283185    0.588390    0.452628    0.345970    0.208250    0.260899    0.115468    
2.264206    2.582734    2.414315    3.131109    2.579830    6.283185    6.283185    0.591211    0.453648    0.351470    0.205935    0.277794    0.165583    0.053795    
2.168370    2.568559    2.428270    3.070293    2.695608    6.283185    6.283185    6.283185    0.592833    0.452106    0.359691    0.196808    0.263050    0.131861    0.000000    1.516698    
2.071186    2.482687    2.422351    2.894419    2.757303    6.185706    6.283185    6.283185    4.704863    0.592490    0.450345    0.369240    0.227416    0.267755    0.128204    0.000000    1.507254    1.526366    
2.037798    2.515290    2.424812    2.858120    2.864509    6.131800    6.206750    6.206747    5.548014    6.276488    0.595601    0.446456    0.367309    0.219749    0.247165    0.105359    0.000000    1.500430    1.570796    0.052093    
