 9    -3.875169    4.832687    0.073017
1.388700  1.788755  0.578529  -1.270554  -1.258753  -0.139977  -0.346450  -1.133400  0.839501  -1.195614  -0.891264  0.056036  -0.382613  -1.776864  -0.436097  0.527447  -0.499284  0.978743  -0.462637  -0.235565  0.134705  0.247562  -0.517419  -0.054777  0.724381  -0.410012  0.210369  -0.298181  -1.063472  0.189191  0.456209  -0.417063  1.802967  0.102135  0.327872  -2.098674  
-0.278186  -0.165099  0.208959  -0.760975  -0.178106  -0.230034  0.152383  -0.273312  -0.285425  
 1    -1.725122    0.218809      0.246909
 2    -2.939907    0.607998      0.107404
 3    -3.397098    0.773576      0.054901
 4    -3.700645    0.882357      0.020042
 5    -3.797838    0.957390      0.008881
 6    -3.843068    0.979351      0.003686
 7    -3.859410    0.989276      0.001810
 8    -3.868160    0.996675      0.000805
 9    -3.873020    0.999134      0.000247
10    -3.874100    0.999529      0.000123
4.018393    0.661766    
2.947328    3.861603    0.582032    0.427854    
2.552118    2.853126    3.544594    0.601051    0.444463    0.277773    
2.272286    2.884881    2.589302    3.765084    0.649534    0.505682    0.337471    0.256416    
1.990888    2.510211    2.342062    2.678270    2.981477    0.621184    0.462367    0.388300    0.232565    0.189385    
1.401783    2.474562    2.391441    2.384575    2.643276    3.054163    0.643535    0.501488    0.413896    0.334977    0.216500    0.144186    
1.325678    2.240152    2.205773    2.261964    2.379320    2.806815    2.921549    0.638201    0.475594    0.409646    0.347265    0.279278    0.175210    0.089298    
1.275960    2.251184    2.220465    2.270146    2.397113    2.772500    2.800923    3.735315    0.641501    0.478859    0.418361    0.359609    0.283638    0.224931    0.110708    0.058337    
1.223433    2.067154    2.039215    2.071651    2.155051    2.389839    2.522324    2.829499    3.334921    0.631397    0.452339    0.398650    0.347178    0.300252    0.225694    0.187800    0.082482    0.059551    
1.096299    1.802491    1.885577    1.921746    1.988693    2.093338    2.339246    2.491597    3.010097    2.998924    0.604720    0.428999    0.388418    0.341686    0.305024    0.248468    0.204093    0.155025    0.072181    0.046862    
