 9    -5.553353    5.187590    0.638831
1.348629  1.991068  1.393069  -0.686884  -0.095791  -0.756370  0.561199  0.751012  -1.191746  -1.487929  -0.625148  0.282211  -1.079033  -0.515311  0.327559  0.879111  0.555377  0.181936  0.944846  -1.306168  0.341810  -1.393622  -0.032307  0.388868  0.028718  0.022139  -0.033604  -0.468688  3.177931  -0.641396  -1.818455  -0.212221  -0.738502  -0.033063  -0.072000  0.364808  
-0.355098  0.234728  0.308196  0.118992  -0.278448  -0.287912  -0.292174  0.267380  -0.237416  
 1    -2.659373    0.278371      0.269434
 2    -4.382719    0.651267      0.108988
 3    -5.227019    0.864213      0.030382
 4    -5.446253    0.924633      0.009971
 5    -5.502048    0.948148      0.004777
 6    -5.533911    0.987811      0.001810
 7    -5.546290    0.994580      0.000658
 8    -5.549129    0.998193      0.000393
 9    -5.551684    0.999284      0.000155
10    -5.552650    0.999748      0.000065
5.230237    0.673613    
4.139961    5.319860    0.799388    0.429449    
3.647743    3.679817    4.328358    0.719222    0.542560    0.322238    
2.508018    3.493621    3.474911    3.969949    0.658242    0.578735    0.433255    0.227716    
1.815501    3.341971    3.081513    3.390350    3.936234    0.688826    0.557999    0.482127    0.373978    0.173595    
1.770598    3.334253    3.092447    3.441937    3.853387    5.079773    0.685044    0.559164    0.492540    0.393194    0.261191    0.091839    
1.569440    2.919918    2.822936    2.954175    3.264498    3.708610    4.729647    0.675959    0.519555    0.475914    0.403279    0.317367    0.203363    0.088037    
1.549275    2.918883    2.817906    2.942534    3.222650    3.633486    4.387235    4.826588    0.676971    0.523088    0.477676    0.410708    0.335081    0.228565    0.137224    0.038504    
1.483190    2.704428    2.607979    2.578697    2.674216    2.830359    3.346780    4.150804    5.086002    0.665948    0.496606    0.446153    0.380117    0.312154    0.250376    0.182129    0.124943    0.036384    
1.313407    2.363482    2.471521    2.460748    2.531136    2.632092    2.955067    3.503115    4.015308    5.049860    0.641068    0.483177    0.436329    0.391195    0.329290    0.274675    0.223426    0.161678    0.105087    0.034572    
