 9    -5.389425    4.858199    1.024673
-0.200346  -0.722750  -1.006436  -0.435368  0.930336  -0.694714  -3.291892  -0.638987  0.114389  0.204070  -0.750726  0.169636  0.328819  -0.584229  0.753944  0.230280  0.240640  -1.494794  -1.133634  0.667369  -0.284219  -0.135895  -1.029348  -0.889640  -0.206062  0.312559  0.289747  -0.294751  1.042046  1.039606  -0.413697  0.161573  -2.458694  -0.152347  0.520745  -1.290890  
0.311403  -0.111447  0.208216  0.177751  -0.851903  0.190098  0.189470  0.212423  0.289381  
 1    -1.991177    0.121828      0.331613
 2    -4.079975    0.589831      0.127781
 3    -4.653074    0.759707      0.071856
 4    -5.066397    0.844922      0.031522
 5    -5.249219    0.925324      0.013682
 6    -5.311440    0.945066      0.007610
 7    -5.347505    0.983415      0.004091
 8    -5.349606    0.983399      0.003886
 9    -5.356309    0.990484      0.003232
10    -5.369831    0.993034      0.001912
3.495007    0.763997    
2.895775    3.449201    0.515799    0.434748    
2.403813    2.810824    2.884258    0.548761    0.390898    0.253681    
2.294455    2.786428    2.499758    3.678902    0.636727    0.495449    0.297769    0.252792    
2.090764    2.447907    2.261944    2.786012    2.683507    0.610902    0.455856    0.365005    0.200675    0.188712    
1.385865    2.330262    2.296033    2.336251    2.679168    2.794234    0.604910    0.481302    0.402619    0.311529    0.198252    0.140595    
1.304480    2.417755    2.349383    2.364236    2.750915    2.725945    6.283185    0.642473    0.490896    0.407322    0.333149    0.195263    0.230465    0.098930    
1.300927    2.399996    2.334357    2.358016    2.686405    2.763072    6.283185    3.063324    0.637591    0.487992    0.407833    0.334310    0.210739    0.230788    0.097070    1.550709    
1.338756    2.350854    2.308316    2.334939    2.732485    2.717194    6.283185    3.929256    6.283185    0.622063    0.482516    0.403965    0.319138    0.201854    0.217290    0.088304    1.507033    1.508970    
1.260967    2.266434    2.247198    2.245264    2.405231    2.953478    6.059271    3.659491    2.244211    4.584873    0.626873    0.479623    0.401787    0.343253    0.237160    0.254650    0.161332    1.440435    0.082593    1.490594    
