 9    -6.989051    5.533182    1.142321
-0.643717  -1.251820  -0.563915  0.331439  1.203907  0.410914  1.678242  -1.025964  -0.021762  0.530480  0.576005  -1.554301  0.135096  -0.623157  1.427615  -2.456159  -1.629362  1.660334  -0.304425  -0.554435  -0.470783  -0.816757  1.163855  -1.072726  0.408300  0.162989  1.575043  -1.779279  -0.617568  0.326719  -1.657428  -1.096789  -1.415915  1.410982  0.406111  1.100853  
-0.136352  0.980516  -0.157069  -0.193457  -0.205990  0.252649  -0.176309  0.257858  -0.085617  
 1    -3.605255    0.199753      0.270223
 2    -5.179602    0.470541      0.144499
 3    -5.854504    0.610366      0.090603
 4    -6.398752    0.724355      0.047140
 5    -6.641896    0.794605      0.027723
 6    -6.722473    0.871553      0.021288
 7    -6.835610    0.907377      0.012253
 8    -6.822581    0.949058      0.013294
 9    -6.824846    0.947616      0.013113
10    -6.833235    0.954471      0.012443
5.386669    0.706116    
3.048728    3.500298    0.484146    0.425428    
2.413872    3.065557    3.055733    0.526710    0.386755    0.244844    
2.319522    2.985654    2.782427    3.786874    0.614628    0.489886    0.278716    0.240111    
2.043555    2.645619    2.533578    3.100857    2.949882    0.590047    0.461075    0.366029    0.207467    0.177056    
2.066264    2.636253    2.538062    3.213124    2.691084    6.283185    0.585410    0.465988    0.360626    0.222635    0.241054    0.096663    
1.478441    2.605952    2.506975    2.591405    3.068513    2.767102    6.283185    0.609590    0.470968    0.398449    0.307756    0.199153    0.206101    0.100647    
2.044464    2.640238    2.517490    3.165286    2.719684    6.283185    6.102563    5.880427    0.587031    0.467671    0.369382    0.223412    0.258076    0.160813    0.123369    0.072011    
2.025943    2.631726    2.516604    3.129326    2.736869    6.283185    6.265830    5.371155    1.953926    0.587729    0.468368    0.372817    0.225917    0.260385    0.161590    0.132178    0.056623    0.029294    
2.002475    2.642366    2.526208    3.101786    2.790155    6.283185    6.283185    5.349805    3.356540    6.283184    0.589395    0.468433    0.374389    0.224093    0.255166    0.151265    0.121349    0.060005    0.000000    1.540987    
