 9    -3.711965    5.187205    0.395639
1.594854  -0.655138  1.016982  0.369841  -0.070009  -0.682898  -0.254259  -0.672071  0.295525  0.098739  -0.925285  0.296286  -0.202728  -0.416951  -0.139597  1.161232  -0.213925  -1.273170  -0.021132  0.436229  -0.325183  1.304758  -0.506358  -0.392422  -0.848370  -1.617793  -1.177994  -0.524107  -0.350363  -1.682789  0.256443  -0.872514  0.177065  -0.927713  1.373764  1.081309  
-0.349796  0.263316  -0.261925  0.275824  -0.261137  -0.222619  0.288631  0.264921  -0.343148  
 1    -1.952065    0.334886      0.197760
 2    -2.935758    0.716136      0.087222
 3    -3.539679    0.931069      0.019360
 4    -3.679646    0.984745      0.003632
 5    -3.705656    0.996517      0.000709
 6    -3.709382    0.998462      0.000290
 7    -3.710958    0.999649      0.000113
 8    -3.711743    0.999897      0.000025
 9    -3.711757    0.999903      0.000023
10    -3.711742    0.999898      0.000025
4.183158    0.618853    
3.903695    5.326812    0.850727    0.458793    
3.433975    3.290709    4.194609    0.733701    0.564083    0.350624    
2.258739    3.367125    3.225269    3.722583    0.684156    0.612534    0.447241    0.250567    
1.643298    3.073633    2.870544    3.199130    3.639573    0.710083    0.570419    0.518135    0.399791    0.195275    
1.487159    2.712852    2.651674    2.762861    2.951831    3.481377    0.686884    0.536735    0.496869    0.409856    0.293959    0.122009    
1.426375    2.637486    2.547949    2.596096    2.773464    3.079675    3.955497    0.684805    0.528720    0.481229    0.410850    0.330497    0.214846    0.079698    
1.355558    2.427360    2.287272    2.231670    2.216991    2.247204    2.800849    3.859172    0.670764    0.493994    0.439484    0.375167    0.297815    0.248646    0.184991    0.078931    
1.333407    2.363393    2.213682    2.105795    2.165953    2.376280    2.848976    3.498642    6.283185    0.665127    0.484994    0.422967    0.363788    0.311517    0.261766    0.176238    0.055205    1.554704    
1.306213    2.347771    2.239629    2.201071    2.223391    2.372470    3.034111    6.177670    2.891931    5.184507    0.664938    0.488827    0.433707    0.378748    0.309685    0.253221    0.166187    1.570796    1.507460    1.553669    
