 9    -4.836901    3.737098    0.155427
1.197643  -0.714573  -0.331470  0.595437  0.338292  0.659938  -0.500032  0.115505  -0.342145  -0.596453  -0.067084  1.545699  -0.413591  0.960188  -0.016378  0.482895  -0.638031  0.569905  -2.400921  0.158575  0.180194  -0.618764  0.041434  1.062451  0.299904  0.768707  0.849697  -0.345409  1.072250  -0.226294  -0.705384  -1.052540  0.599254  0.049440  0.887364  1.871586  
0.243743  -0.220395  -0.189765  0.785836  -0.189741  0.221375  -0.214688  0.257644  -0.260050  
 1    -1.777934    0.187498      0.356772
 2    -3.671389    0.632999      0.135936
 3    -4.251731    0.784830      0.068249
 4    -4.645661    0.886828      0.022305
 5    -4.759883    0.968720      0.008983
 6    -4.812060    0.989488      0.002897
 7    -4.829534    0.997433      0.000859
 8    -4.832947    0.998439      0.000461
 9    -4.835365    0.999494      0.000179
10    -4.836186    0.999744      0.000083
3.181187    0.638987    
2.794975    3.755074    0.580180    0.440321    
2.443410    2.712643    3.467035    0.602071    0.449718    0.285036    
2.211299    2.740332    2.417862    3.730099    0.653576    0.506468    0.343594    0.272209    
1.935688    2.379547    2.206322    2.511634    2.872200    0.624149    0.461383    0.392689    0.227094    0.206572    
1.309622    2.337621    2.269309    2.252544    2.497605    2.882357    0.639278    0.505271    0.419009    0.339942    0.217075    0.158792    
1.230094    2.099825    2.030452    2.107659    2.211399    2.645946    2.624158    0.641853    0.467949    0.407482    0.355307    0.286391    0.179833    0.105180    
1.153743    1.859834    1.844185    1.894936    1.967598    2.114122    2.480332    2.512685    0.618230    0.434833    0.389310    0.338026    0.296318    0.217950    0.148765    0.074306    
1.115526    1.896903    1.899228    1.916751    1.988428    2.159080    2.343696    2.596351    3.109028    0.623970    0.449775    0.398849    0.347796    0.306472    0.235932    0.192173    0.096039    0.051053    
1.024667    1.697212    1.756233    1.782060    1.843724    1.916850    2.135029    2.296455    2.709043    2.843209    0.604576    0.426833    0.384348    0.340895    0.305777    0.253591    0.209425    0.161614    0.076884    0.044418    
