 9    -5.507427    6.302127    0.179255
0.286737  -1.614226  -2.273977  -0.592228  0.483037  0.143706  -2.061878  -0.378867  -1.044350  -0.467956  -1.944020  -0.360842  -0.845624  -0.393506  -0.128412  1.699103  -0.205102  -1.353236  0.078569  -0.912648  0.287707  0.720950  2.542370  1.214664  -0.456812  -0.948636  -0.651693  1.089899  0.792231  -0.326891  -0.526344  -0.326621  -2.338225  -1.775788  0.054964  2.505928  
-0.225912  0.256928  0.308885  -0.290757  0.250399  0.293144  -0.160281  -0.264795  0.353980  
 1    -1.977100    0.133255      0.298938
 2    -4.404121    0.685592      0.093425
 3    -5.221717    0.900634      0.024193
 4    -5.431020    0.955840      0.006470
 5    -5.474992    0.973563      0.002747
 6    -5.495152    0.994735      0.001039
 7    -5.504012    0.998445      0.000289
 8    -5.505907    0.999045      0.000129
 9    -5.506360    0.999604      0.000090
10    -5.506450    0.999671      0.000083
5.605610    0.837839    
4.087884    5.335531    0.811652    0.434313    
3.608046    3.629827    4.287635    0.727659    0.546257    0.322028    
2.453048    3.505743    3.395452    3.882845    0.668188    0.587779    0.429981    0.233650    
1.745421    3.288786    3.015112    3.325231    3.818309    0.694675    0.560375    0.489036    0.378785    0.179468    
1.715547    3.202536    3.015471    3.327867    3.678395    4.734892    0.686303    0.556376    0.499460    0.399771    0.264671    0.082862    
1.504955    2.828793    2.746636    2.821769    3.104431    3.495855    4.551396    0.677002    0.523490    0.473805    0.406095    0.321182    0.207329    0.080234    
1.408960    2.591144    2.496351    2.366591    2.306531    2.556738    3.216949    4.347505    0.662212    0.495971    0.432699    0.357321    0.286089    0.249612    0.176188    0.073533    
1.422000    2.603646    2.507982    2.400792    2.356538    2.569273    3.190081    4.144109    4.853553    0.663887    0.497882    0.436821    0.364619    0.295454    0.260396    0.192820    0.109424    0.023003    
1.446683    2.618448    2.519580    2.441782    2.447468    2.600904    3.184340    4.300650    4.812909    6.133019    0.664260    0.498235    0.438379    0.371618    0.297260    0.249440    0.180883    0.091103    0.000247    1.559842    
