 9    -6.423142    7.720864    0.189729
1.736738  1.897914  -2.106773  -0.148912  0.583062  -2.259233  0.137240  -0.701213  -0.620780  -0.479620  1.209739  -1.075184  0.806919  -0.290783  -0.220948  -0.169156  1.100834  0.082511  -0.004376  -1.722558  1.057556  -2.517913  -1.910640  1.306455  0.424398  -0.469168  -1.006073  -0.921923  0.626405  0.357177  -0.018719  0.221171  0.698604  0.834510  -1.665638  -2.901440  
-0.819691  0.536593  0.623990  -0.684992  -0.663884  -0.681583  -0.364348  0.674538  0.945304  
 1    -2.377499    0.097552      0.286032
 2    -5.059739    0.680303      0.096394
 3    -6.079610    0.898500      0.024288
 4    -6.333670    0.959720      0.006326
 5    -6.356016    0.975715      0.004746
 6    -6.363930    0.979776      0.004186
 7    -6.377204    0.986036      0.003248
 8    -6.377204    0.986040      0.003248
 9    -6.385792    0.990017      0.002641
10    -6.388433    0.991542      0.002454
1.613986    0.814124    
0.676827    0.926538    0.833744    0.454929    
0.586424    0.598059    0.736322    0.724941    0.560139    0.336422    
0.406900    0.588069    0.567359    0.657227    0.674851    0.594416    0.434565    0.240256    
0.414246    0.591443    0.572942    0.658353    1.814718    0.679551    0.597116    0.435237    0.275523    1.523059    
0.395243    0.587620    0.558350    0.638875    1.738287    1.857618    0.676338    0.595756    0.441539    0.290386    1.488389    0.037219    
0.378050    0.587698    0.546577    0.633957    1.681017    1.980260    1.953523    0.677852    0.594844    0.449360    0.299889    1.473033    0.073183    1.528710    
0.378131    0.000000    0.587692    0.546607    0.633964    1.681125    1.980127    1.953577    1.312712    0.935949    0.594837    0.449337    0.299852    1.473032    0.073185    1.528726    
0.364498    0.590046    0.531800    0.620031    1.649342    2.048977    2.079853    3.812880    6.090196    0.684369    0.590763    0.454315    0.306049    1.471977    0.071164    1.521954    0.033526    0.015799    
0.362955    0.588014    0.528004    0.616416    1.648584    2.036217    2.071819    3.892414    6.106078    6.201399    0.684318    0.588375    0.453894    0.311288    1.470461    0.070114    1.536957    0.036002    0.028761    0.016459    
