 9    -4.414829    3.504503    0.030311
1.857565  -0.203968  0.711019  -0.958718  0.636314  0.984796  0.976736  -0.773217  -0.776050  -1.071380  -0.238518  -0.933245  -0.167597  -1.889870  0.563232  -1.514799  -0.558354  0.092131  0.432031  0.517837  -0.093025  0.611153  -0.411582  0.223541  0.685520  -0.103944  -0.564542  -0.640192  0.042300  -0.805789  -1.099186  0.143783  0.128243  -1.661902  -0.419893  -0.412928  
-0.309964  0.280324  0.273474  0.297597  0.197018  0.270294  0.290764  0.297245  0.214702  
 1    -1.722129    0.009518      0.340016
 2    -3.505533    0.005841      0.114820
 3    -4.166767    0.000072      0.031324
 4    -4.330396    0.000001      0.010662
 5    -4.367952    0.000113      0.005919
 6    -4.377059    0.000102      0.004769
 7    -4.382507    0.000039      0.004081
 8    -4.383782    0.000021      0.003920
 9    -4.384020    0.000003      0.003890
10    -4.384209    0.000002      0.003867
4.811480    0.301971    
4.059804    5.266020    0.826466    0.446116    
3.554215    3.487194    4.171204    0.728522    0.547034    0.327220    
2.351303    3.436189    3.335999    3.829046    0.670477    0.596580    0.441254    0.237645    
1.716156    3.181882    2.945907    3.258827    3.738992    0.698813    0.560177    0.498833    0.386201    0.185840    
1.606903    2.989919    2.886459    3.085793    3.339551    4.018227    0.686581    0.552673    0.501590    0.411295    0.283064    0.097501    
1.478406    2.743210    2.677694    2.759262    3.004908    3.376128    4.344414    0.679810    0.523727    0.479460    0.411196    0.329428    0.213031    0.080754    
1.390818    2.507886    2.434979    2.334604    2.315463    2.472995    3.066634    4.150166    0.664108    0.494591    0.438622    0.367369    0.295557    0.249630    0.178262    0.074443    
1.262123    2.314186    2.370254    2.318406    2.244469    2.252869    2.689221    3.262943    3.929314    0.652773    0.495703    0.440864    0.382940    0.308298    0.266315    0.220826    0.140135    0.052160    
1.118904    2.081412    2.353332    2.369292    2.400979    2.405544    2.588012    3.108731    3.855473    4.787819    0.629478    0.494579    0.451385    0.409679    0.348983    0.286392    0.238864    0.179134    0.105192    0.025681    
