 9    -6.643425    5.865210    1.016511
-0.387979  1.027428  -0.161652  -1.247563  0.865654  -0.059300  -0.902750  -0.009563  0.619805  0.494273  0.241427  -0.782034  -0.710795  0.554494  0.314347  0.665382  0.619601  0.789661  0.478173  -0.066191  0.159553  -1.213747  -1.279232  -1.144129  -0.167654  0.087212  -3.364413  -1.137771  -0.301603  1.668635  1.337528  0.118905  0.775811  -2.252921  0.313550  1.304715  
-0.336709  -0.194441  0.268390  -0.265732  -0.295575  -0.275855  -0.250065  -0.256100  0.323223  
 1    -3.448894    0.354319      0.255386
 2    -5.260996    0.718509      0.110518
 3    -6.326449    0.935940      0.025341
 4    -6.573471    0.979072      0.005592
 5    -6.618331    0.989851      0.002006
 6    -6.632894    0.996822      0.000842
 7    -6.640756    0.999310      0.000213
 8    -6.642519    0.999636      0.000072
 9    -6.642702    0.999806      0.000058
10    -6.642774    0.999847      0.000052
6.114815    0.531816    
3.990097    5.202128    0.822080    0.437034    
3.592304    3.535109    4.199284    0.738693    0.550440    0.328107    
2.401007    3.433922    3.317682    3.772125    0.675462    0.598278    0.436371    0.239848    
1.643154    3.239027    2.967639    3.263355    3.698045    0.712571    0.572612    0.508288    0.391680    0.189745    
1.615665    3.063507    2.931697    3.168027    3.415703    4.161217    0.699063    0.561640    0.513124    0.413799    0.276958    0.086110    
1.447357    2.760062    2.669839    2.727842    2.952205    3.309384    4.291192    0.683578    0.530962    0.480925    0.410452    0.328005    0.211918    0.079583    
1.358698    2.505952    2.376217    2.288729    2.292403    2.422057    2.991503    4.093272    0.666229    0.494545    0.433898    0.369070    0.297431    0.249459    0.178804    0.074588    
1.387317    2.554488    2.379389    2.270916    2.208439    2.383546    3.045682    4.047173    4.684786    0.671148    0.496198    0.432984    0.360264    0.290034    0.261870    0.196688    0.102885    0.016634    
1.397566    2.595045    2.428896    2.319497    2.325419    2.435449    2.993629    4.126680    4.903730    5.765608    0.673484    0.503893    0.438019    0.367832    0.296210    0.247715    0.181694    0.090805    0.000545    1.561919    
