 9    -9.574943    5.530223    1.310304
2.630205  0.331635  -0.987540  1.196508  1.705176  0.144573  -0.224789  0.221373  2.062121  2.356455  2.345444  -0.973641  -0.211556  -0.499396  -1.075603  -1.606699  1.315930  1.240364  2.464476  -1.954646  1.271019  0.863438  0.072479  1.632104  -0.754646  0.547447  -0.965586  -1.436375  1.354380  -1.247308  -0.210762  -0.761023  -0.015116  0.345782  -0.982598  -1.408368  
0.213035  -0.190719  0.172750  0.146024  -0.998619  -0.140466  -0.179153  0.072671  -0.247282  
 1    -4.286555    0.119502      0.350105
 2    -7.448654    0.556281      0.140766
 3    -8.349102    0.708015      0.081154
 4    -8.907617    0.801015      0.044179
 5    -9.019268    0.792061      0.036787
 6    -9.304524    0.912305      0.017902
 7    -9.340557    0.952407      0.015517
 8    -9.364983    0.969305      0.013900
 9    -9.370150    0.972451      0.013558
10    -9.382244    0.971559      0.012757
5.874838    0.896640    
3.417424    3.597899    0.419020    0.448454    
2.509447    3.350717    2.675606    0.438553    0.360197    0.247364    
2.658120    2.794873    2.285657    6.111154    0.516465    0.440956    0.350026    0.266711    
2.592627    2.835398    2.417929    6.283185    4.351803    0.545881    0.445828    0.333882    0.266765    1.495110    
2.482056    2.850872    2.443794    6.149968    5.408146    1.260474    0.548954    0.458481    0.378122    0.438471    1.158708    0.430702    
2.467021    2.834405    2.457265    6.220549    5.654699    1.062399    5.920808    0.542011    0.450434    0.384948    0.438414    1.064225    0.578667    0.077942    
2.446981    2.828437    2.446686    6.149090    5.722968    1.179323    6.283185    3.536805    0.542323    0.468190    0.390844    0.452167    1.040980    0.659312    0.099833    0.045817    
2.447824    2.849529    2.455175    6.175701    5.772048    1.171940    5.619428    3.382391    2.657545    0.540181    0.464172    0.390118    0.451644    1.025320    0.661902    0.137145    0.008075    0.061932    
2.457103    2.825391    2.441286    6.100142    5.663280    1.047505    6.171145    4.247875    3.535158    6.283180    0.548791    0.459095    0.378856    0.433219    1.071408    0.599128    0.124326    0.000000    0.000000    1.514218    
