 9    -6.732469    5.300516    0.872224
0.779165  0.433715  -0.868448  0.416689  -0.606075  0.537735  -1.068886  0.371192  -1.583441  0.551922  -1.085115  0.775944  0.416375  0.780529  0.033247  1.286144  2.901189  0.521076  1.021167  -0.454762  -1.219863  -2.057769  0.471433  -0.316541  -0.748170  0.918634  -0.860999  -3.374013  -0.444010  -0.478795  -0.889080  0.608275  0.344794  0.236290  -0.185461  -0.433932  
-0.276551  0.245893  0.298754  -0.272430  -0.326479  -0.246410  -0.363744  -0.089236  0.217899  
 1    -3.250941    0.236350      0.289332
 2    -5.396630    0.557388      0.111015
 3    -6.282995    0.756044      0.037354
 4    -6.508811    0.828270      0.018587
 5    -6.610131    0.925957      0.010167
 6    -6.668161    0.952651      0.005344
 7    -6.693476    0.980281      0.003240
 8    -6.715331    0.989693      0.001424
 9    -6.722784    0.994182      0.000805
10    -6.727392    0.998459      0.000422
4.300854    0.620105    
4.083279    5.043148    0.798110    0.422445    
3.508963    3.546768    4.029867    0.708028    0.514258    0.293129    
2.620382    3.272185    3.285639    3.759811    0.652206    0.537354    0.398974    0.199026    
2.702473    3.295035    3.348579    3.786252    5.045393    0.655733    0.541958    0.408449    0.284143    0.107371    
2.051489    3.041179    2.925247    3.324539    3.819019    4.756619    0.634133    0.520914    0.441477    0.349091    0.229268    0.106410    
2.031743    3.050858    2.923980    3.310240    3.773243    4.679912    5.033899    0.632357    0.524864    0.443323    0.361109    0.245702    0.165850    0.058513    
1.548464    2.923053    2.813708    2.988914    3.370532    3.829361    4.381007    5.091326    0.661846    0.524958    0.463935    0.391490    0.308339    0.206112    0.153697    0.059636    
1.431218    2.688976    2.671752    2.759977    3.067180    3.435051    3.909289    4.128147    4.774344    0.658256    0.511982    0.455058    0.399243    0.328581    0.248076    0.177944    0.120935    0.052307    
1.411958    2.684557    2.655542    2.746139    3.022765    3.355618    3.832259    3.990817    4.792835    5.279167    0.660799    0.510901    0.456475    0.402789    0.337652    0.261396    0.194473    0.139613    0.088984    0.029960    
