 9    -6.548185    3.992906    0.762691
-1.789561  -0.620432  -1.171035  0.148565  0.893654  -1.575155  -0.288518  -0.152455  -0.774642  -0.676979  1.407445  0.790398  -1.298069  -1.898607  -0.394314  -0.811435  0.276450  0.234359  -0.670887  0.533213  -0.724677  0.912850  0.602760  -1.331720  -1.004301  -0.549175  -1.811160  -1.036142  -1.130660  0.340955  0.095783  -1.201586  -0.285413  -0.224714  0.232842  -0.593356  
-0.238898  -0.215295  -0.176709  -0.187497  0.130894  0.999404  -0.145558  -0.159162  -0.213953  
 1    -3.416543    0.333150      0.297089
 2    -4.963918    0.644338      0.150294
 3    -5.683812    0.838633      0.082000
 4    -6.131196    0.860107      0.039558
 5    -6.238538    0.921289      0.029375
 6    -6.378167    0.971604      0.016129
 7    -6.435106    0.974611      0.010727
 8    -6.444251    0.979459      0.009860
 9    -6.451165    0.982489      0.009204
10    -6.457182    0.983749      0.008633
5.624226    0.600481    
3.022961    3.800739    0.456740    0.458793    
2.489470    3.104838    2.817455    0.490599    0.361960    0.264797    
2.463119    2.792113    2.261915    5.048794    0.568336    0.460018    0.329246    0.274678    
2.399388    2.798786    2.358217    5.788212    4.078097    0.570799    0.454950    0.340242    0.260220    1.473927    
2.212063    2.860258    2.440690    5.517334    5.115379    1.236817    0.594632    0.468824    0.385539    0.437265    1.100357    0.462429    
2.086648    2.727242    2.468593    5.281165    4.866411    1.695246    5.752678    0.597113    0.454858    0.404842    0.402208    1.167730    0.267891    1.404177    
2.090452    2.736893    2.456653    5.357601    4.816740    1.798137    5.484910    6.283185    0.594906    0.456249    0.409068    0.404675    1.144003    0.273803    1.341574    1.512294    
2.167648    2.757749    2.395805    5.361569    4.896820    1.927954    5.300309    5.961381    2.905210    0.592398    0.451414    0.408456    0.404878    1.143707    0.309040    1.312742    1.508430    1.523875    
2.138956    2.753667    2.414914    5.396725    4.840097    1.859397    5.632971    5.891241    4.164724    3.716122    0.594851    0.448666    0.418780    0.396902    1.141216    0.282878    1.307885    1.570796    1.536638    0.078259    
