 9    -5.685796    4.906882    0.300679
-1.945109  0.620710  -0.432221  0.462573  0.020115  -0.392806  2.213288  1.454509  -1.097804  0.429880  0.343355  0.253077  0.832716  0.277569  -0.227005  0.024562  -1.309637  -0.479140  0.549007  -0.083391  0.370486  0.223746  -0.543539  -0.007769  -0.247837  -2.646761  -1.998196  -0.599280  -0.526701  -1.153541  0.319954  -0.002845  0.365779  0.084837  -0.581482  -2.112574  
-0.281923  -0.185808  0.142049  0.169176  0.157172  0.124530  0.987818  -0.397346  0.141627  
 1    -1.560297    0.023799      0.389467
 2    -3.307780    0.249456      0.224496
 3    -3.432617    0.394812      0.212711
 4    -3.941587    0.511765      0.164662
 5    -4.092617    0.538243      0.150404
 6    -4.811432    0.763190      0.082544
 7    -4.883562    0.784348      0.075735
 8    -5.096375    0.809892      0.055644
 9    -5.119957    0.830834      0.053418
10    -5.159168    0.853062      0.049716
6.093656    1.061001    
1.380190    5.435851    0.234679    0.730047    
5.628061    4.079513    5.686309    1.054842    1.001253    0.253754    
1.850439    4.984837    3.732465    1.758961    0.405242    0.717037    1.072746    0.451803    
2.066615    4.842165    3.839875    2.098491    3.680836    0.447926    0.672668    1.167336    0.465954    1.424189    
2.482248    2.773945    4.463130    1.375577    3.518864    3.053436    0.662282    0.535968    1.570796    0.570579    1.231409    0.247792    
2.347945    2.804829    4.363698    1.374975    3.360119    3.143691    3.756191    0.645442    0.525174    1.570796    0.520616    1.225530    0.291543    1.472200    
2.309767    2.728565    4.323073    1.078208    3.525729    2.757379    4.810016    1.842895    0.619824    0.493410    1.570796    0.489531    1.273234    0.314263    1.273200    0.253650    
2.243231    2.736856    4.269865    1.065920    3.443311    2.849353    4.841191    2.081936    1.946569    0.611164    0.490063    1.570796    0.504017    1.270202    0.266043    1.308763    0.307521    1.460986    
2.269324    2.771309    4.202497    1.191925    3.192159    2.908106    5.826342    1.154490    3.198858    2.757500    0.614279    0.497371    1.570796    0.529364    1.266120    0.236906    1.336538    0.316039    1.410508    0.117859    
