 9    -5.054358    7.413364    0.023397
0.054388  0.066855  -0.313268  -0.714383  0.437518  -1.693630  -1.272009  -1.185710  -1.177596  0.719244  -0.728957  1.291943  0.025615  -2.176068  -0.111670  -1.228390  0.600072  -0.060992  1.393044  -0.406947  1.332656  0.430316  2.726738  -1.551158  -0.821410  -0.160150  -1.142316  -0.558194  0.147042  1.593731  0.620259  0.539776  -1.157280  0.402325  -0.447798  -0.231301  
0.206496  0.156603  0.922530  0.180820  0.100397  -0.241709  0.194046  0.277305  -0.037602  
 1    -2.171505    0.081733      0.231225
 2    -3.610265    0.364916      0.115827
 3    -4.061837    0.450066      0.079607
 4    -4.429062    0.554901      0.050153
 5    -4.540704    0.615006      0.041199
 6    -4.603607    0.695807      0.036153
 7    -4.695428    0.774243      0.028789
 8    -4.798548    0.828466      0.020518
 9    -4.865730    0.895367      0.015129
10    -4.938698    0.960537      0.009277
5.018175    0.860990    
2.897193    3.873533    0.504965    0.446671    
2.466803    3.054242    3.908673    0.553943    0.428912    0.258269    
2.274977    2.911564    2.594513    4.375742    0.582733    0.468233    0.297540    0.254319    
1.889653    2.602239    2.549123    2.991074    3.250066    0.570738    0.444123    0.369448    0.204968    0.190695    
2.013751    2.665365    2.574306    3.222864    2.827874    6.283185    0.567003    0.455876    0.358671    0.227349    0.250911    0.113679    
2.133449    2.773478    2.563122    3.490004    2.617457    6.283185    6.283185    0.570827    0.461355    0.349708    0.186288    0.236824    0.182338    0.113956    
2.074286    2.710847    2.553438    3.223363    2.703711    6.283185    6.283185    6.283185    0.577263    0.458373    0.354660    0.206890    0.245758    0.169250    0.175463    0.111272    
2.147675    2.732711    2.585970    3.371040    2.679345    6.283185    6.283185    6.283185    6.283185    0.577649    0.457425    0.348237    0.211570    0.243122    0.169135    0.168073    0.169408    0.087052    
2.106702    2.673354    2.581391    3.353525    2.632402    6.283185    6.283185    6.283185    6.283185    6.283185    0.574418    0.456674    0.352322    0.204306    0.230035    0.158284    0.152834    0.146848    0.141754    0.090160    
