 9    -4.632089    4.659803    0.286011
-0.934865  0.816632  0.671318  0.859880  0.640418  0.266168  -0.867070  -0.429947  0.784486  0.648298  -1.177462  -0.270474  0.982758  0.978122  -0.218039  -1.001104  0.680115  -0.061909  0.443576  -0.178919  -0.562895  -0.681361  1.251128  0.112286  -0.010073  -1.276786  0.717665  1.291600  -0.105187  -0.953890  -1.007958  -0.949926  -0.329737  0.157287  1.385215  1.187480  
-0.382361  -0.231771  0.258531  0.287339  0.257513  -0.270775  -0.288019  -0.215895  0.381063  
 1    -1.984231    0.025216      0.284964
 2    -3.323897    0.010866      0.140789
 3    -3.959141    0.003321      0.072423
 4    -4.116348    0.002637      0.055504
 5    -4.143601    0.002007      0.052571
 6    -4.148939    0.001072      0.051997
 7    -4.151813    0.000066      0.051688
 8    -4.152839    0.000021      0.051577
 9    -4.153013    0.000009      0.051559
10    -4.152891    0.000015      0.051572
3.266350    0.459598    
3.766381    4.866744    0.817949    0.429647    
3.431255    3.212701    3.977372    0.736766    0.554292    0.338819    
2.221628    3.287731    3.119571    3.558737    0.685503    0.610200    0.442527    0.245725    
1.597975    2.949938    2.762064    3.060864    3.474566    0.697866    0.565220    0.507893    0.392577    0.189041    
1.436865    2.656600    2.604441    2.743291    2.927808    3.430720    0.683211    0.542244    0.498703    0.414729    0.293103    0.114597    
1.385710    2.563110    2.497932    2.574682    2.768975    3.081884    3.966694    0.682933    0.528735    0.483875    0.414927    0.329285    0.210227    0.075887    
1.312762    2.338059    2.213678    2.129485    2.111412    2.265226    2.833668    3.877584    0.667200    0.490577    0.433056    0.365539    0.296132    0.253733    0.181494    0.072665    
1.095714    2.066584    2.208988    2.190193    2.122198    2.072183    2.416602    2.975616    3.794002    0.648491    0.507516    0.453165    0.398765    0.325904    0.274423    0.236209    0.161299    0.060377    
1.321108    2.382306    2.232888    2.129176    2.095576    2.250045    2.811675    3.711138    4.476576    2.902723    0.671204    0.497141    0.434728    0.363362    0.298134    0.261486    0.194584    0.100316    0.015870    1.568908    
