 9    -5.971557    6.923384    0.486260
-0.452566  0.701203  -1.493780  -1.275922  1.342529  -2.134132  -1.496720  -1.305306  0.828734  0.154989  0.275923  1.852512  -0.828546  0.056397  0.562527  0.047985  0.905175  1.409930  -0.323823  -0.165668  -0.018118  0.307362  -0.945166  -2.021812  -0.190764  -1.968996  0.411619  -1.887392  -0.508471  -1.421473  1.122714  -1.617291  -0.288227  1.458641  0.854792  -0.048910  
0.218731  0.148605  -0.112319  0.990287  0.142366  -0.160911  0.209057  -0.140979  0.178889  
 1    -3.370482    0.281967      0.201713
 2    -4.659057    0.608313      0.101784
 3    -5.220018    0.781267      0.058282
 4    -5.576443    0.883437      0.030641
 5    -5.635480    0.884355      0.026063
 6    -5.830166    0.970275      0.010965
 7    -5.832469    0.970954      0.010786
 8    -5.839107    0.969931      0.010271
 9    -5.848398    0.968969      0.009551
10    -5.876196    0.980608      0.007395
6.270618    0.720789    
3.652167    3.727937    0.427290    0.435681    
2.666802    3.526039    2.846490    0.441362    0.359235    0.240373    
2.783760    3.075537    2.440455    6.283185    0.511443    0.435314    0.333817    0.246908    
2.736421    3.104112    2.571279    6.283185    4.600734    0.544925    0.441556    0.316550    0.251526    1.505235    
2.579473    3.057200    2.617091    6.283185    5.700657    1.299182    0.554722    0.460792    0.361740    0.435695    1.129457    0.458904    
2.578256    3.041644    2.612094    6.283185    5.631264    1.325851    4.116346    0.552917    0.463863    0.362608    0.435212    1.139899    0.446538    1.555401    
2.656428    0.660710    2.670185    2.689000    6.283185    5.549054    1.503900    6.283185    0.964042    1.077788    0.508734    0.376092    0.431419    1.167399    0.380457    1.525044    
2.605881    0.747541    2.601377    2.733546    6.149055    5.392536    1.693543    5.951504    6.283185    0.941252    1.086459    0.510628    0.382514    0.403146    1.217462    0.270410    1.439047    1.520058    
2.558429    3.008182    2.604652    6.188021    5.541919    2.020685    1.885872    3.759566    4.766474    6.283185    0.556874    0.450013    0.378891    0.421361    1.200283    0.345153    1.531481    1.414267    1.467743    1.476998    
