 9    -4.368688    6.315182    0.014019
1.044560  -1.449536  0.588023  1.842537  1.549008  -0.023531  -0.878637  1.253610  1.377716  0.376270  -0.124098  0.904463  -0.398546  0.898816  -0.822881  -1.367960  -0.748894  0.512918  0.068307  0.592726  -0.537103  0.225458  1.405063  0.255229  2.156938  -0.267134  0.162833  1.164157  -0.475942  0.694334  -0.167675  0.151874  1.628564  1.952197  1.432127  0.866104  
0.296557  -0.185457  0.216921  0.204123  -0.162811  -0.930431  0.170380  -0.222802  -0.068197  
 1    -2.293972    0.016153      0.194191
 2    -3.342611    0.011317      0.096040
 3    -3.635351    0.006212      0.068640
 4    -3.893200    0.001389      0.044505
 5    -3.989285    0.000660      0.035512
 6    -4.024209    0.000315      0.032243
 7    -4.059200    0.002130      0.028968
 8    -4.111480    0.000217      0.024074
 9    -4.150190    0.002851      0.020451
10    -4.215710    0.002613      0.014319
5.093679    0.795150    
2.868399    3.510119    0.477781    0.433282    
2.260578    2.845427    2.960851    0.507984    0.392510    0.243063    
2.186553    2.724135    2.491481    3.927127    0.621674    0.483304    0.311312    0.267745    
1.858512    2.365411    2.313865    2.747937    2.933207    0.598675    0.449205    0.374189    0.218437    0.200473    
1.314421    2.247320    2.267911    2.362924    2.678212    2.918769    0.596963    0.468251    0.394915    0.310907    0.204346    0.141976    
1.369452    2.375655    2.290545    2.439742    2.748327    3.616563    6.280522    0.646424    0.480473    0.371456    0.332701    0.209134    0.000000    1.437653    
1.163889    2.277044    2.282403    2.336258    2.743433    4.198446    4.938282    6.283185    0.624999    0.480508    0.388553    0.348013    0.227542    0.058293    1.351801    1.444737    
1.261520    2.049254    1.972631    2.275351    2.512845    3.366440    5.904006    3.153737    3.562755    0.633644    0.413730    0.381867    0.337078    0.292721    0.032996    1.353682    1.463539    1.446756    
1.144105    2.042606    1.809903    2.149332    2.251499    3.092230    5.831221    2.907301    3.383955    3.096466    0.653639    0.415009    0.369949    0.335044    0.302754    0.072833    1.360350    1.349664    1.428032    1.438550    
