 9    -4.584447    4.876279    0.263283
0.659883  0.275174  0.023310  -0.031400  -0.488760  1.769949  -1.057899  0.536744  0.252211  -0.359362  -1.231819  -1.621168  -1.835555  -0.398626  -1.042137  -1.006256  -0.611754  -0.682057  2.505280  1.717893  -0.361545  -1.074668  0.387961  -0.375003  1.636920  -0.270384  0.058092  1.352443  0.595227  1.041111  0.006024  0.096811  -0.832191  1.264057  1.087144  -0.365222  
0.191889  -0.170189  0.239901  0.192283  0.178960  -0.986290  -0.186047  -0.184328  -0.154494  
 1    -1.675964    0.040788      0.307427
 2    -3.428218    0.554892      0.122214
 3    -3.864443    0.732032      0.076105
 4    -4.309887    0.842484      0.029021
 5    -4.448924    0.940686      0.014325
 6    -4.503076    0.973868      0.008601
 7    -4.513742    0.976114      0.007474
 8    -4.522685    0.977305      0.006528
 9    -4.562665    0.991402      0.002302
10    -4.548502    0.988174      0.003799
5.018045    1.004053    
2.763490    3.375128    0.448721    0.466637    
2.305302    2.822322    2.863853    0.502814    0.379437    0.251465    
2.319259    2.571701    2.139047    4.673945    0.558472    0.459617    0.315993    0.277467    
2.088512    2.436544    2.248258    2.923262    2.603240    0.571825    0.448089    0.341270    0.171904    0.199717    
1.990207    2.350434    2.232762    2.891230    2.448852    5.869698    0.571683    0.452561    0.351121    0.203415    0.279750    0.101060    
1.840884    2.325989    2.243161    2.694077    2.657074    6.144984    2.338456    0.566315    0.449403    0.364519    0.216498    0.279339    0.110899    1.527129    
1.749232    2.313603    2.256172    2.598482    2.669526    6.108154    2.934107    6.283185    0.577770    0.449825    0.364694    0.229538    0.263510    0.082674    1.470754    1.509787    
1.260127    2.215222    2.195706    2.281912    2.507909    2.750278    6.101883    2.951055    6.283185    0.595314    0.457298    0.387617    0.311307    0.220060    0.207254    0.065954    1.481886    1.517911    
1.503116    1.249681    2.209334    2.231822    2.382650    2.627029    6.206295    3.113751    6.283185    4.047528    1.018039    0.918640    0.542529    0.387529    0.288737    0.288384    0.136149    1.415612    1.480897    1.520217    
