 9    -4.749081    4.902166    0.291416
-1.130571  0.696200  -0.432293  0.741020  -0.478137  1.386040  0.125180  1.148860  -2.350259  0.183293  -0.311386  -0.294066  0.400061  1.005500  0.501643  -0.000668  1.303972  1.073324  -0.515345  1.662900  0.551817  -0.579494  -0.848800  -0.410862  2.160625  -1.557699  0.134852  0.005454  0.646549  -0.592073  0.551924  1.378349  0.504470  -0.117452  -0.835364  1.302395  
0.268089  0.295796  0.309241  -0.254241  -0.282008  -0.257848  -0.232230  0.242303  -0.342021  
 1    -1.561460    0.062843      0.330281
 2    -3.711894    0.714473      0.107467
 3    -4.498041    0.933065      0.026011
 4    -4.692735    0.980904      0.005838
 5    -4.731884    0.992538      0.001782
 6    -4.742042    0.997574      0.000729
 7    -4.747093    0.999430      0.000206
 8    -4.748358    0.999726      0.000075
 9    -4.748712    0.999855      0.000038
10    -4.748858    0.999920      0.000023
6.271413    0.298361    
3.898450    5.228853    0.828063    0.451685    
3.442009    3.468434    4.200800    0.733692    0.558749    0.335480    
2.321939    3.421087    3.293317    3.819562    0.681442    0.604610    0.445823    0.245915    
1.662471    3.168638    2.917353    3.242872    3.705615    0.708448    0.571427    0.508285    0.392637    0.190013    
1.568741    2.978682    2.871736    3.077114    3.322186    4.000853    0.699123    0.560527    0.513960    0.414832    0.281343    0.091133    
1.440189    2.684156    2.612863    2.659700    2.895001    3.243835    4.216150    0.682537    0.527548    0.479826    0.410593    0.329151    0.212212    0.077507    
1.355081    2.442083    2.327962    2.224846    2.215190    2.389728    2.978882    4.049090    0.665422    0.492342    0.432338    0.365925    0.297072    0.255009    0.180147    0.072165    
1.118044    2.120505    2.297754    2.291266    2.234282    2.212873    2.545169    3.118305    3.935215    0.644253    0.505226    0.452952    0.400881    0.333220    0.281420    0.241003    0.165420    0.063058    
1.087657    2.075411    2.259593    2.247697    2.170124    2.132947    2.419344    2.848046    3.227905    3.649330    0.645258    0.507148    0.454616    0.399511    0.337267    0.296664    0.267169    0.207495    0.119188    0.040180    
