 9    -7.897651    4.952899    0.886416
-0.736260  0.440260  0.731900  0.254316  -1.807715  1.053235  -2.661686  -1.076339  0.484691  0.170791  0.129711  -0.386408  1.199626  -1.070269  -1.157811  -0.271514  -0.071525  -0.862646  -0.789977  0.300384  -0.166081  0.298657  1.737711  0.311688  1.138495  0.966284  0.786999  0.293484  1.821675  0.389296  -0.421461  -1.009982  -0.778994  0.523633  2.114998  0.015515  
-0.215745  -0.158031  0.920297  0.169820  0.179493  -0.229159  0.200072  -0.240763  -0.246969  
 1    -2.663530    0.050432      0.407307
 2    -5.827740    0.587673      0.161076
 3    -6.835135    0.692184      0.082683
 4    -7.510564    0.848151      0.030122
 5    -7.715381    0.943549      0.014184
 6    -7.835841    0.980367      0.004810
 7    -7.876569    0.995333      0.001641
 8    -7.886457    0.997396      0.000871
 9    -7.892770    0.999003      0.000380
10    -7.895263    0.999518      0.000186
5.746768    0.995977    
2.723887    3.964575    0.542237    0.461719    
2.428051    2.768198    4.049684    0.580089    0.466389    0.303107    
2.125330    2.703998    2.343765    4.140905    0.603914    0.484829    0.337887    0.288520    
1.780112    2.431551    2.299112    2.545556    3.160943    0.594793    0.457163    0.393092    0.221411    0.227010    
1.342073    2.396801    2.315304    2.345797    2.526650    3.077058    0.634587    0.487856    0.405382    0.337748    0.199757    0.179306    
1.249782    2.141119    2.113615    2.208633    2.287224    2.761050    2.707484    0.626755    0.459080    0.400287    0.346285    0.277793    0.169074    0.118548    
1.153226    1.916399    1.948188    2.017995    2.109264    2.291647    2.641057    2.629561    0.603884    0.435332    0.388957    0.336047    0.296028    0.214267    0.142903    0.079372    
1.094489    1.908095    1.961515    1.996961    2.076312    2.265111    2.445875    2.650357    3.108717    0.607018    0.443816    0.393316    0.344138    0.304250    0.234211    0.192551    0.095088    0.058499    
0.980246    1.702579    1.827134    1.882223    1.963136    2.061726    2.266555    2.414136    2.800806    2.923533    0.589195    0.427451    0.384319    0.342854    0.310564    0.256159    0.208200    0.162471    0.075919    0.048360    
