 9    -4.881298    5.193069    0.143779
0.158384  -2.469081  -1.367974  0.135415  1.363801  -0.059990  -0.573970  0.521582  -0.633190  -0.989024  -1.811767  -0.207563  0.278757  1.736000  1.327823  -0.349844  0.156643  -2.476514  0.480148  -0.972058  1.202101  0.714467  0.655365  0.348766  0.662913  -0.184703  -0.262322  -0.376450  -0.853822  0.404938  0.329897  -1.820386  -0.261047  -2.927611  0.447633  -0.376779  
-0.275590  -0.197392  -0.081607  -0.193361  0.914040  0.187521  0.180942  0.272542  0.167680  
 1    -2.688121    0.173109      0.217699
 2    -3.758092    0.495216      0.111491
 3    -4.235673    0.580539      0.064086
 4    -4.237891    0.594975      0.063866
 5    -4.600705    0.758953      0.027852
 6    -4.716850    0.915700      0.016323
 7    -4.731473    0.928098      0.014872
 8    -4.734592    0.937434      0.014562
 9    -4.738683    0.939783      0.014156
10    -4.744702    0.948886      0.013559
5.779492    0.799479    
2.712987    3.880471    0.509717    0.459865    
2.490578    2.862527    4.451295    0.567732    0.488880    0.284122    
2.513144    2.845559    4.422724    6.090023    0.568301    0.483616    0.287478    0.013098    
2.222626    2.624910    2.282869    4.482837    4.688097    0.570614    0.454994    0.339696    0.281302    1.570796    
2.184950    2.694195    2.249823    5.273826    5.089050    1.110472    0.569971    0.448373    0.395434    0.405504    1.064631    0.545063    
2.165546    2.697623    2.240835    5.229436    5.220452    1.230122    6.098681    0.563684    0.456564    0.406446    0.421476    1.002107    0.655342    0.056796    
2.157595    2.703948    2.245988    5.225117    5.256280    1.277076    5.516999    4.663879    0.562477    0.458709    0.409041    0.426334    0.987458    0.671161    0.068822    0.022574    
2.157295    2.698376    2.242668    5.232659    5.182887    1.207588    5.606147    4.622111    6.245934    0.565997    0.454651    0.405163    0.418530    1.013742    0.631634    0.052711    0.000000    1.545028    
2.164312    2.703227    2.236202    5.279441    5.137831    1.279440    5.594295    4.482219    6.095788    6.283185    0.567604    0.450802    0.404258    0.420985    1.057527    0.576349    0.032935    0.000000    1.506306    1.531512    
