 9    -5.580000    5.127118    0.745992
0.522022  0.069947  0.869230  0.424554  -0.220960  -0.632086  -0.455699  -0.681874  0.387163  -0.009748  -1.344962  -0.010275  0.704485  -1.958639  0.153709  1.233067  -0.504342  1.349764  0.731516  1.011621  -0.637194  -0.194763  1.103719  -0.072570  -1.162580  0.324676  -0.032394  0.351848  -1.702749  -0.089254  -0.822555  -1.831628  -0.537568  -1.319745  0.014571  2.606340  
0.242986  -0.260800  0.284260  -0.258044  -0.245233  -0.277925  -0.257229  -0.297648  0.264585  
 1    -2.066838    0.201182      0.328115
 2    -4.404970    0.707526      0.109743
 3    -5.288981    0.927272      0.027180
 4    -5.508445    0.977330      0.006683
 5    -5.557650    0.989656      0.002087
 6    -5.571107    0.996948      0.000831
 7    -5.577655    0.999329      0.000219
 8    -5.579172    0.999679      0.000077
 9    -5.579549    0.999772      0.000042
10    -5.579746    0.999862      0.000024
5.892234    0.796116    
4.193021    5.385570    0.820677    0.446985    
3.727875    3.692844    4.326729    0.736552    0.551643    0.324982    
2.481787    3.610568    3.505202    4.030630    0.678719    0.601731    0.447846    0.238023    
1.792816    3.357887    3.076658    3.414273    3.899226    0.700834    0.569171    0.499722    0.387616    0.182655    
1.678499    3.200670    3.037239    3.295960    3.563910    4.373463    0.696224    0.560860    0.509685    0.413046    0.277712    0.088679    
1.544697    2.842045    2.756775    2.843878    3.089375    3.475503    4.496042    0.681169    0.521689    0.479042    0.409941    0.327477    0.209986    0.077432    
1.454177    2.588475    2.472976    2.364834    2.365729    2.564127    3.189526    4.320427    0.663907    0.488897    0.431828    0.363430    0.296940    0.251959    0.176805    0.070878    
1.258775    2.365111    2.468512    2.426941    2.376803    2.395212    2.786843    3.408632    4.252411    0.651099    0.506313    0.448085    0.393044    0.325866    0.276438    0.230137    0.153965    0.056362    
1.179330    2.212426    2.372185    2.372354    2.378838    2.337588    2.543712    3.085230    3.641462    4.260157    0.642319    0.497909    0.445660    0.401151    0.345453    0.290049    0.257600    0.207019    0.124223    0.039142    
