 9    -5.727360    4.633374    1.089732
1.011944  0.346745  -0.230357  -0.433349  -0.627075  0.791468  -0.598915  -0.869797  -0.788798  -0.724587  -0.092965  -1.456969  0.201143  -0.592222  0.822629  -1.629775  1.174757  2.386508  -0.728570  -0.271611  -1.366432  -0.545020  -0.308100  -1.794647  1.810442  -0.040052  -1.391488  -1.741249  -0.824328  0.888951  -1.114523  1.365967  0.558312  0.855175  -0.596318  -0.278357  
0.231951  -0.200706  0.016099  -0.177141  -0.141486  -0.996151  -0.142079  0.160716  0.183737  
 1    -2.124622    0.124401      0.347730
 2    -4.142001    0.413284      0.153016
 3    -4.721319    0.504365      0.097101
 4    -4.916535    0.541204      0.078259
 5    -5.185627    0.589565      0.052287
 6    -5.253422    0.603403      0.045744
 7    -5.273126    0.624697      0.043842
 8    -5.323717    0.676786      0.038959
 9    -5.373402    0.724889      0.034163
10    -5.480905    0.822332      0.023787
3.919203    0.583288    
4.084124    3.402954    0.441882    0.389527    
2.596827    3.641458    2.804461    0.432673    0.356786    0.241525    
2.380265    3.348656    3.326067    3.559930    0.604101    0.439223    0.240534    0.216732    
2.470312    2.898018    2.753309    3.867293    2.866115    0.581541    0.453145    0.313472    0.188350    0.183460    
1.669550    2.672278    2.672985    2.880334    3.462568    3.051024    0.549872    0.448025    0.380850    0.257777    0.183632    0.139901    
1.801246    2.670064    2.635755    2.874983    3.337343    2.493144    6.283185    0.541105    0.447081    0.378070    0.232012    0.224256    0.153184    0.072026    
1.625559    2.746172    2.667941    2.861048    3.749091    2.980588    6.283185    6.283185    0.573918    0.440009    0.382566    0.282717    0.139427    0.218577    0.072833    0.099716    
1.563531    2.665660    2.673394    2.823604    3.413778    2.832543    6.283185    6.283185    6.283185    0.560838    0.432446    0.388155    0.288725    0.169866    0.187628    0.118674    0.104686    0.084284    
1.807536    2.797042    2.924925    3.260708    3.410327    3.617699    6.283185    6.283185    6.283185    6.283185    0.591768    0.478748    0.380530    0.296559    0.143884    0.217044    0.061160    0.187686    0.105169    0.120001    
