 9    -5.930882    5.172409    0.318855
0.678844  0.916339  -0.121169  -1.154417  -0.271141  0.472377  1.269233  0.984344  -1.327064  -1.593114  -2.256591  -0.017827  -1.976864  1.137158  -0.490799  1.221608  -1.529330  1.045777  -0.322531  -0.944890  0.158779  0.166864  1.468873  0.158110  -0.907787  0.187829  -1.010326  -2.628436  1.190634  0.133431  -0.956012  1.028075  -1.682459  -0.402121  0.227379  0.154679  
0.160620  -0.342121  -0.273735  0.217655  -0.319700  -0.272376  -0.314385  0.209227  -0.274393  
 1    -2.874753    0.278949      0.275245
 2    -4.758707    0.655810      0.105570
 3    -5.625736    0.873338      0.027483
 4    -5.835039    0.929228      0.008632
 5    -5.883694    0.950949      0.004250
 6    -5.914178    0.986278      0.001504
 7    -5.924583    0.992293      0.000567
 8    -5.927030    0.993986      0.000347
 9    -5.928971    0.998926      0.000172
10    -5.928993    0.998964      0.000170
5.777209    0.489575    
4.003881    4.969302    0.793639    0.419808    
3.578598    3.595358    4.042687    0.724939    0.530463    0.303109    
2.478318    3.361171    3.298386    3.716200    0.659816    0.568782    0.419045    0.218259    
1.802400    3.252669    2.941225    3.202414    3.676482    0.684187    0.557011    0.464624    0.357881    0.159911    
1.715093    3.099466    2.921399    3.196783    3.567135    4.555541    0.672932    0.547038    0.483361    0.385958    0.255952    0.084975    
1.442793    2.728948    2.685813    2.756154    3.028529    3.425975    4.339487    0.670456    0.519154    0.468708    0.402953    0.318074    0.204893    0.079890    
1.341792    2.491594    2.448522    2.353191    2.379474    2.633823    3.196991    4.113850    0.657746    0.495018    0.431479    0.366353    0.302207    0.249426    0.169968    0.070842    
1.386723    2.576100    2.513237    2.442113    2.502218    2.680032    3.185561    3.981067    4.898865    0.661342    0.501790    0.441654    0.375689    0.309614    0.255067    0.185275    0.118721    0.032752    
1.382294    2.574353    2.510574    2.438641    2.511349    2.689686    3.182843    3.999723    4.856872    6.183320    0.661469    0.501511    0.440796    0.376051    0.310087    0.253939    0.183356    0.115547    0.028381    1.567928    
