 9    -4.084453    4.714117    0.297318
0.222694  0.208597  0.246924  0.946107  -0.909334  0.788368  -0.080894  1.422173  0.389988  0.123607  -1.079835  -0.395403  -0.699981  0.098276  0.313446  -0.796713  -0.589850  0.162628  -1.607047  -0.144173  0.291914  0.891598  0.976966  0.342951  -0.024824  0.176076  1.167915  2.243864  0.088625  0.392199  -1.642576  -0.350080  0.797930  -0.704644  1.104562  0.065223  
-0.397304  0.042570  -0.153058  -0.032234  0.241335  -0.216814  -0.177936  -0.874741  0.156939  
 1    -1.634191    0.054205      0.278484
 2    -3.167178    0.260439      0.104253
 3    -3.474558    0.331512      0.069318
 4    -3.758674    0.426019      0.037026
 5    -3.846422    0.467592      0.027053
 6    -3.892519    0.506052      0.021814
 7    -3.928586    0.593440      0.017715
 8    -3.954602    0.644337      0.014758
 9    -3.981704    0.753211      0.011678
10    -4.012450    0.872433      0.008184
3.580076    0.776743    
3.146360    3.672509    0.498680    0.408145    
2.480638    3.249451    3.705136    0.540998    0.415135    0.227654    
2.399253    3.129864    3.011957    4.263750    0.594785    0.479945    0.283551    0.224840    
1.896229    2.776992    2.822959    3.357196    3.484367    0.572044    0.456898    0.376330    0.221528    0.159526    
1.555782    2.801883    2.772378    2.937058    3.314511    3.714763    0.623234    0.461951    0.389567    0.313981    0.179221    0.116864    
1.559297    2.841797    2.826273    3.045141    3.458563    3.330009    4.928945    0.607944    0.472914    0.399258    0.296636    0.236070    0.127731    0.090135    
1.485589    2.698649    2.734476    2.927029    3.241375    3.540699    3.888621    3.985275    0.623255    0.465951    0.400070    0.327364    0.238876    0.206826    0.088129    0.085519    
1.527887    2.824154    2.839299    3.024965    3.376491    3.396392    4.698582    2.932098    6.283185    0.621078    0.474506    0.406568    0.320242    0.244380    0.191723    0.120429    0.107870    0.078827    
1.474376    2.854771    2.866168    2.998016    3.555497    3.308122    5.861144    2.026945    6.283185    6.283185    0.628683    0.474422    0.403491    0.312171    0.210566    0.195584    0.101978    0.085724    0.125274    0.077298    
