 9    -5.982814    5.261369    0.752873
0.050657  0.392329  0.609438  -0.588129  1.443758  0.402090  0.166803  0.853984  1.658907  0.699776  -1.693152  -0.962174  -2.420045  -0.416890  -0.337671  0.421032  -1.120160  -0.961434  0.302471  0.846941  0.373882  -0.822025  -1.224561  -0.630809  -1.119728  -0.142730  0.364224  -0.979682  0.309658  -1.452174  -1.102066  0.390759  -1.981690  -0.184424  -0.380117  0.204990  
-0.155802  0.312118  -0.088513  0.217719  0.221478  0.199310  0.162582  0.938550  0.154759  
 1    -2.906956    0.189273      0.273551
 2    -4.328060    0.457772      0.147165
 3    -4.999578    0.590839      0.087444
 4    -5.529413    0.744930      0.040323
 5    -5.713522    0.832525      0.023949
 6    -5.828119    0.886157      0.013758
 7    -5.908416    0.956651      0.006617
 8    -5.912144    0.955384      0.006285
 9    -5.963176    0.984820      0.001746
10    -5.941208    0.977104      0.003700
4.723014    0.670998    
2.916931    3.765156    0.507394    0.442878    
2.522902    3.030067    3.888812    0.568126    0.434847    0.267767    
2.280598    2.954723    2.669737    4.194646    0.598813    0.486661    0.308471    0.256825    
1.903697    2.692437    2.608664    3.004090    3.320083    0.590315    0.465324    0.385835    0.224033    0.188240    
1.604307    2.658240    2.567764    2.708196    2.938669    3.437081    0.620011    0.475949    0.394861    0.318128    0.191643    0.138694    
1.440144    2.670554    2.554684    2.615262    3.066233    2.929656    6.283185    0.638481    0.476200    0.404176    0.327737    0.199449    0.222567    0.106228    
1.431931    2.658606    2.551800    2.617903    3.017528    2.954111    6.283185    3.984813    0.632886    0.475415    0.403770    0.326025    0.209008    0.220513    0.103898    1.553572    
1.290120    2.276456    2.311622    2.408669    2.528685    2.916301    2.909895    3.503434    3.214738    0.619829    0.450828    0.396357    0.341040    0.278603    0.219955    0.175450    0.076590    0.075248    
1.369192    2.521686    2.505604    2.572199    2.855654    3.060582    6.085661    4.976127    0.854881    4.367163    0.615315    0.473107    0.408381    0.338629    0.240859    0.247703    0.175045    1.339299    0.240093    1.540386    
