 9    -6.885279    6.134120    0.621905
-0.772544  -0.339930  -0.892330  0.660013  0.253680  1.573258  -0.578790  -1.557856  0.295479  -0.485479  -0.903351  1.664279  1.799863  -0.172902  0.933821  1.747385  0.371031  0.012570  -1.686818  -0.572064  2.587576  0.465445  2.027005  -0.111384  2.192230  0.297053  0.082519  -0.149784  -1.221516  -0.206999  -1.227459  -0.603719  -0.310550  -0.132111  0.180602  0.228241  
0.224816  0.205706  -0.206652  0.189491  -0.903059  -0.189356  -0.208890  -0.193650  0.225209  
 1    -3.935650    0.259683      0.226556
 2    -5.387529    0.609524      0.115040
 3    -6.033635    0.699202      0.065413
 4    -6.647936    0.850569      0.018230
 5    -6.670848    0.888896      0.016470
 6    -6.765740    0.964530      0.009182
 7    -6.777591    0.977926      0.008271
 8    -6.780023    0.979230      0.008085
 9    -6.798928    0.984139      0.006632
10    -6.815628    0.987007      0.005350
6.239202    0.737103    
2.635308    3.637395    0.494518    0.471468    
2.393256    2.660344    3.887726    0.560254    0.460612    0.272208    
2.245394    2.523838    2.166752    4.268494    0.600333    0.472566    0.334318    0.298604    
2.240975    2.528316    2.203371    4.707122    3.939550    0.601029    0.467019    0.351635    0.284188    1.516027    
2.124056    2.586245    2.190972    4.944962    4.839196    1.048143    0.606964    0.462368    0.400580    0.424721    1.063646    0.511199    
2.095583    2.589871    2.206790    4.904496    4.630190    1.245560    3.941243    0.611070    0.469615    0.397067    0.421579    1.108226    0.435665    1.511814    
2.084264    2.583591    2.210259    4.891789    4.620228    1.178056    3.749495    3.793954    0.612413    0.468458    0.398303    0.417820    1.101231    0.425242    1.507374    1.545829    
2.041827    2.590717    2.156514    4.940984    4.452530    1.656135    3.739870    5.459246    4.068903    0.607386    0.459941    0.411799    0.422459    1.095658    0.441737    1.369429    1.468956    1.510333    
2.032940    2.589263    2.202590    4.964850    4.549026    1.853651    4.790440    5.057029    3.949841    3.083004    0.622320    0.455664    0.425889    0.401699    1.121648    0.325239    1.319154    1.570796    1.519517    0.073490    
