 9    -5.396657    6.566260    0.333767
-0.022632  1.838848  2.505268  0.975403  1.654330  -1.869582  -0.764621  -0.785072  0.028540  -0.021013  -0.984052  -1.679671  -0.721709  0.394450  -1.455288  0.784736  0.940057  2.082766  1.098766  0.717849  0.395293  0.238120  -2.359960  -0.268181  0.140543  -0.061805  1.234644  2.880286  -0.663241  1.156916  -0.074428  -0.084615  0.532550  0.710465  0.245873  -1.360056  
0.231996  0.169170  -0.172090  0.996780  -0.171747  0.204630  0.232160  0.125582  0.274569  
 1    -2.361494    0.200342      0.253714
 2    -4.282501    0.571881      0.093134
 3    -4.713383    0.736758      0.057116
 4    -5.161434    0.824416      0.019663
 5    -5.180152    0.850861      0.018098
 6    -5.281273    0.962848      0.009645
 7    -5.282381    0.961352      0.009553
 8    -5.283203    0.960724      0.009484
 9    -5.302195    0.970784      0.007896
10    -5.304152    0.975142      0.007733
3.448948    0.594255    
2.553274    3.489168    0.460137    0.477314    
2.188484    2.652919    2.938892    0.503809    0.394399    0.254098    
2.175729    2.445818    2.084639    4.338140    0.578981    0.463552    0.324889    0.290657    
2.161268    2.444075    2.114018    4.786941    3.746998    0.578371    0.457075    0.343108    0.281366    1.517304    
2.055885    2.495084    2.140220    4.992557    4.641409    1.056000    0.580396    0.459110    0.384747    0.423384    1.119261    0.460092    
2.045570    2.496300    2.141831    4.961622    4.575515    1.109790    3.635393    0.581177    0.462044    0.384255    0.422755    1.130059    0.442559    1.553035    
2.043104    2.494040    2.144200    4.956508    4.579666    1.056419    3.325574    3.592792    0.581373    0.461004    0.383879    0.419844    1.126607    0.432626    1.556168    1.553541    
2.015287    2.475848    2.129631    4.871935    4.614083    1.424201    5.209436    2.385821    5.564032    0.579664    0.456477    0.390321    0.414312    1.184885    0.334920    1.438212    1.528316    1.484847    
2.014976    2.474618    2.124305    4.866751    4.645419    1.318966    5.416579    1.502481    5.681215    5.072209    0.579383    0.456943    0.390152    0.418031    1.171472    0.349478    1.458815    1.518744    1.457546    1.532968    
