 8    -3.391398    3.203281    0.087840
-0.934865  0.816632  0.671318  0.859880  0.640418  0.266168  -0.867070  -0.429947  0.784486  0.648298  -1.177462  -0.270474  0.982758  0.978122  -0.218039  -1.001104  0.680115  -0.061909  0.443576  -0.178919  -0.562895  -0.681361  1.251128  0.112286  -0.010073  -1.276786  0.717665  1.291600  
0.048793  -0.342543  -0.142073  0.143085  0.238649  -0.173926  -0.791933  0.151618  
 1    -1.433267    0.106442      0.296926
 2    -2.710069    0.432163      0.103315
 3    -3.017838    0.548056      0.056646
 4    -3.239852    0.661423      0.022980
 5    -3.316317    0.706238      0.011385
 6    -3.351147    0.739037      0.006103
 7    -3.364367    0.776669      0.004099
 8    -3.372087    0.800881      0.002928
 9    -3.373826    0.835727      0.002665
10    -3.378055    0.882446      0.002023
5.621541    0.843570    
3.413676    4.039425    0.529761    0.389047    
2.610997    3.548263    3.796585    0.556662    0.410361    0.237687    
2.432006    3.404845    3.416865    4.261759    0.606324    0.479962    0.291235    0.200868    
1.944239    2.987704    3.053649    3.606300    3.738682    0.578989    0.455940    0.375039    0.225368    0.141599    
1.575248    2.917018    2.940396    3.095352    3.545802    3.881747    0.620465    0.461534    0.388735    0.308947    0.179074    0.106300    
1.481175    2.785339    2.892913    3.067992    3.424559    3.750827    4.425787    0.606071    0.467334    0.400305    0.314630    0.237229    0.130590    0.060840    
1.341578    2.546231    2.685304    2.849688    3.131126    3.596361    3.781515    4.408805    0.611202    0.449771    0.396484    0.338365    0.257217    0.200310    0.092303    0.053719    
1.378164    2.636185    2.740614    2.910649    3.212566    3.558121    4.162877    3.816262    6.261534    0.613148    0.458691    0.403886    0.338778    0.264768    0.210698    0.108139    0.072595    0.027603    
1.333437    2.525568    2.691735    2.863489    3.119362    3.571499    3.698104    4.646479    3.605913    5.889622    0.611606    0.454131    0.400542    0.347450    0.278814    0.224975    0.151199    0.105689    0.053843    0.042013    
