 8    -3.155605    3.681890    0.074762
1.594854  -0.655138  1.016982  0.369841  -0.070009  -0.682898  -0.254259  -0.672071  0.295525  0.098739  -0.925285  0.296286  -0.202728  -0.416951  -0.139597  1.161232  -0.213925  -1.273170  -0.021132  0.436229  -0.325183  1.304758  -0.506358  -0.392422  -0.848370  -1.617793  -1.177994  -0.524107  
0.399751  -0.279592  -0.118806  -0.263015  0.214240  0.291821  0.248429  0.334619  
 1    -1.684757    0.009525      0.215115
 2    -2.537091    0.006084      0.090459
 3    -2.932234    0.000115      0.032669
 4    -3.032189    0.000005      0.018050
 5    -3.053230    0.000008      0.014973
 6    -3.056530    0.000019      0.014490
 7    -3.058197    0.000005      0.014246
 8    -3.058398    0.000007      0.014217
 9    -3.059021    0.000006      0.014126
10    -3.059537    0.000025      0.014050
5.782106    0.680779    
4.171641    5.478246    0.787374    0.421240    
3.331911    3.609463    4.541801    0.662207    0.551977    0.324718    
2.309630    3.722526    3.370444    3.959869    0.657912    0.564459    0.401403    0.226702    
1.817247    3.297229    3.055334    3.343744    3.935870    0.675797    0.522956    0.454731    0.348802    0.165090    
1.638925    3.024538    2.999975    3.137218    3.486912    4.226128    0.657233    0.517655    0.461459    0.375893    0.259796    0.089481    
1.449466    2.721829    2.795856    2.919530    3.200550    3.617065    4.418250    0.650274    0.500475    0.453806    0.400358    0.321455    0.206122    0.074489    
1.404725    2.657954    2.799093    2.917672    3.193728    3.735547    4.247552    5.731172    0.644166    0.500166    0.453250    0.399801    0.306852    0.171898    0.000000    1.533179    
1.346137    2.540530    2.651207    2.714034    2.930495    3.297794    3.430693    6.063857    5.012298    0.641585    0.493350    0.438740    0.392253    0.331377    0.227851    0.050127    1.476652    1.514861    
1.317247    2.502904    2.670289    2.794769    3.028331    3.515224    3.311507    5.575223    4.151356    4.443433    0.642737    0.495318    0.448903    0.406099    0.343859    0.239832    0.000000    1.406671    1.424380    1.500609    
