 8    -3.728135    4.992384    0.193530
-1.271091  0.176137  -0.296216  0.326929  -0.973419  0.227681  -0.819328  0.107223  0.975278  0.081974  -0.476623  -1.492172  -0.403465  0.694778  0.212153  0.090990  -1.548855  -0.044827  1.556763  1.947111  -0.785140  -2.139212  -1.264259  0.294987  0.806489  0.277670  -1.243845  0.787274  
0.255226  0.184913  0.097155  0.291151  -0.218798  -0.628180  0.143489  0.195085  
 1    -1.632377    0.007004      0.240325
 2    -2.792643    0.000426      0.107275
 3    -3.210633    0.001095      0.059343
 4    -3.415375    0.000156      0.035865
 5    -3.462507    0.000237      0.030460
 6    -3.495756    0.000029      0.026647
 7    -3.515904    0.000033      0.024337
 8    -3.525882    0.000033      0.023193
 9    -3.529974    0.000015      0.022724
10    -3.532617    0.000004      0.022420
5.030582    0.462538    
3.673532    4.838444    0.623533    0.383262    
3.159646    3.841124    4.992567    0.614625    0.474418    0.258860    
2.761027    3.542231    3.457017    4.445114    0.606487    0.467517    0.312181    0.203515    
2.118067    3.141861    3.181030    3.593854    4.005685    0.582977    0.452079    0.370104    0.248498    0.131184    
1.781126    3.128615    3.137265    3.275485    3.660045    4.371562    0.644826    0.472245    0.395840    0.309177    0.202048    0.089687    
1.681831    2.965749    3.075876    3.192363    3.581174    3.963821    5.069747    0.612181    0.478708    0.408411    0.323334    0.243190    0.141067    0.064244    
1.497341    2.776686    2.894085    3.007423    3.258484    3.758351    4.137808    4.632240    0.621202    0.469251    0.410624    0.347723    0.275166    0.202917    0.106908    0.056615    
1.438919    2.723780    2.874529    2.993185    3.208145    3.600828    4.070531    4.346145    4.830012    0.618799    0.472938    0.415947    0.352964    0.292339    0.226780    0.144007    0.089250    0.034004    
1.339094    2.514786    2.697506    2.801853    2.983890    3.314949    3.560873    4.131619    4.085711    4.911280    0.611288    0.455282    0.404188    0.351053    0.298643    0.241121    0.176459    0.120708    0.071264    0.029736    
