 8    -4.540297    4.155323    1.178834
0.045279  -0.499267  -1.271602  -0.517983  0.510143  -0.288202  -0.237575  -0.498752  -0.734063  1.241094  0.074512  0.214214  0.209978  -1.570645  -0.863728  1.809023  0.669490  -0.298024  -0.167692  -2.031620  1.059673  -2.258756  -0.929584  -0.955863  1.005101  0.164662  0.974701  0.318961  
-0.167356  -0.176905  -0.149571  -0.997796  0.145451  0.187844  0.144132  -0.245028  
 1    -1.394509    0.140443      0.361767
 2    -3.531380    0.710155      0.116026
 3    -4.033291    0.850616      0.058306
 4    -4.228347    0.906930      0.035874
 5    -4.448906    0.971452      0.010510
 6    -4.504666    0.985910      0.004098
 7    -4.527124    0.993626      0.001515
 8    -4.534246    0.998003      0.000696
 9    -4.539229    0.999653      0.000123
10    -4.539228    0.999650      0.000123
4.000665    0.333521    
3.744339    3.051239    0.449142    0.393712    
2.356521    3.296576    2.581852    0.437837    0.361515    0.244271    
2.304647    3.039363    2.948266    3.434657    0.587388    0.448370    0.229258    0.210803    
2.252345    2.657515    2.516447    3.503055    2.644255    0.576803    0.451688    0.316410    0.184737    0.178943    
1.449043    2.480767    2.481002    2.629303    3.141498    2.848667    0.562523    0.451064    0.382128    0.269552    0.176981    0.138728    
1.307367    2.298630    2.361069    2.514719    2.587849    3.229057    2.911194    0.613521    0.434841    0.375654    0.323602    0.245701    0.139355    0.104434    
1.266039    2.277308    2.356209    2.460584    2.483283    3.162853    2.521704    6.283185    0.621656    0.432596    0.377774    0.331621    0.246224    0.162618    0.157373    0.062407    
1.213754    2.115949    2.193856    2.284545    2.397798    2.756635    2.885282    3.046194    3.604095    0.598307    0.421795    0.367747    0.318719    0.276258    0.196106    0.179956    0.050162    0.066834    
0.078387    1.133640    2.112645    2.194636    2.284315    2.396908    2.753128    2.887919    3.049503    3.597173    1.570796    0.597941    0.421935    0.367977    0.318704    0.276494    0.196594    0.179802    0.050753    0.066656    
