 8    -4.800396    4.705330    0.078549
-1.450948  1.910953  0.711879  -0.247738  0.361466  -0.032950  -0.221347  0.477257  -0.691939  0.792006  0.073249  1.303286  0.213481  1.017349  1.911712  -0.529672  1.842135  -1.057235  -0.862916  0.237631  -1.154182  1.214984  -1.293759  0.822723  -0.332151  -1.281429  0.218538  2.083474  
-0.364503  -0.303414  0.253597  -0.238663  -0.256205  -0.290219  -0.253085  0.321821  
 1    -2.295896    0.161283      0.263473
 2    -3.899914    0.766928      0.094730
 3    -4.616913    0.941472      0.019302
 4    -4.769518    0.986857      0.003248
 5    -4.795570    0.997335      0.000508
 6    -4.798608    0.999205      0.000188
 7    -4.799774    0.999812      0.000065
 8    -4.799778    0.999812      0.000065
 9    -4.799784    0.999812      0.000064
10    -4.799828    0.999838      0.000060
6.123231    0.366072    
3.833470    5.350744    0.834595    0.452813    
3.181965    3.035643    4.279306    0.668705    0.548849    0.350400    
2.147847    3.260927    3.027573    3.645778    0.657597    0.574790    0.405726    0.243098    
1.551972    2.955415    2.797556    3.094498    3.647534    0.684467    0.543819    0.483877    0.369952    0.181521    
1.434748    2.714989    2.674624    2.826131    3.101320    3.703336    0.670142    0.524917    0.478481    0.387174    0.264121    0.092724    
1.351242    2.507406    2.436983    2.506271    2.765837    3.116620    4.060717    0.660698    0.495862    0.447157    0.385351    0.303523    0.188359    0.063831    
1.340744    2.474429    2.427963    2.493422    2.742002    3.061434    3.909468    5.919381    0.657111    0.493013    0.446702    0.384919    0.301086    0.185656    0.057072    1.565717    
1.348204    2.500483    2.427729    2.480389    2.733797    3.082030    3.925567    3.108840    5.549658    0.660168    0.495873    0.444909    0.383936    0.306427    0.194423    0.070147    0.000000    1.567040    
1.344632    2.508287    2.424019    2.500232    2.785257    3.171697    3.955192    5.923777    4.358789    5.931024    0.660622    0.495773    0.445564    0.388648    0.313305    0.201411    0.057181    1.541126    1.570796    0.013783    
