 8    -4.823098    3.957258    0.743540
-0.337545  -0.225671  -0.825266  -1.519911  0.236885  -0.567556  1.783642  0.438508  -0.234935  0.649691  0.120339  -1.428240  -0.086604  1.572401  0.256997  0.257998  0.610064  -0.238371  -0.607507  0.311573  1.282436  2.512872  -0.260945  0.680088  -0.107376  -0.015426  1.702213  -0.941800  
0.297986  -0.101460  -0.133094  0.189079  0.140792  0.990994  -0.136128  -0.194456  
 1    -2.930992    0.289997      0.215493
 2    -3.891732    0.586722      0.106074
 3    -4.218129    0.734427      0.068900
 4    -4.552294    0.837738      0.030842
 5    -4.689134    0.912909      0.015257
 6    -4.732375    0.950797      0.010332
 7    -4.752423    0.942266      0.008049
 8    -4.791683    0.977242      0.003578
 9    -4.812377    0.993110      0.001221
10    -4.817495    0.996052      0.000638
5.229996    0.656967    
3.115300    3.618168    0.414981    0.455039    
2.333390    3.287617    2.950070    0.449172    0.374246    0.229189    
2.539832    2.866551    2.419490    5.701086    0.519051    0.449119    0.308018    0.261836    
2.076197    2.730501    2.683554    3.460205    3.097726    0.557877    0.447158    0.342315    0.183436    0.188090    
2.036060    2.642540    2.659436    3.404324    2.737946    6.283185    0.570249    0.450821    0.336384    0.238502    0.246428    0.101084    
1.460873    0.000000    2.697280    2.675779    2.825772    3.238266    3.341454    1.249333    0.914805    0.447864    0.379855    0.298041    0.161793    0.140971    
1.589129    1.515600    2.582740    2.627780    2.783235    2.932332    3.483644    3.508517    0.977072    0.919928    0.549359    0.390240    0.315773    0.251575    0.113393    0.107255    
1.347125    2.317272    2.472609    2.668352    2.763733    3.481937    2.677781    0.263444    6.283185    0.614811    0.429175    0.379949    0.326044    0.267770    0.174221    0.800074    0.938498    0.109074    
1.286575    2.308964    2.427900    2.552546    2.703299    3.194382    3.315548    1.824016    0.931455    4.130713    0.602316    0.427625    0.375468    0.326756    0.265314    0.206723    0.205292    1.469775    0.115442    0.083803    
