 8    -4.362999    5.261601    0.596621
-1.347907  0.938718  1.021825  0.788287  -2.600565  0.373243  -1.052956  0.132503  0.415469  -0.735163  2.955965  1.631560  -0.638114  -1.002116  -0.091526  -0.602506  -0.684845  -0.295842  0.911793  0.673155  0.771728  0.885360  -0.357356  0.310439  -0.297568  0.015547  -0.755597  1.064481  
-0.373704  -0.179032  0.246960  0.279472  -0.240213  -0.334432  0.203920  -0.330630  
 1    -2.204613    0.385087      0.224257
 2    -3.593948    0.757258      0.079905
 3    -4.188114    0.941571      0.018171
 4    -4.314394    0.978696      0.005050
 5    -4.343903    0.989463      0.001984
 6    -4.357587    0.998001      0.000562
 7    -4.361613    0.999107      0.000144
 8    -4.362213    0.999361      0.000082
 9    -4.361897    0.999601      0.000114
10    -4.362453    0.999711      0.000057
5.486342    0.649338    
4.197046    5.472459    0.810049    0.447102    
3.545086    3.490989    4.292290    0.691195    0.517823    0.314048    
2.472343    3.359874    3.316298    3.946081    0.641124    0.546252    0.402032    0.216169    
1.699874    3.257867    3.026285    3.337260    3.971538    0.676882    0.543768    0.463251    0.357067    0.164975    
1.598531    3.112084    3.007737    3.261298    3.700457    4.814208    0.669479    0.536125    0.477157    0.378618    0.251315    0.077980    
1.447145    2.728896    2.666729    2.750653    3.096892    3.553034    4.672991    0.658785    0.496424    0.443625    0.384985    0.303208    0.192162    0.070551    
1.384077    2.543160    2.467447    2.321222    2.074825    2.464786    3.319037    4.518183    0.647994    0.475143    0.410657    0.322409    0.245691    0.239492    0.166029    0.063401    
1.442109    2.730569    2.696658    2.779841    3.085168    3.492349    4.478645    4.794430    5.814912    0.657811    0.501715    0.449445    0.389692    0.310436    0.203559    0.088999    0.000005    1.560850    
1.328457    2.415101    2.405701    2.367220    2.282598    2.374144    3.006829    3.801535    4.215801    3.872332    0.637850    0.471104    0.413637    0.353791    0.275076    0.245064    0.197893    0.119407    0.040569    0.005401    
