 8    -4.113464    4.642032    0.469725
0.238444  0.083739  -0.285309  0.820320  2.772535  1.922071  0.717749  0.194126  -1.362224  1.075911  0.656403  0.149734  0.320614  0.914567  -1.547847  2.150050  0.871377  -0.892210  0.312259  0.446726  -0.424200  1.268882  -0.513329  0.799139  1.440468  0.658850  0.837964  -0.497161  
0.257730  -0.141652  0.182323  -0.872757  0.167022  -0.188020  -0.242657  -0.079803  
 1    -1.694070    0.094362      0.276329
 2    -3.102591    0.215571      0.115456
 3    -3.380801    0.216920      0.083680
 4    -3.608300    0.176203      0.057697
 5    -3.686008    0.174726      0.048821
 6    -3.720616    0.370619      0.044869
 7    -3.802703    0.506992      0.035493
 8    -3.869694    0.639110      0.027842
 9    -3.947021    0.755109      0.019010
10    -3.976691    0.770765      0.015621
3.579756    0.699524    
3.108819    3.494948    0.483475    0.421328    
2.399622    3.049928    3.057302    0.502297    0.387482    0.221008    
2.321976    2.949549    2.789754    4.018839    0.602651    0.469317    0.270721    0.231417    
1.895144    2.509885    2.564332    3.116234    3.040132    0.579925    0.439716    0.357559    0.211470    0.172159    
2.029320    2.551136    1.994020    2.860959    4.440929    6.283185    0.537999    0.365694    0.314784    0.188327    0.011758    1.405322    
1.286964    2.563022    2.799434    3.491798    4.365816    5.969296    6.283185    0.623039    0.440264    0.426062    0.287575    0.000000    1.344006    1.448819    
1.271938    2.664301    2.925114    2.917522    4.059259    6.280911    3.270995    4.075453    0.685275    0.483212    0.405323    0.318277    0.000000    1.330650    1.461232    1.434909    
1.168337    2.732865    2.819456    2.758445    4.029995    6.283185    3.266654    3.877328    3.559540    0.670916    0.494553    0.394611    0.342039    0.011861    1.322271    1.339651    1.431472    1.433654    
1.114775    2.041168    2.337591    2.391395    3.220901    6.283185    3.433630    3.307887    3.523664    3.350106    0.526953    0.427284    0.369649    0.302373    0.143618    1.382881    1.339631    1.353124    1.429201    1.464312    
