 8    -5.052051    4.538906    1.373342
-0.913186  0.596383  0.783402  -0.561723  -0.291456  1.049971  0.974512  -0.630528  -0.053466  1.690651  -0.015440  0.065761  -0.867256  -0.327027  -0.371583  -0.194330  -0.448940  -1.491343  1.642849  0.599594  -0.460096  -2.010617  0.502082  1.134824  -1.005218  -1.249696  -0.871701  0.020682  
0.290260  -0.117031  -0.192245  -0.176390  0.889138  -0.145936  -0.177192  -0.247808  
 1    -2.150808    0.238589      0.302498
 2    -3.891434    0.669463      0.121012
 3    -4.407561    0.812869      0.067198
 4    -4.737826    0.895890      0.032763
 5    -4.937618    0.956052      0.011931
 6    -4.970320    0.977983      0.008522
 7    -4.982749    0.982706      0.007226
 8    -5.020188    0.989404      0.003322
 9    -4.996231    0.983293      0.005820
10    -5.044835    0.997196      0.000752
5.644673    0.458031    
3.314127    3.256709    0.477036    0.408123    
2.403841    3.109620    2.741153    0.495156    0.372297    0.236379    
2.408296    2.995963    2.865457    3.631616    0.609635    0.474879    0.247512    0.219433    
2.206869    2.619251    2.486645    3.267970    2.760068    0.583246    0.450393    0.337860    0.189809    0.171808    
2.228490    2.555029    2.452410    3.297278    2.508665    6.283185    0.577130    0.451661    0.335467    0.209560    0.235558    0.085175    
2.112234    2.529588    2.471784    3.265816    2.723986    6.233175    0.643599    0.566817    0.450613    0.351344    0.204586    0.264748    0.000000    0.102243    
1.368455    2.466371    2.429676    2.507334    2.958038    2.672825    6.283185    4.124724    0.576889    0.458825    0.389270    0.288107    0.211162    0.186252    0.075788    1.549415    
2.102887    1.173085    2.219399    2.493954    2.925365    2.842501    6.283185    3.461082    5.253025    0.962504    1.006072    0.556865    0.372511    0.246034    0.244624    0.060241    1.531433    1.522711    
1.300564    2.226696    2.291858    2.430623    2.561874    3.212624    3.346262    3.942168    6.034692    5.476313    0.615780    0.439952    0.383734    0.329301    0.261524    0.185872    0.107783    1.570796    1.517832    1.514969    
