 8    -3.223993    3.784356    0.338490
-0.659308  -0.719588  -0.144427  -0.408353  0.227388  0.597708  -0.412917  -0.404949  0.066307  0.000811  -0.183957  1.244675  0.437136  -1.128792  -0.263570  0.076330  -1.121988  -0.142288  0.212140  -1.121190  1.833720  0.847114  0.872530  0.540815  1.087129  -1.317686  0.710090  -0.279298  
0.333718  0.230246  0.271818  0.238250  0.260866  -0.291202  -0.311037  -0.171647  
 1    -1.642983    0.347556      0.225590
 2    -2.641731    0.736798      0.083081
 3    -3.069880    0.918005      0.021990
 4    -3.172388    0.963684      0.007363
 5    -3.199756    0.981163      0.003458
 6    -3.217727    0.997061      0.000894
 7    -3.222638    0.999268      0.000193
 8    -3.223206    0.999656      0.000112
 9    -3.223566    0.999821      0.000061
10    -3.223573    0.999812      0.000060
5.872709    0.480660    
4.361846    5.642492    0.812033    0.443400    
3.630082    3.552388    4.444906    0.681441    0.517881    0.315624    
2.582672    3.514812    3.451482    4.084507    0.646035    0.547165    0.402239    0.213771    
2.054425    3.407055    3.151540    3.526966    4.340022    0.656875    0.543464    0.437321    0.344328    0.140537    
1.733358    3.362196    3.151059    3.492384    4.009262    5.381077    0.671243    0.544268    0.468899    0.372914    0.248333    0.091180    
1.555580    2.939916    2.843164    2.991865    3.387361    3.885848    4.992951    0.666832    0.504833    0.452020    0.387103    0.301132    0.191025    0.082870    
1.475747    2.798985    2.792663    2.906580    3.264543    3.687846    4.348289    4.603709    0.656823    0.502634    0.450803    0.397641    0.322694    0.220796    0.122382    0.038116    
1.420428    2.614811    2.578265    2.612602    2.757951    2.897587    3.352339    4.210784    5.014669    0.646312    0.477122    0.424065    0.373346    0.301233    0.232288    0.165049    0.103985    0.026681    
1.406862    2.593665    2.577424    2.588064    2.652171    2.738460    3.283575    4.171189    4.801176    6.283175    0.644342    0.477730    0.423896    0.368056    0.290124    0.231402    0.174077    0.108397    0.030180    1.570796    
