 8    -3.586170    4.015434    0.937822
-0.835604  0.665364  0.481271  -0.938764  -0.122347  -1.126123  -0.846273  -1.317148  -1.813608  -0.155595  0.611860  0.014949  0.795852  0.011985  0.922505  0.349768  0.002359  -0.999109  0.421646  -0.261758  0.127665  0.056907  -0.229472  -0.957703  -0.424170  0.020671  -0.415321  0.213133  
-0.194475  0.161097  0.877190  0.168462  -0.203861  -0.178733  -0.205706  -0.240960  
 1    -1.733616    0.283874      0.243706
 2    -2.780878    0.690413      0.105937
 3    -3.147252    0.845250      0.057740
 4    -3.405291    0.926770      0.023795
 5    -3.526403    0.979507      0.007862
 6    -3.568209    0.993954      0.002363
 7    -3.580862    0.998098      0.000698
 8    -3.583077    0.998796      0.000407
 9    -3.584908    0.999482      0.000166
10    -3.585638    0.999754      0.000070
5.048033    0.720547    
3.178765    3.511001    0.492367    0.410614    
2.425598    3.145089    2.969848    0.525007    0.378609    0.240800    
2.309048    3.031487    2.899337    3.671310    0.617366    0.484189    0.266694    0.230271    
2.033666    2.619419    2.526843    3.171271    2.895012    0.585661    0.452969    0.356380    0.205502    0.174563    
1.374802    2.535989    2.512395    2.594740    3.005008    3.055157    0.606714    0.471049    0.395980    0.311568    0.187165    0.136702    
1.274333    2.229435    2.279697    2.411991    2.534312    3.102713    2.925301    0.615269    0.440041    0.387490    0.336936    0.262584    0.158147    0.098651    
1.157117    1.939227    2.087669    2.195044    2.312881    2.513933    2.951363    2.778274    0.588579    0.417968    0.376623    0.327491    0.286983    0.200760    0.132012    0.068380    
1.151449    2.010791    2.113293    2.186998    2.299947    2.557605    2.790040    2.955479    3.606370    0.597651    0.426419    0.378633    0.331556    0.289327    0.212547    0.174825    0.074360    0.045540    
0.927511    1.794546    2.069747    2.151481    2.236810    2.393955    2.642707    2.844520    3.146918    3.576451    0.586036    0.448466    0.394938    0.346554    0.309946    0.257058    0.197394    0.154763    0.064353    0.043504    
