 8    -4.995971    5.280315    1.498315
-1.130571  0.696200  -0.432293  0.741020  -0.478137  1.386040  0.125180  1.148860  -2.350259  0.183293  -0.311386  -0.294066  0.400061  1.005500  0.501643  -0.000668  1.303972  1.073324  -0.515345  1.662900  0.551817  -0.579494  -0.848800  -0.410862  2.160625  -1.557699  0.134852  0.005454  
0.300374  0.268772  -0.276473  0.265171  -0.240148  -0.281565  -0.216731  0.324970  
 1    -2.066152    0.218926      0.285105
 2    -4.114730    0.778013      0.085755
 3    -4.808709    0.955094      0.018223
 4    -4.956552    0.989439      0.003836
 5    -4.987911    0.996911      0.000784
 6    -4.992898    0.999166      0.000299
 7    -4.995323    0.999831      0.000063
 8    -4.995323    0.999829      0.000063
 9    -4.995337    0.999836      0.000062
10    -4.995334    0.999836      0.000062
4.926306    0.781175    
4.221149    5.447779    0.808296    0.432040    
3.688404    3.366761    4.371544    0.687376    0.519927    0.328109    
2.364405    3.458743    3.336567    3.900112    0.642239    0.569713    0.408959    0.230787    
1.653496    3.257467    3.013099    3.333717    3.893840    0.691219    0.543001    0.479407    0.368950    0.178079    
1.629296    3.134946    3.006649    3.249942    3.623414    4.534981    0.682333    0.539077    0.483498    0.386500    0.251449    0.071387    
1.484849    2.760683    2.671497    2.764964    3.074083    3.507673    4.649501    0.662075    0.497669    0.447923    0.386117    0.303876    0.189739    0.066765    
1.486035    2.771525    2.684689    2.773066    3.074689    3.495822    4.638541    6.269180    0.662930    0.499681    0.449145    0.385879    0.302364    0.188554    0.066445    1.570409    
1.491003    2.781691    2.675781    2.760225    3.062249    3.495043    4.662093    5.591271    5.842643    0.663727    0.500073    0.446893    0.384632    0.301536    0.187806    0.055311    1.552412    1.561982    
1.478587    2.747315    2.657171    2.743436    3.059331    3.505437    4.654302    6.176899    2.616259    3.302265    0.660786    0.495586    0.445561    0.384397    0.302243    0.188559    0.055776    1.555891    0.000570    1.563944    
