 8    -4.488050    5.689618    0.002476
-0.035920  -1.299604  0.889104  -0.585994  0.462999  -0.768262  -1.095189  -1.467687  1.944982  -0.321040  -0.414614  -0.035430  3.271529  -0.267381  0.734255  -0.297524  -0.216513  1.865483  0.718226  0.226963  -0.908634  1.313824  0.193337  1.572044  -1.879911  1.578469  -0.685577  -0.879810  
-0.059314  0.180751  0.150099  0.995708  -0.121942  -0.108829  0.108941  -0.309399  
 1    -2.264409    0.132413      0.218482
 2    -3.610785    0.475464      0.086195
 3    -3.918913    0.594047      0.055920
 4    -4.248656    0.720503      0.023522
 5    -4.374150    0.781143      0.011191
 6    -4.436747    0.818313      0.005041
 7    -4.467352    0.860956      0.002034
 8    -4.482502    0.888457      0.000545
 9    -4.485968    0.900099      0.000205
10    -4.487065    0.912076      0.000097
4.304952    0.762278    
3.554380    3.706898    0.425741    0.430175    
2.525095    3.646557    3.375501    0.456750    0.376361    0.221230    
2.687648    3.460038    3.086737    4.909591    0.544393    0.450943    0.230664    0.216693    
2.199646    3.145691    3.076676    3.809034    3.527885    0.546264    0.431630    0.332203    0.178157    0.157848    
1.690228    3.092123    3.104023    3.263983    3.591996    3.875311    0.610511    0.439116    0.358931    0.291592    0.143806    0.120487    
1.647164    2.885171    2.995617    3.280770    3.493199    3.638260    4.382217    0.584673    0.445398    0.369519    0.283212    0.228618    0.105083    0.078827    
1.417381    2.677446    2.859737    3.071968    3.319014    3.765700    3.629185    4.550904    0.596915    0.435831    0.379453    0.320934    0.230208    0.190501    0.074327    0.065321    
1.286279    2.357968    2.614311    2.835972    3.036641    3.434471    3.631713    3.877443    4.079878    0.580057    0.419469    0.370245    0.322384    0.268690    0.193216    0.151533    0.058459    0.050662    
1.122346    2.169315    2.487548    2.691447    2.895843    3.161568    3.460760    3.778292    3.795556    4.314889    0.569919    0.426135    0.374458    0.326513    0.283499    0.229479    0.165339    0.120408    0.051721    0.037813    
