 8    -4.728697    3.682043    0.975864
1.857565  -0.203968  0.711019  -0.958718  0.636314  0.984796  0.976736  -0.773217  -0.776050  -1.071380  -0.238518  -0.933245  -0.167597  -1.889870  0.563232  -1.514799  -0.558354  0.092131  0.432031  0.517837  -0.093025  0.611153  -0.411582  0.223541  0.685520  -0.103944  -0.564542  -0.640192  
0.315461  -0.239585  -0.278496  -0.300923  0.227058  -0.233090  -0.252977  -0.287974  
 1    -2.266043    0.401882      0.292799
 2    -3.866205    0.771214      0.102547
 3    -4.551558    0.954750      0.021061
 4    -4.687384    0.987633      0.004912
 5    -4.716820    0.995501      0.001412
 6    -4.724853    0.998978      0.000457
 7    -4.725263    0.999145      0.000408
 8    -4.727876    0.999754      0.000098
 9    -4.727882    0.999757      0.000097
10    -4.727897    0.999769      0.000095
6.229383    0.652701    
4.315825    5.648506    0.816259    0.445763    
3.675820    3.596640    4.441547    0.693793    0.520973    0.318758    
2.485723    3.488972    3.438827    3.986255    0.637034    0.557329    0.404740    0.221511    
1.672729    3.377904    3.135120    3.426607    3.989658    0.694157    0.546712    0.480040    0.365661    0.177217    
1.644546    3.203879    3.110080    3.324564    3.708807    4.650015    0.677838    0.539344    0.483780    0.386284    0.256592    0.077501    
1.645583    3.185429    3.103223    3.310288    3.717151    4.353261    6.283185    0.675834    0.536763    0.482220    0.380982    0.241655    0.042700    1.548455    
1.486807    2.812528    2.742555    2.822148    3.131257    3.557340    4.603758    4.275304    0.657786    0.498731    0.446174    0.388900    0.311248    0.200198    0.075074    0.000651    
1.489785    2.815732    2.753798    2.845448    3.153293    3.576160    4.607169    5.874454    3.789443    0.657929    0.499487    0.448896    0.391278    0.313891    0.202543    0.080455    0.002634    1.569786    
1.496614    2.829040    2.735577    2.836771    3.167248    3.607551    4.591513    3.767782    3.427999    5.713182    0.658523    0.497265    0.446102    0.390350    0.315112    0.205228    0.085699    0.007426    0.000000    1.567028    
