 8    -5.048118    5.269142    0.450498
-1.485170  -0.260205  -1.424565  -0.891399  0.761163  -0.698757  -0.396650  1.243787  0.074518  -0.322948  1.461472  1.241821  0.259419  1.071688  -0.130218  1.885784  -0.705359  0.335575  0.568752  -0.916734  -1.059760  -1.918972  1.679736  -1.131580  -1.168810  -0.301069  3.244311  1.609465  
-0.229081  -0.176349  0.767478  -0.178165  -0.188767  0.228600  0.077464  -0.377005  
 1    -2.551320    0.237373      0.242002
 2    -4.066269    0.570114      0.095166
 3    -4.508174    0.667452      0.052334
 4    -4.821643    0.788940      0.021951
 5    -4.912716    0.852611      0.013124
 6    -4.959307    0.887939      0.008608
 7    -4.997244    0.952981      0.004931
 8    -5.006830    0.963042      0.004002
 9    -5.034258    0.990754      0.001343
10    -5.017654    0.980079      0.002953
3.920294    0.579474    
2.960509    3.881470    0.525193    0.421897    
2.574463    3.019088    3.989085    0.567475    0.453119    0.253822    
2.256835    2.931707    2.683319    4.126762    0.608638    0.479134    0.319863    0.243497    
1.809836    2.582812    2.585057    2.919294    3.375798    0.597475    0.455301    0.386397    0.239598    0.178529    
1.511052    2.570877    2.529398    2.649524    2.935021    3.520673    0.628905    0.469347    0.392819    0.316844    0.203088    0.118227    
1.441944    2.745620    2.603965    2.638887    3.199352    3.055025    6.283185    0.668569    0.472606    0.400785    0.323849    0.196822    0.190906    0.105539    
1.409595    2.718431    2.600767    2.598115    3.212025    2.898251    6.283185    6.283185    0.662628    0.471873    0.402007    0.321225    0.188432    0.186632    0.138984    0.046196    
1.432876    2.439168    2.478860    2.619955    2.793272    3.179701    3.415853    3.676278    3.800121    0.637851    0.463316    0.404690    0.335874    0.267089    0.211955    0.149948    0.102940    0.062203    
1.384684    2.722210    2.623966    2.615162    3.172870    2.932962    6.283185    6.283185    1.474345    1.442483    0.659827    0.476230    0.403420    0.319287    0.198703    0.195592    0.163037    0.000000    0.086967    1.524798    
