 8    -4.987678    5.159273    0.990191
-0.736260  0.440260  0.731900  0.254316  -1.807715  1.053235  -2.661686  -1.076339  0.484691  0.170791  0.129711  -0.386408  1.199626  -1.070269  -1.157811  -0.271514  -0.071525  -0.862646  -0.789977  0.300384  -0.166081  0.298657  1.737711  0.311688  1.138495  0.966284  0.786999  0.293484  
-0.214274  -0.072541  0.926483  0.164522  0.201184  -0.214448  0.153403  -0.263761  
 1    -2.013656    0.083559      0.293095
 2    -3.406656    0.119509      0.155813
 3    -3.696792    0.107350      0.127219
 4    -3.956062    0.088846      0.101668
 5    -4.037910    0.242398      0.093601
 6    -4.123878    0.310196      0.085129
 7    -4.236008    0.398968      0.074078
 8    -4.324053    0.534134      0.065401
 9    -4.478632    0.616887      0.050167
10    -4.539254    0.705363      0.044193
3.818496    0.566407    
2.921408    3.818029    0.490024    0.432126    
2.365580    3.130094    3.926864    0.538629    0.433701    0.241006    
2.172731    2.910389    2.740909    4.323518    0.592852    0.468963    0.308834    0.254337    
2.350153    3.082352    2.832681    5.925867    5.616300    0.572803    0.473418    0.295728    0.057566    1.380763    
2.288449    3.002465    2.735934    4.193579    6.283185    4.021937    0.573893    0.461019    0.307293    0.056173    1.405893    1.440939    
2.157390    2.958229    2.732338    4.224856    6.133609    3.469410    4.794313    0.579962    0.455438    0.331071    0.068931    1.329579    1.399617    1.418177    
2.114775    3.042938    2.910422    4.453803    6.283185    3.626431    6.283185    6.283185    0.558515    0.468268    0.318699    0.008868    1.317790    1.395358    1.564653    0.141214    
1.572452    2.477152    2.867510    3.642246    6.283185    4.048115    3.712573    6.283185    6.283185    0.620069    0.451796    0.420363    0.239833    1.397484    1.333890    1.342872    1.570796    0.163608    
2.139388    3.079919    2.730873    3.528928    6.283185    3.092235    4.474553    6.283185    4.247557    4.247029    0.606019    0.477249    0.279399    0.070049    1.356715    1.380465    1.479603    0.163532    0.145499    0.146195    
