 8    -4.007779    3.946590    0.459535
0.445292  -0.280395  -1.876685  -0.387690  0.596937  0.683369  0.232692  0.715544  0.804504  0.348361  -0.195662  -0.923606  0.598020  -1.569014  -0.119666  0.392834  1.194875  0.806525  1.582657  1.459610  -0.604105  -0.870248  -0.041871  1.678362  -0.365394  1.448301  0.201462  -1.036387  
-0.254027  0.173115  -0.165554  -0.202114  0.143301  0.131844  -0.994596  -0.081217  
 1    -1.210901    0.099008      0.351615
 2    -3.189437    0.651086      0.102880
 3    -3.522047    0.798643      0.061065
 4    -3.795652    0.884291      0.026668
 5    -3.913660    0.941756      0.011832
 6    -3.960671    0.964621      0.005922
 7    -3.978041    0.975986      0.003739
 8    -3.994742    0.991167      0.001639
 9    -4.001887    0.995782      0.000741
10    -4.004643    0.998012      0.000394
3.989644    0.287294    
3.634773    4.259341    0.479810    0.393819    
2.774018    3.717250    3.723545    0.516232    0.377715    0.232978    
2.636375    3.606207    3.368510    4.495534    0.596509    0.474714    0.268702    0.226153    
2.281619    3.136320    3.018359    3.702706    3.587972    0.569467    0.442189    0.357372    0.204673    0.171001    
1.656980    3.072378    3.026411    3.122920    3.558511    3.803995    0.607959    0.458159    0.382816    0.308846    0.181272    0.128949    
1.615252    2.780931    2.860125    3.015708    3.154349    3.742144    3.792302    0.606329    0.444739    0.380910    0.319427    0.253943    0.143758    0.082170    
1.586519    2.852150    2.908778    3.038972    3.245679    3.799975    3.543383    5.125412    0.606096    0.450272    0.389480    0.331267    0.240443    0.207287    0.078575    0.069325    
1.491355    2.656419    2.706757    2.803710    2.980333    3.437351    3.456705    4.134370    3.986299    0.596886    0.434278    0.378822    0.325866    0.270430    0.204886    0.166547    0.059588    0.065991    
1.340471    2.499148    2.667702    2.736858    2.867696    3.175736    3.383492    3.720041    4.057514    4.232796    0.596864    0.442544    0.389320    0.333862    0.288575    0.232480    0.182881    0.127868    0.067381    0.047121    
