 8    -6.243977    6.998525    0.215109
2.630205  0.331635  -0.987540  1.196508  1.705176  0.144573  -0.224789  0.221373  2.062121  2.356455  2.345444  -0.973641  -0.211556  -0.499396  -1.075603  -1.606699  1.315930  1.240364  2.464476  -1.954646  1.271019  0.863438  0.072479  1.632104  -0.754646  0.547447  -0.965586  -1.436375  
-0.260837  0.286532  -0.228560  -0.355703  -0.101588  -0.347904  0.249482  0.229948  
 1    -2.647679    0.223345      0.271572
 2    -5.166438    0.668766      0.081370
 3    -5.949035    0.857792      0.022272
 4    -6.129920    0.908950      0.008613
 5    -6.186438    0.938215      0.004345
 6    -6.222222    0.975623      0.001643
 7    -6.233200    0.984532      0.000814
 8    -6.238975    0.997446      0.000378
 9    -6.241782    0.998935      0.000166
10    -6.242816    0.999320      0.000088
5.257249    0.739221    
4.230314    5.339842    0.763953    0.416372    
3.497641    3.832194    4.360898    0.674946    0.508615    0.284398    
2.510334    3.561679    3.502911    4.022143    0.630986    0.527053    0.386021    0.196408    
1.914649    3.400150    3.236891    3.486263    4.116138    0.661458    0.523941    0.438435    0.326136    0.142329    
1.740007    3.217627    3.168790    3.335822    3.851198    4.863220    0.650273    0.519222    0.451233    0.359065    0.242766    0.084677    
1.520978    2.876970    2.887567    2.962072    3.289519    3.805045    4.661802    0.650453    0.495681    0.437398    0.377480    0.298760    0.192167    0.075575    
1.585640    2.960884    2.972605    3.064194    3.434561    3.937944    4.753510    5.587642    0.647991    0.503230    0.445770    0.382376    0.306186    0.209666    0.126503    0.039240    
1.425606    2.624047    2.725671    2.788682    3.035795    3.401501    3.848818    4.354700    5.197121    0.632607    0.479523    0.428324    0.381926    0.324589    0.253104    0.175512    0.111264    0.040405    
1.271504    2.377163    2.585359    2.560917    2.518519    2.617331    3.122630    3.732959    4.294179    5.037735    0.621234    0.473850    0.417952    0.360137    0.295837    0.255724    0.220432    0.163249    0.102908    0.038062    
