 8    -3.806325    4.742159    0.051846
-1.005836  0.503446  1.199233  1.483479  -0.592821  -0.667869  -0.277927  -0.746122  -1.144461  -0.517024  -1.065586  0.040723  -0.927408  0.138031  -1.344592  0.494226  -0.986034  0.821460  1.196688  1.597137  -1.299495  0.713507  0.143302  0.823571  -1.206175  -1.405423  0.998794  1.505038  
-0.357250  -0.252939  0.170927  -0.237987  0.268778  -0.255333  -0.271259  0.335126  
 1    -1.875999    0.052555      0.225809
 2    -3.097023    0.039587      0.082974
 3    -3.598487    0.021550      0.024313
 4    -3.726869    0.012183      0.009295
 5    -3.751471    0.008428      0.006417
 6    -3.753435    0.005605      0.006187
 7    -3.753988    0.001602      0.006122
 8    -3.754215    0.002135      0.006096
 9    -3.754175    0.003676      0.006101
10    -3.754135    0.005996      0.006105
3.934734    0.601698    
4.192173    5.466000    0.791484    0.418948    
3.509073    3.574242    4.562712    0.674194    0.543637    0.324575    
2.391946    3.711021    3.428658    4.014067    0.658277    0.571959    0.409978    0.231035    
1.734824    3.294276    3.136872    3.410002    3.973004    0.679313    0.535576    0.478144    0.365641    0.177625    
1.533399    2.802403    2.799162    2.886509    3.198279    3.828869    0.653021    0.493127    0.449783    0.382296    0.282657    0.121736    
1.474520    2.708204    2.743852    2.872288    3.149827    3.535232    4.359317    0.649529    0.493035    0.451391    0.400832    0.323870    0.206796    0.072482    
1.296127    2.360827    2.483822    2.558795    2.658437    2.775958    3.104170    3.908703    0.628436    0.470876    0.427017    0.385768    0.325894    0.251203    0.167536    0.067612    
1.410395    2.624722    2.675205    2.801809    3.039055    3.313270    3.467346    2.876056    5.518914    0.647906    0.494198    0.447282    0.405567    0.337702    0.222998    0.088850    0.000000    1.544503    
1.460497    2.625699    2.728616    2.850769    3.175852    3.693307    4.156817    5.681823    6.204199    5.697640    0.638074    0.480896    0.448285    0.394590    0.302995    0.162841    0.011063    1.568721    0.000000    1.554777    
