 8    -5.601864    6.453223    0.595976
-0.000432  -1.841434  -0.203556  -0.624784  -1.219408  -1.390574  -1.150531  0.491366  0.054424  0.097679  0.567014  -0.634688  -0.084317  2.237933  1.307675  -0.653678  0.796986  0.879571  1.715826  -0.195418  -0.504751  1.175331  -1.889992  0.104471  -0.910703  -0.366799  -3.151341  0.559314  
0.305409  -0.118178  0.208582  -0.200470  0.172185  0.139888  -0.996794  0.135099  
 1    -3.104624    0.282751      0.207152
 2    -4.557442    0.608664      0.086637
 3    -4.923061    0.736573      0.056308
 4    -5.353978    0.835426      0.020563
 5    -5.478895    0.921112      0.010201
 6    -5.544176    0.963337      0.004785
 7    -5.571250    0.978410      0.002539
 8    -5.591081    0.994413      0.000895
 9    -5.580423    0.988945      0.001779
10    -5.586708    0.994524      0.001257
5.352617    0.511732    
2.846661    3.888299    0.419895    0.474300    
2.418466    3.170959    3.883813    0.512624    0.417866    0.248786    
2.309071    2.929016    2.636469    4.817189    0.579614    0.471764    0.316113    0.281053    
1.802162    2.682364    2.677408    2.984253    3.640506    0.581092    0.454220    0.381406    0.219858    0.211719    
1.489850    2.632324    2.607148    2.750621    2.999822    3.551581    0.612347    0.463832    0.387904    0.315982    0.185495    0.149785    
1.433608    2.635902    2.603679    2.718926    3.112377    3.073618    6.283185    0.609588    0.462969    0.396646    0.316002    0.211134    0.204420    0.084170    
1.340839    2.455432    2.497969    2.617257    2.794537    3.200380    3.047441    4.390046    0.612102    0.453849    0.396770    0.337349    0.254320    0.218200    0.095603    0.081659    
1.404277    2.585051    2.575872    2.693604    2.974169    3.333756    6.283185    4.035770    5.295569    0.614317    0.460309    0.391481    0.323928    0.212674    0.204934    0.042359    1.540052    1.531081    
1.381969    2.501069    2.519155    2.639487    2.871105    3.361423    6.283185    4.439275    4.766269    4.626538    0.612380    0.454893    0.390540    0.327782    0.230506    0.212906    0.062039    1.502972    1.531127    1.528040    
