 8    -5.253674    4.888646    0.102670
0.286737  -1.614226  -2.273977  -0.592228  0.483037  0.143706  -2.061878  -0.378867  -1.044350  -0.467956  -1.944020  -0.360842  -0.845624  -0.393506  -0.128412  1.699103  -0.205102  -1.353236  0.078569  -0.912648  0.287707  0.720950  2.542370  1.214664  -0.456812  -0.948636  -0.651693  1.089899  
0.714752  0.000805  0.189511  0.186683  0.245299  -0.192107  -0.260616  0.287600  
 1    -1.478639    0.082157      0.372206
 2    -4.284849    0.401054      0.095523
 3    -4.932695    0.473296      0.031648
 4    -5.105799    0.493911      0.014580
 5    -5.170414    0.502644      0.008209
 6    -5.196839    0.506138      0.005604
 7    -5.200603    0.506793      0.005233
 8    -5.202154    0.508420      0.005080
 9    -5.202361    0.506873      0.005059
10    -5.202581    0.507920      0.005038
3.116679    0.280149    
4.372155    5.418770    0.717783    0.399431    
3.634909    4.175630    4.514492    0.659987    0.487985    0.266202    
2.685333    4.151297    4.016979    4.479268    0.664295    0.537896    0.377530    0.179671    
2.276526    3.642316    3.532962    3.904485    4.581100    0.638562    0.509907    0.411769    0.289169    0.116445    
1.777455    3.429649    3.361510    3.427175    3.966297    4.917943    0.661478    0.510746    0.432657    0.344413    0.233778    0.085862    
1.601799    2.904531    2.915489    3.016568    3.291611    3.808038    4.570769    0.638435    0.464973    0.408500    0.356245    0.281457    0.179485    0.071284    
1.640970    3.053947    2.989405    3.074689    3.390809    3.857047    4.576364    5.469659    0.645548    0.481039    0.417088    0.363343    0.299755    0.211881    0.123230    0.034084    
1.624769    3.005673    2.933756    3.039461    3.390470    3.885796    4.669305    5.492853    6.031090    0.642101    0.471457    0.408865    0.362193    0.291545    0.198608    0.088967    0.000000    1.553804    
1.594583    2.945165    2.902397    3.027558    3.365289    3.897000    4.544594    6.129191    5.623926    6.261305    0.639003    0.466432    0.406446    0.362213    0.285569    0.187168    0.070787    0.000000    1.570796    0.013836    
