 8    -4.441400    4.662694    0.161601
-0.643717  -1.251820  -0.563915  0.331439  1.203907  0.410914  1.678242  -1.025964  -0.021762  0.530480  0.576005  -1.554301  0.135096  -0.623157  1.427615  -2.456159  -1.629362  1.660334  -0.304425  -0.554435  -0.470783  -0.816757  1.163855  -1.072726  0.408300  0.162989  1.575043  -1.779279  
-0.338772  -0.208631  -0.304750  -0.107057  0.265240  -0.275975  0.236007  0.361717  
 1    -2.578438    0.010840      0.204629
 2    -3.584901    0.003032      0.094078
 3    -4.115714    0.001337      0.035774
 4    -4.241917    0.001259      0.021911
 5    -4.268091    0.000727      0.019036
 6    -4.273204    0.000126      0.018475
 7    -4.277561    0.000070      0.017996
 8    -4.278502    0.000173      0.017893
 9    -4.279143    0.000112      0.017822
10    -4.279364    0.000100      0.017798
5.083902    0.487223    
4.377676    5.513539    0.778147    0.403800    
3.600342    3.754998    4.588156    0.670827    0.533551    0.312803    
2.524575    3.690731    3.499873    4.033929    0.641046    0.546754    0.397567    0.214909    
1.826748    3.326559    3.163185    3.442358    4.033270    0.660417    0.515222    0.454817    0.349034    0.165058    
1.778139    3.243841    3.159427    3.373321    3.793713    4.707994    0.656602    0.519767    0.459408    0.372343    0.248196    0.077088    
1.629755    2.965180    2.959984    3.130581    3.503430    4.030770    5.035003    0.651891    0.493395    0.451217    0.386977    0.300573    0.189380    0.077881    
1.558789    2.858646    2.917144    3.064583    3.423295    3.902130    4.531580    4.815354    0.643487    0.492734    0.449808    0.395480    0.321437    0.221546    0.131368    0.044850    
1.452681    2.620772    2.733124    2.834836    3.087258    3.395825    3.832898    4.327980    5.001719    0.631380    0.471567    0.433558    0.387705    0.326282    0.247319    0.167882    0.109286    0.035292    
1.256149    2.322567    2.681913    2.798081    3.033404    3.293929    3.519183    3.415139    3.273579    4.546466    0.610772    0.472656    0.439605    0.404089    0.350506    0.274423    0.187028    0.109199    0.082759    0.033710    
