 8    -5.293840    7.126406    0.259857
1.736738  1.897914  -2.106773  -0.148912  0.583062  -2.259233  0.137240  -0.701213  -0.620780  -0.479620  1.209739  -1.075184  0.806919  -0.290783  -0.220948  -0.169156  1.100834  0.082511  -0.004376  -1.722558  1.057556  -2.517913  -1.910640  1.306455  0.424398  -0.469168  -1.006073  -0.921923  
-0.357337  0.215508  0.244151  -0.292437  0.067524  -0.336636  -0.200370  -0.340134  
 1    -2.268740    0.216839      0.243562
 2    -4.409085    0.612510      0.071235
 3    -5.053842    0.776270      0.019323
 4    -5.203157    0.827339      0.007301
 5    -5.242340    0.855876      0.004146
 6    -5.265924    0.923730      0.002248
 7    -5.276382    0.953970      0.001406
 8    -5.287273    0.993770      0.000529
 9    -5.291112    0.998195      0.000220
10    -5.292404    0.999199      0.000116
3.667107    0.585852    
4.543491    5.827822    0.785997    0.428307    
3.564985    3.891223    4.750662    0.662467    0.525459    0.306034    
2.574217    3.684410    3.581716    4.241214    0.628985    0.528529    0.388141    0.208718    
1.888399    3.476886    3.309403    3.575319    4.345325    0.658988    0.522321    0.441543    0.337749    0.155682    
1.890837    3.482438    3.357900    3.623784    4.263534    5.660770    0.652259    0.527123    0.450302    0.356852    0.238990    0.087952    
1.758417    3.259212    3.204301    3.398818    3.875312    4.572679    5.228922    0.651284    0.511855    0.450697    0.378408    0.288139    0.178138    0.077553    
1.722288    3.296144    3.193467    3.437915    3.936640    4.645489    5.083022    5.835056    0.653369    0.507888    0.450210    0.372294    0.286680    0.190024    0.151634    0.062083    
1.594171    2.960125    2.958659    3.082963    3.517687    4.055966    4.684831    4.736545    5.420442    0.641687    0.481339    0.433136    0.374688    0.306719    0.225574    0.173293    0.126888    0.056098    
1.512119    2.774626    2.812691    2.833325    3.104600    3.487596    4.056732    4.436315    4.711512    5.139688    0.632253    0.471224    0.416747    0.364271    0.303941    0.239087    0.184165    0.152966    0.103795    0.042900    
