 8    -4.447035    4.074782    0.014987
1.228264  -0.961592  -1.375194  -0.666736  -0.408250  -0.159367  -1.010143  -0.272901  1.148510  0.304371  0.659412  1.625798  -1.085026  -0.277913  0.463255  -0.990108  0.434097  -0.866149  1.488676  -0.134554  0.149314  0.151039  -1.374282  -0.378194  0.792847  -1.594435  -0.553262  -1.656346  
-0.351752  0.226072  -0.265224  -0.265471  0.058337  -0.305427  -0.270234  -0.329739  
 1    -2.417256    0.300649      0.238186
 2    -3.704205    0.584942      0.087168
 3    -4.285273    0.737090      0.018982
 4    -4.411737    0.784759      0.004142
 5    -4.439796    0.809196      0.000849
 6    -4.442462    0.843266      0.000537
 7    -4.444541    0.887584      0.000293
 8    -4.445026    0.938549      0.000236
 9    -4.445879    0.980691      0.000136
10    -4.446316    0.987686      0.000084
5.001359    0.585422    
4.365581    5.700566    0.791718    0.427317    
3.372053    3.765175    4.710409    0.657590    0.543228    0.320455    
2.426551    3.634229    3.424255    4.096889    0.636798    0.535459    0.392221    0.219366    
1.775143    3.311386    3.153464    3.399026    4.103572    0.662229    0.514851    0.447583    0.341810    0.165821    
1.694331    3.108348    3.093183    3.220079    3.667776    4.497659    0.653349    0.508148    0.449315    0.363736    0.247065    0.079043    
1.536422    2.828437    2.951942    3.113915    3.496102    4.089973    5.087110    0.642463    0.492270    0.451755    0.390890    0.305477    0.184996    0.064985    
1.579614    2.924561    2.986466    3.181323    3.591069    4.214880    5.050893    5.570358    0.645851    0.494001    0.453260    0.388379    0.304764    0.195354    0.115259    0.034362    
1.498585    2.730995    2.894834    3.058249    3.483849    4.012139    4.590073    4.675525    5.305996    0.636503    0.482244    0.447340    0.395161    0.323819    0.232868    0.165959    0.118146    0.047190    
1.417997    2.563464    2.750525    2.815267    3.024853    3.192855    3.576431    4.121296    4.342058    5.037099    0.625509    0.470367    0.429541    0.378307    0.305872    0.230957    0.183351    0.157712    0.116393    0.049188    
