 8    -4.189148    4.203361    0.147510
0.339865  0.191300  -1.140822  0.778411  1.707351  1.008358  -1.292085  -0.473293  0.210802  -0.992069  0.924987  0.120085  -0.173989  1.086957  1.130888  -0.286387  0.510305  1.395815  -0.250652  0.675379  -1.229298  -0.628359  0.987545  0.796753  0.540241  2.103185  -0.631635  -0.040769  
0.313139  0.036162  -0.261643  0.224840  0.559741  -0.237451  0.230892  0.211311  
 1    -0.954447    0.086955      0.385427
 2    -3.299435    0.472923      0.106013
 3    -3.753923    0.573882      0.051859
 4    -3.925368    0.658133      0.031430
 5    -3.965558    0.700618      0.026642
 6    -4.005770    0.778417      0.021850
 7    -4.054450    0.876762      0.016050
 8    -4.104500    0.929886      0.010086
 9    -4.151088    0.983716      0.004535
10    -4.173634    0.991641      0.001849
2.157069    0.613640    
3.485814    4.544066    0.669369    0.403329    
3.010171    3.358096    4.452846    0.626752    0.490857    0.258664    
2.558336    3.169568    3.005959    4.191109    0.623954    0.481780    0.332733    0.209220    
2.053679    2.752175    2.811818    3.193605    3.762964    0.592917    0.460546    0.391813    0.258609    0.146396    
2.482830    2.901141    2.881683    3.669163    3.605069    6.269734    0.601281    0.464312    0.362367    0.237072    0.166723    0.095036    
2.639563    3.064026    3.036173    3.894843    4.357039    4.907779    6.283185    0.592404    0.474543    0.301059    0.230394    0.082431    0.163096    0.114755    
2.300850    2.991548    2.869530    3.716170    3.596535    5.640024    3.524980    5.254718    0.596675    0.468493    0.339721    0.238728    0.155675    0.158895    0.123881    0.118766    
2.422140    3.020973    2.801058    3.793610    3.947238    6.283185    4.039456    3.976712    4.453936    0.604030    0.470655    0.340667    0.201630    0.098779    0.120586    0.153558    0.146825    0.112574    
1.512175    2.842212    2.902755    3.034451    3.656499    4.628535    5.081278    4.453083    3.915898    4.404868    0.630878    0.490447    0.428198    0.288939    0.189730    0.089138    0.134708    0.164650    0.142093    0.095486    
