 8    -3.532896    4.221886    0.183429
1.387236  0.963562  -0.944981  1.624400  0.264741  0.367542  0.797701  -0.556226  -0.100179  0.323385  -1.814105  -0.930862  1.097972  0.485753  0.527625  0.093865  -1.150458  0.466368  0.442111  0.138366  -0.105991  -0.839403  1.688002  -0.084315  -1.454174  0.424841  -1.326656  -0.408164  
0.341115  -0.232049  -0.288972  0.236926  -0.156962  -0.321126  -0.204513  -0.349646  
 1    -1.684292    0.005316      0.238382
 2    -2.713796    0.003323      0.105625
 3    -3.188358    0.000048      0.044429
 4    -3.301963    0.000053      0.029779
 5    -3.332261    0.000002      0.025872
 6    -3.344645    0.000009      0.024276
 7    -3.348215    0.000003      0.023815
 8    -3.348614    0.000003      0.023764
 9    -3.348655    0.000003      0.023758
10    -3.348709    0.000003      0.023751
5.791673    0.553520    
4.343178    5.676457    0.798814    0.438893    
3.611701    3.731784    4.550423    0.684656    0.528293    0.317449    
2.493466    3.647235    3.549457    4.169594    0.646105    0.557404    0.411393    0.220871    
1.838069    3.441918    3.227631    3.527532    4.185004    0.681141    0.541915    0.466703    0.357439    0.166565    
1.729529    3.338722    3.205928    3.442576    3.896903    5.052406    0.677003    0.539273    0.477850    0.380767    0.256845    0.084140    
1.567404    2.918274    2.851864    2.932429    3.271893    3.747353    4.843036    0.661953    0.497748    0.446930    0.384932    0.305707    0.194800    0.075008    
1.556535    2.906651    2.854424    2.945467    3.260609    3.683750    4.500906    5.036066    0.660419    0.501707    0.450730    0.393540    0.322404    0.220241    0.118633    0.027349    
1.578992    2.949957    2.869778    2.956402    3.285674    3.731174    4.756230    5.335439    6.158518    0.663531    0.502349    0.449704    0.389119    0.313942    0.207198    0.095874    0.000000    1.559355    
1.550093    2.878297    2.834709    2.935030    3.263092    3.693264    4.574458    5.696535    3.782861    4.483202    0.658417    0.497387    0.448920    0.393060    0.320015    0.213468    0.097137    0.000000    1.552870    1.559863    
