 8    -3.587827    5.130739    0.141684
1.412241  2.337697  1.611915  1.649743  0.798248  -0.038336  -0.416919  0.573888  0.379333  0.395861  -0.639797  -0.622015  -1.097253  -0.040995  0.406483  1.850516  0.371162  -0.024252  0.881849  1.684386  -0.044589  -0.971817  -0.680023  -1.209145  0.695044  0.691764  0.203673  -0.572106  
-0.360449  0.248627  0.244817  0.245728  -0.159282  -0.210702  0.601586  0.202683  
 1    -1.988734    0.289352      0.183412
 2    -2.839486    0.665860      0.085833
 3    -3.326689    0.820241      0.029952
 4    -3.516534    0.934235      0.008177
 5    -3.560275    0.964711      0.003160
 6    -3.577346    0.990203      0.001202
 7    -3.583398    0.993505      0.000508
 8    -3.586109    0.998376      0.000197
 9    -3.586335    0.998605      0.000171
10    -3.587465    0.999542      0.000041
5.937988    0.577522    
3.268104    4.705652    0.702129    0.410410    
2.722084    3.306139    4.380917    0.655410    0.542149    0.316217    
2.126132    3.240873    2.953152    3.931239    0.663200    0.537964    0.393106    0.249385    
1.577555    2.793016    2.806349    2.940387    3.744511    0.651243    0.518648    0.452402    0.330923    0.190816    
1.454717    2.673623    2.582589    2.601370    2.926388    3.632943    0.657018    0.510387    0.431937    0.356897    0.254966    0.125652    
1.353446    2.465523    2.448343    2.488406    2.692742    3.150214    3.869610    0.647638    0.492580    0.431576    0.369947    0.296684    0.200906    0.076938    
1.300279    2.392657    2.398408    2.460992    2.617325    2.967219    3.308542    4.072127    0.648077    0.490943    0.435555    0.379016    0.317283    0.237218    0.140018    0.051889    
1.283028    2.334438    2.345743    2.420748    2.571549    2.909383    3.206935    3.985864    6.283185    0.643021    0.481569    0.429194    0.376591    0.314149    0.230528    0.136921    0.036942    1.557756    
0.956492    1.887569    2.146015    2.197909    2.238237    2.289322    2.404516    2.676525    3.216744    3.891191    0.617135    0.482905    0.428465    0.379562    0.334075    0.272885    0.218812    0.171540    0.101805    0.039540    
