 8    -4.424206    5.735264    0.069021
0.883490  -0.457785  -0.092110  -1.329808  3.064264  2.017759  0.917338  -1.485646  0.912503  -1.919773  -1.823598  -0.359470  -1.803942  0.538994  -0.087634  0.240699  0.057595  0.656237  0.850275  -0.592950  -0.088395  0.097974  0.060302  0.677781  1.689936  -0.224493  0.448526  1.783406  
-0.224216  0.254117  0.203684  -0.170958  0.615461  0.166320  0.208148  -0.324678  
 1    -2.008690    0.212896      0.237760
 2    -3.432743    0.705867      0.097590
 3    -3.979056    0.867130      0.043816
 4    -4.263703    0.945266      0.015798
 5    -4.366476    0.982111      0.005682
 6    -4.407143    0.994282      0.001679
 7    -4.416989    0.997275      0.000710
 8    -4.421960    0.999424      0.000221
 9    -4.422691    0.999460      0.000149
10    -4.423027    0.999632      0.000116
5.784964    0.445982    
3.452642    4.341198    0.608666    0.405649    
2.959032    3.410568    3.719476    0.625588    0.439196    0.265662    
2.597865    3.417013    3.269326    4.045629    0.667572    0.518295    0.339644    0.213591    
2.233964    2.897515    2.764436    3.225152    3.479800    0.626785    0.468992    0.390969    0.248128    0.155367    
1.584527    2.818079    2.743963    2.766992    3.173089    3.563654    0.647993    0.497665    0.416546    0.333652    0.220411    0.117056    
1.481772    2.469089    2.482109    2.556926    2.759421    3.249573    3.422143    0.636345    0.463425    0.405930    0.348491    0.278283    0.172321    0.077433    
1.432080    2.485591    2.502005    2.583438    2.800529    3.214319    3.511348    4.251725    0.637491    0.469827    0.416533    0.360643    0.292648    0.219125    0.111205    0.046369    
1.378261    2.347178    2.338514    2.455656    2.624521    2.979848    3.104111    5.874104    5.591418    0.630973    0.447136    0.399514    0.355449    0.288943    0.192622    0.124741    0.000000    1.534061    
1.365780    2.343407    2.341607    2.431215    2.590965    2.906916    3.102177    4.898056    6.283185    6.283185    0.628922    0.449811    0.400620    0.354362    0.293260    0.211732    0.150550    0.029696    1.520348    1.548809    
