 8    -3.484223    3.466263    0.696414
0.439265  0.438488  1.147810  -0.067318  1.282502  1.203008  1.135877  -0.804010  -0.355338  1.115535  0.416017  0.281031  0.602493  -0.502367  -0.360674  -0.046913  -0.271253  1.007771  0.968143  0.644780  0.042835  0.213668  0.719655  -0.648750  -0.936063  -0.101636  -0.105031  1.266631  
-0.319820  0.242514  0.278519  0.282589  -0.277782  0.237677  0.241797  -0.353548  
 1    -1.639292    0.342470      0.265439
 2    -2.855016    0.780472      0.090527
 3    -3.356730    0.957810      0.018343
 4    -3.458911    0.990494      0.003642
 5    -3.478687    0.997382      0.000796
 6    -3.482020    0.999229      0.000317
 7    -3.483880    0.999893      0.000049
 8    -3.483881    0.999893      0.000049
 9    -3.483883    0.999894      0.000049
10    -3.483882    0.999893      0.000049
4.570305    0.680874    
4.003036    5.273427    0.820768    0.446257    
3.405864    3.274848    4.155815    0.690128    0.525650    0.325815    
2.260826    3.287881    3.156958    3.703702    0.644029    0.565188    0.406591    0.229159    
1.539311    3.104586    2.887456    3.164848    3.691662    0.694196    0.545871    0.483019    0.369233    0.180541    
1.531004    2.989369    2.883289    3.104518    3.469244    4.385620    0.682294    0.541474    0.486363    0.385855    0.250726    0.069193    
1.397746    2.634340    2.538458    2.622328    2.925581    3.350460    4.467184    0.660881    0.498049    0.446979    0.385412    0.305815    0.193194    0.070421    
1.396868    2.649197    2.564280    2.651610    2.946064    3.358218    4.441236    5.920888    0.662246    0.501994    0.450776    0.387513    0.305101    0.190746    0.068470    1.569302    
1.393183    2.630099    2.538566    2.621037    2.924888    3.347315    4.465948    6.225743    2.282284    0.660637    0.498257    0.446871    0.385506    0.303875    0.189880    0.063705    1.567366    0.001649    
1.396373    2.643018    2.554911    2.640893    2.939910    3.354380    4.459370    5.935987    2.366906    4.767520    0.661812    0.500661    0.449267    0.386768    0.304042    0.189362    0.065269    1.568017    0.000934    0.000015    
