 8    -2.491854    2.804698    0.138371
-0.804458  0.320932  -0.025483  0.644324  -0.300797  0.389475  -0.107437  -0.479983  0.595036  -0.464668  0.667281  -0.806116  -1.196070  -0.405960  -0.182377  0.103193  -0.138422  0.705692  1.271795  -0.986747  -0.334835  -0.099482  0.407192  0.919388  0.312118  1.533161  -0.550174  -0.383147  
-0.169267  0.277476  0.192056  -0.272480  0.222889  -0.220960  0.143879  -0.785010  
 1    -0.882394    0.187035      0.303869
 2    -1.934965    0.621600      0.105142
 3    -2.289887    0.774655      0.038132
 4    -2.423227    0.909036      0.012957
 5    -2.455753    0.949989      0.006816
 6    -2.475096    0.980809      0.003164
 7    -2.485711    0.985000      0.001160
 8    -2.489931    0.997864      0.000363
 9    -2.490953    0.999306      0.000170
10    -2.491306    0.999488      0.000104
4.647214    0.374538    
3.424446    4.640212    0.677764    0.402349    
2.937081    3.414082    4.664215    0.639102    0.522096    0.291942    
2.409047    3.211254    3.024080    4.187180    0.627795    0.504703    0.361700    0.235847    
1.677221    2.887195    2.917454    3.099183    3.969551    0.621226    0.500171    0.431217    0.307463    0.181000    
1.578869    2.833718    2.770846    2.855642    3.255562    4.080763    0.641529    0.497512    0.424133    0.335541    0.241131    0.105751    
1.465322    2.711829    2.706083    2.756429    3.081211    3.521465    4.919697    0.640545    0.496911    0.428118    0.352124    0.268033    0.186379    0.072526    
1.354282    2.492224    2.526508    2.622337    2.845910    3.263286    3.520975    4.522593    0.636402    0.477625    0.423661    0.366685    0.294879    0.221773    0.125681    0.060572    
1.218070    2.228436    2.360606    2.448147    2.596988    2.897271    3.135179    3.554720    3.994270    0.618890    0.460671    0.414458    0.365285    0.311539    0.240333    0.175805    0.093515    0.046839    
1.087511    2.023162    2.234629    2.274052    2.302527    2.425614    2.727946    3.084313    3.654488    3.913055    0.605580    0.454716    0.405567    0.352570    0.303043    0.249570    0.205865    0.149624    0.083770    0.035654    
