 8    -4.118286    3.512361    0.275140
-0.275434  0.009924  0.464788  0.342611  1.134445  -1.210976  -1.443573  -0.759583  0.937481  0.102493  0.591607  -0.425419  0.755324  -1.678499  -0.895253  0.458548  0.258016  -1.155983  0.649192  0.046318  0.348382  -0.652745  -1.665788  -0.809513  -0.563146  -1.429917  1.575949  0.753774  
-0.117158  0.995472  -0.129064  -0.171799  0.165590  0.211566  0.156239  -0.293216  
 1    -2.116846    0.306250      0.262290
 2    -3.209048    0.638440      0.119156
 3    -3.670579    0.699215      0.058672
 4    -3.966724    0.857177      0.019862
 5    -4.047831    0.925203      0.009233
 6    -4.091716    0.974070      0.003482
 7    -4.105567    0.990372      0.001667
 8    -4.113178    0.995014      0.000669
 9    -4.116601    0.998886      0.000221
10    -4.117455    0.999476      0.000109
5.877549    0.516651    
3.091158    4.541938    0.510035    0.455853    
2.779434    3.329500    4.851574    0.555926    0.472117    0.281884    
2.409545    3.174922    2.781583    4.947692    0.577993    0.465492    0.334936    0.267856    
1.841240    2.838836    2.794279    2.960740    4.137435    0.581285    0.445937    0.389427    0.245878    0.215574    
1.535215    2.760179    2.715314    2.807058    2.960500    3.899368    0.622388    0.464399    0.385663    0.323468    0.200863    0.160932    
1.443136    2.507347    2.548914    2.680197    2.815896    3.325204    3.582218    0.609566    0.446266    0.387547    0.327782    0.260802    0.162605    0.092337    
1.397106    2.488304    2.551174    2.662782    2.802625    3.267034    3.145078    4.699080    0.609036    0.448553    0.393266    0.337644    0.266302    0.207240    0.111586    0.062370    
1.308459    2.279848    2.359580    2.456183    2.582211    2.883222    3.065946    3.340281    3.949483    0.596378    0.429098    0.379178    0.329307    0.285501    0.212341    0.174299    0.070880    0.056136    
1.059745    1.955148    2.242328    2.353499    2.471228    2.648183    2.925219    3.133589    3.556246    3.808876    0.573165    0.430189    0.386807    0.340256    0.303743    0.249475    0.193388    0.145280    0.063460    0.043393    
