 8    -4.414554    5.653647    0.372202
-1.243488  -2.264139  0.865807  -1.336708  -1.279517  1.240628  -0.033184  -0.820098  1.200778  0.918955  -1.424009  2.450503  -0.537670  0.570585  0.081665  1.937139  -0.584177  -0.168090  0.839135  -0.710069  0.423163  -0.202745  0.808552  -0.285661  0.982600  -0.669389  -0.243496  0.163524  
-0.378008  -0.216033  -0.293086  0.261744  -0.262264  0.289331  0.263519  0.201986  
 1    -2.429154    0.406871      0.197195
 2    -3.685534    0.742842      0.072408
 3    -4.245019    0.927575      0.016839
 4    -4.372141    0.971123      0.004213
 5    -4.399467    0.982704      0.001498
 6    -4.409134    0.996470      0.000538
 7    -4.413288    0.999185      0.000126
 8    -4.413818    0.999456      0.000073
 9    -4.414037    0.999755      0.000051
10    -4.413998    0.999780      0.000055
5.637161    0.585372    
4.155898    5.242691    0.802357    0.426929    
3.514863    3.390001    4.165793    0.685170    0.511891    0.307861    
2.397066    3.325941    3.261610    3.779189    0.636544    0.549372    0.397870    0.213717    
1.653998    3.158835    2.934917    3.230761    3.809863    0.672031    0.533294    0.459892    0.355457    0.165471    
1.603695    3.067248    2.950674    3.200292    3.621814    4.654878    0.667255    0.532677    0.471098    0.375771    0.246814    0.075044    
1.433857    2.689247    2.657932    2.767430    3.106030    3.555693    4.583985    0.655415    0.497853    0.446581    0.388609    0.304675    0.191577    0.070651    
1.312685    2.388877    2.394621    2.414393    2.557324    2.800540    3.284912    4.285221    0.635318    0.467355    0.414671    0.367856    0.303098    0.233469    0.150489    0.060947    
1.284874    2.363308    2.356076    2.342816    2.429593    2.675185    3.172859    3.833922    4.298344    0.635430    0.467822    0.410389    0.361456    0.305639    0.255534    0.183046    0.102192    0.028364    
1.285130    2.368132    2.431789    2.468986    2.630728    2.862441    3.312802    4.104286    4.968870    4.224579    0.635704    0.472739    0.424467    0.378956    0.316781    0.247486    0.165059    0.086154    0.014114    1.568239    
