 8    -4.435606    4.484703    0.984572
-0.270164  0.934725  -0.978179  1.679502  -0.282496  -2.137573  -0.087249  -0.115780  1.694825  0.442736  0.904835  -0.777380  -0.167235  0.549352  0.270288  -0.407457  0.289694  -0.826243  0.196590  -0.202494  -0.952162  -0.713718  -1.209645  1.367745  -1.526735  -1.657416  0.561338  -0.300495  
-0.311082  0.125491  0.164506  -0.162105  0.922884  -0.158344  -0.230799  0.030781  
 1    -2.405659    0.212648      0.227565
 2    -3.239410    0.432976      0.134098
 3    -3.522058    0.521067      0.102412
 4    -3.793511    0.599933      0.071981
 5    -3.901506    0.643292      0.059875
 6    -3.977110    0.705520      0.051399
 7    -4.045871    0.756855      0.043691
 8    -4.144753    0.828223      0.032606
 9    -4.259133    0.909357      0.019783
10    -4.327111    0.956170      0.012163
5.304653    0.673178    
3.101025    3.493577    0.463926    0.416309    
2.325506    3.159287    3.069488    0.487588    0.383267    0.219918    
2.415686    3.036943    2.827095    4.235820    0.578733    0.469439    0.253552    0.224522    
2.006789    2.708918    2.688111    3.379777    3.130502    0.561487    0.446602    0.349700    0.195338    0.161182    
2.263824    2.765403    2.687765    3.675350    2.579284    6.283185    0.556563    0.454885    0.313745    0.225156    0.205068    0.120018    
2.218142    2.752358    2.634432    3.979222    2.474135    6.283185    6.283185    0.537927    0.462552    0.336335    0.181578    0.207492    0.161283    0.103669    
2.067006    2.816765    2.735374    3.554176    2.606749    6.283185    6.283185    6.283185    0.552480    0.466056    0.340560    0.205046    0.207872    0.140992    0.135008    0.106194    
1.932160    2.769969    2.710424    3.508320    2.881406    6.283185    6.283185    6.283185    6.283185    0.561419    0.456202    0.351557    0.204711    0.216272    0.120041    0.122223    0.163801    0.106346    
2.014185    2.733736    2.700918    3.501021    2.697734    6.283185    6.283185    6.283185    6.283185    6.283185    0.574347    0.454686    0.343103    0.225620    0.204639    0.125577    0.110116    0.152260    0.148212    0.083637    
