 8    -5.355447    4.421480    1.017101
0.158384  -2.469081  -1.367974  0.135415  1.363801  -0.059990  -0.573970  0.521582  -0.633190  -0.989024  -1.811767  -0.207563  0.278757  1.736000  1.327823  -0.349844  0.156643  -2.476514  0.480148  -0.972058  1.202101  0.714467  0.655365  0.348766  0.662913  -0.184703  -0.262322  -0.376450  
0.256766  -0.194957  0.229257  -0.178544  -0.798225  -0.158176  0.139336  0.286683  
 1    -2.365630    0.161209      0.305803
 2    -4.227969    0.682675      0.115320
 3    -4.754539    0.834296      0.061462
 4    -5.140125    0.916984      0.022023
 5    -5.275594    0.972004      0.008167
 6    -5.325678    0.986180      0.003045
 7    -5.342034    0.992449      0.001372
 8    -5.349998    0.998021      0.000557
 9    -5.353964    0.999411      0.000152
10    -5.354762    0.999731      0.000070
6.176119    0.876205    
3.076016    3.618391    0.528943    0.415497    
2.541407    3.004211    3.215071    0.553394    0.401324    0.236968    
2.387395    2.987908    2.769446    3.835061    0.625741    0.486513    0.293745    0.230605    
2.073908    2.575072    2.469766    2.968154    2.969278    0.595607    0.446457    0.364761    0.210718    0.171453    
1.365375    2.526429    2.489625    2.534082    2.875838    3.120452    0.623500    0.477331    0.397537    0.317607    0.195356    0.127593    
1.324087    2.236254    2.282115    2.396161    2.523771    3.012889    3.027010    0.626245    0.447583    0.391462    0.333817    0.265624    0.156623    0.083556    
1.279015    2.280155    2.318001    2.422022    2.589581    3.027443    3.021130    4.002303    0.623722    0.457395    0.400946    0.344522    0.265806    0.206498    0.092616    0.051334    
1.210406    2.077323    2.110029    2.177710    2.300716    2.584025    2.759890    3.084457    3.520175    0.611136    0.431681    0.380461    0.330932    0.285393    0.211226    0.172326    0.069620    0.052581    
1.022148    1.835930    2.049272    2.113771    2.208736    2.383045    2.639788    2.853371    3.288355    3.397778    0.590202    0.438141    0.391042    0.340906    0.303451    0.247900    0.194624    0.141261    0.066343    0.039720    
