 8    -2.829359    3.814792    0.143862
-1.121427  0.552710  -0.128515  -0.098978  0.525132  0.641744  1.041625  -0.042823  1.512432  -1.412685  -0.643521  0.264371  -1.049341  1.305647  0.713874  1.167148  0.704935  -0.414135  0.073798  1.057499  0.449541  0.053513  -0.031501  0.826730  0.584970  -0.994272  0.246403  0.018999  
0.260473  0.346354  -0.165360  -0.294876  0.216595  0.329556  0.215392  -0.243639  
 1    -1.379043    0.346258      0.218285
 2    -2.276333    0.732056      0.083235
 3    -2.665441    0.921692      0.024671
 4    -2.772752    0.967736      0.008520
 5    -2.806295    0.988182      0.003471
 6    -2.824058    0.997485      0.000798
 7    -2.827846    0.999170      0.000228
 8    -2.828410    0.999424      0.000143
 9    -2.828620    0.999585      0.000111
10    -2.828719    0.999659      0.000096
5.656493    0.655374    
4.277232    5.367294    0.760361    0.412793    
3.585819    4.027422    4.474897    0.694044    0.528741    0.292918    
2.644537    3.819739    3.689875    4.171718    0.662846    0.552300    0.401337    0.201301    
2.371653    3.669151    3.417727    3.801202    4.588315    0.661882    0.547082    0.423285    0.308859    0.107843    
1.809281    3.379934    3.261809    3.473606    3.965052    5.043411    0.674245    0.534046    0.469591    0.370252    0.247488    0.085289    
1.597064    2.927392    2.890119    2.961671    3.278960    3.757511    4.739764    0.656780    0.496101    0.440392    0.381843    0.297990    0.192409    0.076467    
1.505660    2.705126    2.635013    2.495524    2.356464    2.698708    3.462340    4.519084    0.643207    0.471521    0.404212    0.327778    0.260596    0.231063    0.161618    0.067221    
1.298606    2.385286    2.676378    2.797012    2.957110    3.190417    3.556848    4.017372    4.421059    0.620890    0.479474    0.445616    0.403500    0.348352    0.275271    0.190140    0.105772    0.029114    
1.527175    2.770624    2.710069    2.574282    2.356507    2.645436    3.469710    4.573949    5.348415    6.132520    0.647588    0.480547    0.414907    0.331583    0.252780    0.236085    0.174533    0.082424    0.000000    1.560155    
