 8    -5.727614    4.413151    0.834160
-0.785379  0.950782  -0.027696  -1.235860  -0.578111  0.713701  -0.686916  1.087173  0.024415  -1.229610  0.309458  1.095729  1.452500  -0.108886  0.952027  -0.189320  -2.661238  -0.526750  -0.667293  1.206642  0.618741  -1.492365  0.431372  -0.099084  0.579067  -1.668932  1.581917  -0.023200  
-0.309516  -0.250391  0.278044  -0.244545  -0.273154  0.256162  0.316460  -0.171218  
 1    -2.146327    0.180649      0.353158
 2    -4.718628    0.734013      0.099498
 3    -5.479141    0.915921      0.024502
 4    -5.659645    0.961251      0.006703
 5    -5.699421    0.975609      0.002780
 6    -5.717792    0.996005      0.000969
 7    -5.725583    0.999227      0.000200
 8    -5.726332    0.999506      0.000126
 9    -5.726422    0.999732      0.000118
10    -5.726933    0.999851      0.000067
5.333776    0.323645    
4.270163    5.454315    0.796395    0.429851    
3.585255    3.621643    4.386958    0.683970    0.519382    0.308207    
2.512971    3.569053    3.429881    4.022752    0.648597    0.551919    0.402538    0.215317    
1.796264    3.318742    3.104099    3.412924    4.057372    0.670327    0.534732    0.459186    0.355215    0.163401    
1.715512    3.313606    3.149393    3.457849    3.941158    5.240745    0.670471    0.540249    0.472657    0.374371    0.247473    0.083923    
1.530497    2.909889    2.829799    2.981336    3.359504    3.863528    4.938094    0.662900    0.501392    0.452051    0.387814    0.303934    0.192968    0.081618    
1.410927    2.560597    2.565716    2.662911    2.941281    3.247873    3.668165    4.431363    0.639888    0.467613    0.425863    0.382634    0.316908    0.231008    0.139383    0.063161    
1.478510    2.796922    2.787330    2.920743    3.262780    3.683356    4.286718    4.360186    4.322509    0.655659    0.502007    0.451906    0.401299    0.329642    0.230348    0.133209    0.049799    0.010346    
1.353856    2.489977    2.609064    2.732555    2.999979    3.308817    3.726193    4.239891    4.616013    3.716510    0.637096    0.477426    0.439655    0.400825    0.342096    0.262441    0.173615    0.103301    0.031810    0.007536    
