 8    -4.620108    3.516951    0.877883
0.458901  1.173661  0.398716  1.044500  0.584015  0.653871  1.328473  -0.097377  -0.441175  -0.278228  -0.389714  -0.718051  -0.625707  -0.346769  -1.994583  -0.832022  -1.447044  0.816843  0.281185  0.968107  0.519780  0.659102  -0.532252  -0.200280  0.512809  -0.394196  -0.439878  0.036976  
0.151166  -0.942659  -0.164559  0.132611  -0.238224  -0.217366  -0.252123  -0.150669  
 1    -1.797123    0.194627      0.346929
 2    -3.482252    0.598608      0.139836
 3    -3.971772    0.753171      0.079677
 4    -4.354415    0.876022      0.032652
 5    -4.492894    0.935025      0.015634
 6    -4.561717    0.964696      0.007176
 7    -4.588441    0.983171      0.003892
 8    -4.610446    0.996091      0.001187
 9    -4.616492    0.998442      0.000444
10    -4.618092    0.999081      0.000248
6.095360    0.458568    
3.037424    3.624789    0.504977    0.418641    
2.409021    3.165187    3.403785    0.550698    0.403392    0.252005    
2.243531    3.070798    2.907796    3.871547    0.605520    0.485883    0.287402    0.229934    
1.860208    2.718483    2.670430    3.144154    3.213368    0.585090    0.459050    0.377181    0.219777    0.167610    
1.490417    2.663808    2.610846    2.721144    3.056403    3.329672    0.621491    0.469978    0.392059    0.315571    0.183783    0.127338    
1.438288    2.514461    2.539442    2.677235    2.876203    3.231493    3.633859    0.608425    0.467560    0.397452    0.320147    0.252189    0.141036    0.077043    
1.326616    2.420153    2.458213    2.575264    2.771893    3.166195    3.222495    3.927248    0.614658    0.457564    0.399467    0.338363    0.255711    0.215158    0.089502    0.072613    
1.194536    2.162701    2.268560    2.385221    2.540178    2.886867    2.982513    3.472677    3.387596    0.600317    0.437722    0.389854    0.339669    0.284018    0.217847    0.169917    0.072114    0.059375    
1.034120    1.914935    2.125129    2.236114    2.363735    2.588673    2.830791    3.017455    3.467594    3.391777    0.585168    0.430281    0.386533    0.340883    0.299791    0.240120    0.192145    0.133760    0.068391    0.043008    
