 8    -3.187585    5.053566    0.046690
-1.749765  0.342680  1.153036  -0.252436  0.981321  0.514219  0.221180  -1.070043  -0.189496  0.255001  -0.458027  0.435163  -0.583595  0.816847  0.672721  -0.104411  -0.531280  1.029733  -0.438136  -1.118318  1.618982  1.541605  -0.251879  -0.842436  0.184519  0.937082  0.731000  1.361556  
-0.325288  -0.255640  -0.309344  0.285179  0.246357  0.312737  0.133223  -0.353833  
 1    -1.738065    0.343162      0.175888
 2    -2.724910    0.721055      0.056142
 3    -3.089067    0.898284      0.011954
 4    -3.164869    0.946644      0.002756
 5    -3.180402    0.961845      0.000872
 6    -3.184379    0.984041      0.000389
 7    -3.186702    0.994586      0.000107
 8    -3.187097    0.995748      0.000059
 9    -3.187186    0.998557      0.000048
10    -3.187203    0.999038      0.000046
3.894639    0.517230    
4.044967    5.182794    0.812317    0.439768    
3.294454    3.117574    4.065003    0.666366    0.509341    0.313492    
2.271485    3.095976    3.062235    3.623451    0.624030    0.538871    0.385905    0.212165    
1.496801    2.947845    2.810373    3.078414    3.662043    0.670780    0.526255    0.465346    0.352616    0.171641    
1.482250    2.805600    2.770189    2.946049    3.315847    4.080974    0.659805    0.521764    0.464964    0.376239    0.253556    0.083754    
1.346709    2.539284    2.531593    2.653552    2.984499    3.411405    4.313841    0.648799    0.496125    0.443542    0.391103    0.308442    0.195389    0.071949    
1.273333    2.349909    2.317525    2.268406    2.273880    2.502124    3.097366    4.075689    0.637493    0.473647    0.409827    0.347764    0.279516    0.232681    0.160715    0.064821    
1.278821    2.334733    2.311756    2.305480    2.399832    2.659059    3.185674    4.092695    5.117977    0.637267    0.470042    0.411921    0.358762    0.296327    0.240837    0.165660    0.086599    0.015131    
1.267121    2.328632    2.331684    2.327535    2.351934    2.546175    3.237297    5.208147    3.112064    6.283185    0.634996    0.470378    0.414556    0.355335    0.275414    0.223049    0.158699    0.064352    1.523719    1.542431    
