 8    -4.874826    6.446623    0.365172
1.584050  0.306209  -0.722096  0.029006  -2.123688  -1.829934  0.920972  -0.910938  0.595995  2.324745  -0.049952  -2.065527  0.045791  0.106866  -0.384576  -0.676318  0.195727  -0.449039  -0.653854  -0.236046  1.792894  -0.558148  -2.057404  -0.646124  -0.252330  0.356522  0.378152  -0.871000  
-0.274094  0.330671  0.129898  -0.260001  -0.296352  -0.291186  0.245050  0.260985  
 1    -2.322434    0.268858      0.225447
 2    -4.021302    0.711402      0.075390
 3    -4.653062    0.900127      0.019588
 4    -4.809433    0.950401      0.005776
 5    -4.847515    0.969050      0.002412
 6    -4.865746    0.992462      0.000802
 7    -4.872175    0.997104      0.000234
 8    -4.873009    0.998851      0.000160
 9    -4.873895    0.999659      0.000082
10    -4.873899    0.999635      0.000082
5.641304    0.416199    
4.259645    5.410255    0.781186    0.425992    
3.507712    3.836859    4.412376    0.684643    0.530017    0.298223    
2.507248    3.631102    3.489965    4.030698    0.643427    0.545662    0.399859    0.207615    
1.814680    3.391138    3.161533    3.426365    4.031877    0.666465    0.531831    0.449863    0.344145    0.156170    
1.745339    3.313735    3.181283    3.409327    3.903059    5.055143    0.668537    0.532110    0.466226    0.368134    0.243098    0.076855    
1.551730    2.884487    2.868982    2.971947    3.326228    3.820668    4.841303    0.652617    0.498100    0.444758    0.385867    0.301145    0.190937    0.073599    
1.490932    2.829995    2.857216    2.951234    3.258743    3.666656    4.325131    4.668611    0.650957    0.502281    0.449352    0.395242    0.323459    0.224545    0.124752    0.035423    
1.387714    2.541016    2.665157    2.741944    2.983186    3.314336    3.775926    4.453914    5.422232    0.632448    0.476295    0.432207    0.389681    0.331452    0.257103    0.170567    0.098780    0.024670    
1.389092    2.549474    2.668210    2.748217    2.977185    3.286017    3.723048    4.372882    5.265893    3.173214    0.633041    0.476594    0.432947    0.389492    0.329446    0.254459    0.168718    0.098716    0.024846    0.000582    
