 8    -4.421679    4.418584    0.075895
-0.016842  1.193143  0.399772  -1.002405  -1.181365  -0.378506  -0.714387  -0.865035  1.730648  -0.959349  -0.173111  -1.518304  0.611202  0.386043  0.675178  0.119889  1.049504  0.194760  0.715019  -0.416904  -0.306104  0.760458  0.887064  1.471282  -0.290232  -1.620485  -2.252044  -0.289965  
-0.245072  0.296571  0.272866  -0.269159  0.250746  -0.293941  -0.266853  -0.301340  
 1    -2.101444    0.307235      0.262462
 2    -3.632173    0.769788      0.089308
 3    -4.243288    0.948598      0.020179
 4    -4.379136    0.985300      0.004812
 5    -4.408759    0.994067      0.001462
 6    -4.417854    0.998832      0.000433
 7    -4.420922    0.999751      0.000086
 8    -4.420981    0.999785      0.000079
 9    -4.420707    0.999686      0.000110
10    -4.421274    0.999871      0.000046
4.464415    0.698025    
4.064168    5.187608    0.806197    0.429657    
3.499254    3.286117    4.137724    0.689476    0.519948    0.323273    
2.290652    3.302540    3.214623    3.717711    0.641095    0.564956    0.408076    0.224774    
1.629892    3.143131    2.891647    3.195429    3.740922    0.686721    0.542831    0.470581    0.364531    0.171090    
1.579417    3.042090    2.903596    3.163237    3.558183    4.610267    0.679329    0.540399    0.481272    0.384725    0.252430    0.075639    
1.419781    2.652168    2.575721    2.667795    2.971535    3.388526    4.471139    0.662511    0.497581    0.448264    0.386716    0.304324    0.191314    0.070421    
1.415132    2.653030    2.579940    2.681045    2.984977    3.391571    4.365892    4.898517    0.662039    0.498814    0.450297    0.390806    0.312930    0.202772    0.092009    0.012408    
1.377417    2.602017    2.577001    2.633441    2.930976    3.471546    5.973396    3.797664    5.258600    0.657621    0.501566    0.446828    0.387552    0.300915    0.175554    1.570796    1.499399    1.542851    
1.201015    2.135287    2.329929    2.427707    2.605769    2.829032    3.257927    4.121959    5.171383    4.917283    0.621770    0.459592    0.433164    0.395675    0.334428    0.260042    0.169775    0.077802    0.000177    1.563163    
