 8    -4.503054    4.829035    0.140561
-0.374470  1.163536  1.171028  0.762805  -1.399164  -0.805286  -0.567384  0.003154  0.933997  -1.232669  0.347803  0.644465  0.018927  -0.473181  -1.407803  -1.970348  0.821106  0.569608  -1.868063  0.428322  2.014901  -0.007186  0.598445  0.461798  -1.053029  0.552033  -0.613530  0.955068  
0.486707  -0.011962  -0.253529  -0.293064  -0.297447  -0.143378  0.311113  -0.221764  
 1    -2.484318    0.229206      0.216322
 2    -3.919794    0.433093      0.062500
 3    -4.319352    0.527571      0.019685
 4    -4.406811    0.557000      0.010313
 5    -4.429043    0.570836      0.007931
 6    -4.442604    0.595850      0.006478
 7    -4.446345    0.604282      0.006077
 8    -4.449950    0.645618      0.005690
 9    -4.456308    0.702161      0.005009
10    -4.469249    0.802493      0.003622
5.869240    0.566955    
4.532255    5.458298    0.761733    0.401305    
3.462452    3.731953    4.526048    0.637218    0.498125    0.274482    
2.565418    3.483971    3.468471    4.076567    0.602016    0.499201    0.359046    0.181846    
1.810698    3.309029    3.195289    3.500754    4.267746    0.626146    0.500185    0.414948    0.314568    0.134827    
1.688615    3.223547    3.212178    3.468100    4.069665    5.336642    0.628829    0.502030    0.432031    0.335176    0.218383    0.072466    
1.494524    2.832018    2.907934    3.047454    3.493487    4.078744    5.151327    0.627668    0.475106    0.418463    0.360287    0.274017    0.168408    0.063894    
1.692453    3.102691    3.091153    3.330515    3.873787    4.547270    5.316038    6.283185    0.624479    0.488083    0.424846    0.351668    0.264013    0.161912    0.113766    0.051081    
1.592482    3.239530    3.077797    3.304795    3.947010    4.863646    5.142549    5.643680    5.534579    0.636260    0.494395    0.416860    0.336555    0.246078    0.155371    0.142173    0.132814    0.064658    
1.722138    3.148545    3.089101    3.273352    4.143464    6.283185    6.283185    5.178635    4.927127    5.358038    0.620601    0.488107    0.410332    0.317425    0.179527    0.042288    0.097383    0.164408    0.164647    0.085917    
