 8    -4.326518    5.397618    0.045276
-0.097940  0.250080  -0.162508  -1.448517  0.785906  0.469623  -1.460382  -0.626218  -1.518771  0.467329  -2.420600  -0.078978  1.112255  -0.476275  1.653748  -1.018355  0.993027  0.591649  -0.259676  0.909999  -0.662858  -0.516306  0.406795  0.262560  0.527482  -0.719168  -0.106058  -0.747889  
-0.240984  0.205420  0.209688  -0.096016  -0.967933  0.162592  -0.135142  -0.248908  
 1    -1.976675    0.277855      0.241651
 2    -3.416918    0.657961      0.093540
 3    -3.837566    0.802730      0.050282
 4    -4.095662    0.881902      0.023741
 5    -4.250696    0.943668      0.007797
 6    -4.295503    0.962562      0.003190
 7    -4.312047    0.975776      0.001488
 8    -4.318004    0.990702      0.000876
 9    -4.324233    0.997628      0.000235
10    -4.325477    0.998951      0.000107
5.189164    0.491856    
3.165990    3.220914    0.482651    0.402359    
2.326456    3.012508    2.673183    0.492139    0.370419    0.228914    
2.244334    2.937631    2.817602    3.481386    0.609498    0.465879    0.251972    0.214223    
2.033006    2.529387    2.455493    3.112870    2.724913    0.581253    0.442156    0.337688    0.194864    0.167049    
1.338012    2.406880    2.423920    2.530454    2.919874    2.895545    0.584554    0.457164    0.382666    0.290731    0.178849    0.124811    
1.256194    2.188699    2.252840    2.398888    2.509177    3.027498    2.889225    0.610517    0.435731    0.378541    0.323447    0.250780    0.143039    0.089866    
1.229134    2.207162    2.282402    2.418489    2.583481    2.972812    2.939632    3.752711    0.602735    0.443643    0.387520    0.328908    0.252718    0.196562    0.084446    0.053574    
1.197546    2.073531    2.138301    2.233573    2.359107    2.708109    2.818911    3.145368    3.357410    0.601534    0.425554    0.372261    0.321807    0.275995    0.200472    0.172492    0.055013    0.064397    
1.033326    1.871910    2.075742    2.159779    2.281486    2.499708    2.764902    2.949494    3.262105    3.407880    0.585197    0.432355    0.381979    0.330692    0.293900    0.235749    0.184243    0.133628    0.058148    0.047574    
