 8    -3.976341    3.713786    0.054053
-1.105140  -1.607770  -1.264305  -0.061869  -0.944557  -1.679209  -0.822992  -0.049193  -0.700455  0.428230  -1.542561  0.340174  1.443574  -0.181025  0.498420  0.636785  -0.874873  -0.610991  0.944186  0.764858  0.946040  -0.456936  -0.665911  -1.666717  -0.734193  0.241131  1.866028  0.123527  
0.342039  -0.108168  0.224804  0.160402  0.742094  -0.186197  0.172098  0.302242  
 1    -1.023848    0.126169      0.383933
 2    -3.064127    0.623016      0.118621
 3    -3.504333    0.729561      0.061378
 4    -3.797245    0.867179      0.023289
 5    -3.869844    0.937598      0.013849
 6    -3.914656    0.959209      0.008021
 7    -3.947852    0.977927      0.003705
 8    -3.967647    0.995358      0.001131
 9    -3.972371    0.997807      0.000516
10    -3.974922    0.999355      0.000185
4.267472    0.316698    
3.066335    3.879515    0.565003    0.428887    
2.701198    3.039699    4.105465    0.588278    0.462752    0.255323    
2.415511    2.961586    2.685676    4.214816    0.614103    0.477655    0.319838    0.243478    
2.020760    2.609174    2.544427    2.936651    3.307676    0.593255    0.447456    0.376546    0.224828    0.175971    
1.523685    2.630924    2.565209    2.661454    2.941891    3.586483    0.634130    0.476800    0.396658    0.317655    0.206054    0.121474    
1.432777    2.609484    2.582388    2.660771    3.066809    3.023922    5.114135    0.617846    0.482114    0.409254    0.314076    0.236384    0.163362    0.086813    
1.379390    2.458342    2.449150    2.560327    2.759035    3.183829    3.241119    4.045144    0.644147    0.466207    0.406722    0.345357    0.259069    0.216685    0.098566    0.081156    
1.290327    2.202832    2.277861    2.392767    2.559234    2.937468    3.045563    3.564525    3.388027    0.622685    0.445911    0.398105    0.344761    0.287754    0.219355    0.164065    0.080845    0.057276    
1.249189    2.214209    2.244934    2.311931    2.464457    2.774215    2.897809    3.423538    3.224861    4.184845    0.621929    0.450189    0.396558    0.342183    0.291327    0.235495    0.173509    0.122257    0.069903    0.036735    
