 8    -3.944988    3.549985    0.381664
-0.579335  -0.256799  -1.403429  0.787643  -0.286088  0.092368  0.611031  -0.920969  -0.368623  0.503275  -0.321653  -0.481067  0.552648  -0.557544  0.445270  -1.708090  -0.378939  -0.515746  -0.074162  0.108905  -0.032169  -1.117253  -1.123964  0.887982  -1.546497  -1.978429  -0.450414  0.033444  
0.273825  0.218000  0.254349  0.225430  -0.093421  0.193619  0.134533  0.956260  
 1    -0.689617    0.015455      0.434341
 2    -2.836827    0.090746      0.147854
 3    -3.296574    0.172819      0.086513
 4    -3.352389    0.424948      0.079066
 5    -3.476943    0.699253      0.062448
 6    -3.647046    0.713150      0.039752
 7    -3.666854    0.782067      0.037109
 8    -3.725586    0.832448      0.029273
 9    -3.806410    0.924439      0.018489
10    -3.812866    0.923655      0.017628
3.564342    0.222799    
3.350260    4.877204    0.642582    0.409863    
2.669015    3.538883    5.139294    0.617675    0.548207    0.323134    
2.639152    3.639325    6.194784    2.249632    0.604925    0.565310    0.424431    1.390751    
2.502999    3.694998    6.283185    2.997875    2.258501    0.605152    0.571476    0.478353    1.127311    0.269945    
2.098398    3.027107    3.115604    6.283185    2.995155    2.505507    0.622892    0.464991    0.445202    0.437263    1.176389    0.223860    
2.229847    3.177006    3.570954    3.289369    3.544340    3.035469    2.681317    0.628647    0.515295    0.459650    1.570796    0.417940    1.120221    0.256831    
2.110846    3.552008    3.037637    2.294619    1.521217    2.353667    4.304339    2.636152    0.620249    0.496129    0.270527    1.570796    0.596790    1.100361    0.435610    1.378334    
2.227279    3.193964    2.794955    2.151210    2.743395    2.362587    4.114581    2.970846    2.661579    0.615949    0.461546    0.380044    1.570796    0.477543    1.315327    0.334140    1.202233    0.194013    
2.143306    3.201404    2.780165    2.203400    2.712377    2.341818    4.051825    3.189450    2.352931    6.283185    0.618566    0.460777    0.381442    1.570796    0.503912    1.272097    0.342751    1.240101    0.150153    0.034166    
