 8    -4.872066    4.032685    0.214734
1.181663  3.286588  -1.621765  0.949320  0.052378  0.064238  -0.407483  -0.086520  0.716453  1.220180  -0.421267  -0.436458  0.176678  0.855759  1.180917  0.303532  0.876488  0.409602  0.206339  -0.013353  -1.192493  -0.792464  0.517279  -0.487682  -0.779472  0.365687  -0.736046  0.139248  
0.387486  -0.193740  -0.302313  0.261954  0.245168  -0.140472  0.309601  0.208724  
 1    -2.498915    0.327901      0.266504
 2    -4.043024    0.697485      0.093101
 3    -4.649643    0.897173      0.024978
 4    -4.802287    0.954155      0.007836
 5    -4.841073    0.974054      0.003481
 6    -4.863261    0.995387      0.000989
 7    -4.869588    0.998361      0.000278
 8    -4.870492    0.998772      0.000177
 9    -4.870872    0.999510      0.000134
10    -4.870879    0.999513      0.000133
4.928342    0.475208    
4.520607    5.589869    0.772972    0.405593    
3.793421    3.991982    4.611606    0.683923    0.513218    0.287783    
2.720380    3.712761    3.701363    4.189930    0.629975    0.535775    0.390283    0.199679    
1.985412    3.567623    3.330559    3.615196    4.271922    0.653366    0.529051    0.435889    0.334070    0.145281    
1.824293    3.426803    3.303427    3.549953    4.054655    5.188175    0.657119    0.523766    0.456886    0.361439    0.239869    0.077823    
1.574309    2.978360    3.009398    3.086984    3.456361    3.975259    5.024642    0.651335    0.495388    0.441443    0.381449    0.299578    0.190074    0.070637    
1.461552    2.702545    2.766757    2.668819    2.554272    2.800359    3.623774    4.809798    0.635102    0.472035    0.412667    0.339715    0.261754    0.227139    0.160967    0.063272    
1.380392    2.576527    2.820780    2.925816    3.151171    3.487809    3.940778    4.710409    5.697714    0.630523    0.482413    0.438831    0.396784    0.338155    0.261052    0.170175    0.090466    0.020871    
1.350781    2.538672    2.821514    2.938824    3.170191    3.516156    3.986825    4.785331    5.778497    3.619954    0.628730    0.484811    0.441547    0.401479    0.344276    0.267188    0.175728    0.092189    0.020827    1.570148    
