 8    -4.166280    4.079810    0.734578
1.980655  1.795750  -0.728124  -0.283760  1.757234  -0.700888  0.749530  1.466181  -0.359759  -0.314563  -0.497060  -0.582411  0.826093  0.847297  -0.248796  -1.247295  -0.320472  0.092944  -0.984481  -0.621929  0.498765  0.203754  0.685531  1.081797  -0.182269  -1.166652  0.568559  0.322269  
-0.426424  0.173084  0.256006  -0.235232  -0.250420  0.287822  0.287266  -0.187272  
 1    -2.176379    0.306280      0.241315
 2    -3.430734    0.727744      0.089199
 3    -3.971014    0.914391      0.023680
 4    -4.108108    0.963489      0.007054
 5    -4.142062    0.982221      0.002937
 6    -4.159541    0.996719      0.000817
 7    -4.164135    0.998805      0.000260
 8    -4.165058    0.999565      0.000148
 9    -4.165215    0.999618      0.000129
10    -4.165253    0.999632      0.000125
5.867263    0.441689    
4.390823    5.556921    0.796403    0.430118    
3.598167    3.852346    4.458794    0.691793    0.527286    0.299791    
2.574953    3.754488    3.547670    4.104495    0.659646    0.552759    0.400003    0.209697    
2.085603    3.482582    3.201240    3.553929    4.224242    0.662927    0.533054    0.436914    0.337252    0.139581    
1.805194    3.336648    3.172493    3.470900    3.943132    5.114444    0.667145    0.527838    0.464848    0.370126    0.244926    0.081383    
1.581460    2.885075    2.858061    2.972165    3.321401    3.809593    4.877724    0.654028    0.491259    0.443795    0.382596    0.299633    0.189595    0.073173    
1.559113    2.898449    2.875409    3.003155    3.337569    3.778726    4.615537    5.269514    0.654101    0.499600    0.449427    0.394522    0.320141    0.217030    0.120633    0.031085    
1.556596    2.881667    2.873892    3.002710    3.346580    3.799254    4.838986    6.070967    5.461898    0.653553    0.496011    0.448976    0.391861    0.312698    0.204757    0.094391    0.000000    1.556028    
1.549475    2.878087    2.877418    2.992549    3.324725    3.764924    4.743288    5.619808    4.832872    3.663235    0.653468    0.497756    0.449131    0.391903    0.313919    0.207007    0.095761    0.000000    1.554347    1.563332    
