 8    -3.467490    6.352079    0.072099
0.820438  1.229717  -0.763083  1.311323  -0.551206  2.015658  0.939756  -0.160168  -0.856489  0.569047  -0.021903  0.634637  0.393135  0.478060  2.245525  -1.140656  1.852895  -0.015412  -1.308539  -0.218185  0.112809  -1.249093  0.224914  0.503418  0.092632  -0.864026  -0.516825  -0.704061  
-0.132519  -0.936619  -0.165573  0.175240  0.270428  -0.098512  0.240573  0.211038  
 1    -1.795331    0.197940      0.170288
 2    -2.606861    0.530895      0.087644
 3    -3.117853    0.627715      0.035606
 4    -3.124510    0.612132      0.034928
 5    -3.173388    0.697101      0.029951
 6    -3.207287    0.718761      0.026498
 7    -3.220360    0.746598      0.025167
 8    -3.233545    0.739427      0.023824
 9    -3.248136    0.752620      0.022338
10    -3.284121    0.797116      0.018674
5.273860    0.767499    
2.899845    4.156467    0.553630    0.445047    
2.680986    3.213332    4.930781    0.583638    0.496605    0.280925    
2.666605    3.229794    5.069868    6.283185    0.578479    0.508063    0.272101    1.543814    
2.501764    3.174006    4.291211    5.955297    4.813283    0.572123    0.484752    0.292852    1.570796    1.485057    
2.189100    3.106028    3.457460    6.021058    4.906239    6.283185    0.541499    0.457841    0.306020    1.570796    1.360376    1.454893    
2.081188    3.113865    3.294971    6.014889    4.891525    3.696799    4.370285    0.540892    0.450197    0.323402    1.570796    1.346868    1.479999    1.442481    
2.000021    3.103726    3.145202    5.957442    4.817657    3.571559    4.111291    5.286892    0.546502    0.438689    0.339748    1.570796    1.314874    1.440729    1.365300    1.494191    
1.980566    3.090447    2.919691    5.738144    4.583164    2.981104    3.512330    2.827597    4.909057    0.551609    0.430155    0.340907    1.570796    1.318593    1.391944    1.399384    1.375961    1.460517    
2.019569    3.224571    3.159461    6.283185    2.743420    2.027263    3.178771    3.365681    3.308820    4.512505    0.596657    0.452809    0.311289    1.479444    1.438932    1.302371    1.310795    1.305647    1.321237    1.454415    
