 8    -5.296463    5.126234    0.709642
1.415251  0.219463  -0.718165  -0.944054  -0.116164  0.462922  0.910378  -0.360768  -0.283324  0.908532  -2.179756  0.817572  -0.543350  -0.058177  -0.193823  -1.548497  1.024911  -1.174386  1.714655  -0.665776  -0.677361  -2.201595  -0.396134  0.140625  -0.952711  -0.290926  -1.226109  0.732937  
-0.236345  0.258842  0.203140  0.247834  -0.607773  0.194562  -0.106675  0.315248  
 1    -2.563317    0.240887      0.262230
 2    -4.211829    0.627558      0.104065
 3    -4.842588    0.796190      0.043547
 4    -5.128501    0.896869      0.016115
 5    -5.213228    0.939821      0.007986
 6    -5.254456    0.958404      0.004030
 7    -5.272495    0.982912      0.002300
 8    -5.288843    0.994995      0.000731
 9    -5.292026    0.996906      0.000426
10    -5.294576    0.999403      0.000181
6.254349    0.669894    
3.337548    4.267736    0.638029    0.408405    
2.906980    3.243204    3.884277    0.623521    0.458849    0.258533    
2.492864    3.213593    3.059627    3.972110    0.644000    0.502494    0.335761    0.205744    
2.066975    2.754277    2.697818    3.087173    3.483511    0.609567    0.463909    0.390475    0.250625    0.148230    
1.497811    2.735625    2.678237    2.710713    3.088440    3.599830    0.646696    0.494371    0.413196    0.329984    0.217860    0.107990    
1.549927    2.646456    2.680344    2.756999    3.094371    3.466467    4.397042    0.618832    0.492324    0.419567    0.330102    0.257867    0.146991    0.061848    
1.372265    2.535091    2.515724    2.597811    2.852000    3.263370    3.558098    4.113572    0.640032    0.478328    0.416924    0.354507    0.279395    0.217321    0.111202    0.065092    
1.270776    2.264420    2.317737    2.395486    2.577836    2.916889    3.107971    3.583145    3.610622    0.624710    0.453214    0.403011    0.352419    0.298717    0.230944    0.169900    0.089969    0.050931    
1.297769    2.324486    2.353916    2.437935    2.643730    2.969808    3.131448    3.733437    3.524872    4.824367    0.626098    0.459688    0.407332    0.357122    0.300882    0.241011    0.172619    0.117500    0.066326    0.027076    
