 8    -4.822632    4.360647    0.364683
-0.387979  1.027428  -0.161652  -1.247563  0.865654  -0.059300  -0.902750  -0.009563  0.619805  0.494273  0.241427  -0.782034  -0.710795  0.554494  0.314347  0.665382  0.619601  0.789661  0.478173  -0.066191  0.159553  -1.213747  -1.279232  -1.144129  -0.167654  0.087212  -3.364413  -1.137771  
-0.230418  -0.124472  0.170488  -0.127997  -0.985818  -0.139720  -0.126171  -0.225983  
 1    -2.564750    0.305040      0.245869
 2    -3.946759    0.693532      0.095377
 3    -4.342162    0.837123      0.052320
 4    -4.526200    0.889979      0.032280
 5    -4.732123    0.961968      0.009856
 6    -4.787054    0.979372      0.003874
 7    -4.808755    0.990078      0.001511
 8    -4.814589    0.996171      0.000876
 9    -4.821574    0.999446      0.000115
10    -4.822241    0.999830      0.000043
5.889948    0.492072    
3.752645    3.553035    0.422645    0.418333    
2.509648    3.535634    2.805980    0.418695    0.361581    0.233311    
2.450375    3.282089    3.104365    4.019735    0.589837    0.450311    0.232292    0.229821    
2.348130    2.855007    2.756549    3.764010    2.956675    0.572778    0.446947    0.320602    0.185418    0.185335    
1.566686    2.675294    2.691839    2.883211    3.408103    3.147611    0.558142    0.443847    0.376880    0.268121    0.176351    0.136193    
1.449927    2.499101    2.590977    2.777935    2.851464    3.519388    3.245810    0.607605    0.429922    0.369677    0.317808    0.246547    0.132231    0.101832    
1.387064    2.519018    2.613171    2.746958    2.815050    3.531682    2.666901    6.283185    0.612174    0.432046    0.376049    0.328471    0.234292    0.166622    0.121903    0.053005    
1.343727    2.320302    2.422300    2.535139    2.650771    3.058981    3.234440    3.208298    4.165750    0.596505    0.418389    0.363347    0.315348    0.275351    0.186998    0.180270    0.044910    0.067524    
1.130435    2.023050    2.303432    2.435044    2.585503    2.800864    3.170264    3.286291    3.620875    3.883163    0.570166    0.421242    0.373332    0.325473    0.293816    0.234805    0.179096    0.140435    0.046478    0.051886    
