 8    -5.769104    5.356224    1.376147
-0.772544  -0.339930  -0.892330  0.660013  0.253680  1.573258  -0.578790  -1.557856  0.295479  -0.485479  -0.903351  1.664279  1.799863  -0.172902  0.933821  1.747385  0.371031  0.012570  -1.686818  -0.572064  2.587576  0.465445  2.027005  -0.111384  2.192230  0.297053  0.082519  -0.149784  
0.163651  0.128420  0.982618  0.133131  0.158736  -0.109518  -0.203127  -0.202977  
 1    -3.046615    0.338897      0.244711
 2    -4.419290    0.658631      0.121328
 3    -5.007967    0.818118      0.068415
 4    -5.377578    0.881113      0.035192
 5    -5.616468    0.955059      0.013720
 6    -5.709047    0.977345      0.005398
 7    -5.743033    0.987918      0.002343
 8    -5.753183    0.994393      0.001431
 9    -5.764978    0.998622      0.000371
10    -5.767178    0.999365      0.000173
6.062291    0.591174    
3.708305    4.028600    0.425710    0.443711    
2.701702    3.800932    3.213303    0.457413    0.359979    0.251982    
2.688267    3.484105    3.126363    4.636386    0.569699    0.460586    0.232832    0.239135    
2.370446    3.110338    2.974938    3.904678    3.309469    0.564879    0.446519    0.336368    0.181711    0.187599    
1.668893    2.983415    2.950323    3.112401    3.623725    3.502004    0.586146    0.449966    0.381211    0.289688    0.165480    0.147388    
1.537053    2.688438    2.774311    2.953244    3.058066    3.766380    3.468966    0.601625    0.434830    0.374978    0.320969    0.247388    0.138288    0.106778    
1.495240    2.703284    2.806561    2.944083    3.043188    3.771619    2.847776    6.283185    0.606056    0.436678    0.380474    0.330350    0.234693    0.182134    0.110176    0.058214    
1.413654    2.510596    2.622127    2.736209    2.861923    3.304634    3.369800    3.752812    4.004574    0.595456    0.425850    0.372150    0.323450    0.274728    0.201258    0.181380    0.050455    0.072571    
1.202877    2.191804    2.481720    2.626090    2.771016    3.005589    3.356715    3.473696    3.910052    4.029425    0.574031    0.425372    0.378542    0.330355    0.296341    0.236266    0.185289    0.143497    0.050372    0.056510    
