 8    -3.956688    3.851190    0.277739
1.197643  -0.714573  -0.331470  0.595437  0.338292  0.659938  -0.500032  0.115505  -0.342145  -0.596453  -0.067084  1.545699  -0.413591  0.960188  -0.016378  0.482895  -0.638031  0.569905  -2.400921  0.158575  0.180194  -0.618764  0.041434  1.062451  0.299904  0.768707  0.849697  -0.345409  
-0.302588  0.261897  -0.252943  0.295721  0.295064  0.211258  -0.326282  -0.154331  
 1    -2.129134    0.325733      0.234065
 2    -3.334994    0.711090      0.079624
 3    -3.808914    0.891879      0.018926
 4    -3.912960    0.940328      0.005601
 5    -3.935141    0.957950      0.002760
 6    -3.949402    0.990313      0.000933
 7    -3.954470    0.996178      0.000284
 8    -3.955367    0.999200      0.000169
 9    -3.955442    0.999312      0.000160
10    -3.956101    0.999711      0.000075
6.243149    0.501207    
4.280993    5.388357    0.798563    0.426990    
3.523246    3.531233    4.279595    0.678030    0.511836    0.300838    
2.503558    3.369853    3.315051    3.844538    0.629357    0.533888    0.385615    0.204878    
1.717190    3.252594    3.027380    3.318548    3.928902    0.665157    0.529582    0.449481    0.345588    0.157184    
1.657334    3.147873    3.047990    3.345227    3.827013    5.032871    0.646595    0.528103    0.462277    0.366242    0.241030    0.082351    
1.436698    2.828400    2.775939    2.908547    3.282006    3.757792    4.728056    0.652816    0.501950    0.446499    0.386763    0.302064    0.191643    0.079725    
1.473180    2.866451    2.815357    2.946129    3.322788    3.783155    4.664639    5.376566    0.656862    0.505960    0.450648    0.390055    0.311235    0.205955    0.117174    0.026293    
1.479728    2.860127    2.808840    2.946348    3.341257    3.818432    4.863670    5.461924    6.146119    0.653994    0.503748    0.448361    0.385853    0.302166    0.194608    0.096698    0.000600    1.556349    
1.336467    2.500699    2.533246    2.621743    2.892182    3.231467    3.689101    4.452020    6.083631    5.315533    0.634057    0.471321    0.423121    0.381951    0.318515    0.240458    0.151941    0.079815    1.570796    1.556267    
