 8    -3.626123    4.760285    0.447436
0.865590  -0.505806  0.978056  0.089766  -0.313105  -0.997138  -0.062213  -0.719255  0.387988  0.285235  -2.107092  1.542011  -0.122495  -0.217374  1.046019  1.691346  1.035376  -0.154498  0.326185  -1.045922  -0.085956  -0.631021  -1.049734  0.551428  0.243106  -1.882774  1.321947  -0.329868  
-0.284754  0.217765  0.308568  0.138998  -0.255593  -0.318362  -0.296506  0.209684  
 1    -1.827278    0.362424      0.214495
 2    -2.964938    0.713700      0.078840
 3    -3.452739    0.912117      0.020674
 4    -3.566384    0.957873      0.007123
 5    -3.597520    0.976493      0.003411
 6    -3.618544    0.995539      0.000904
 7    -3.623638    0.998288      0.000296
 8    -3.624675    0.999284      0.000173
 9    -3.625403    0.999655      0.000086
10    -3.625425    0.999626      0.000083
6.154356    0.606090    
4.522163    5.679479    0.778560    0.417316    
3.801740    4.082605    4.611176    0.691941    0.518537    0.294002    
2.720865    3.750142    3.717930    4.219979    0.636345    0.536176    0.396618    0.201487    
2.001418    3.634217    3.375684    3.674781    4.301086    0.661829    0.534950    0.441184    0.335425    0.142144    
1.843002    3.500911    3.346494    3.605714    4.131368    5.352078    0.666169    0.529829    0.463746    0.365722    0.241169    0.080370    
1.629659    3.034613    3.047451    3.137625    3.495330    4.029600    5.073759    0.655581    0.497788    0.447243    0.383957    0.298883    0.187869    0.072930    
1.586460    2.964341    3.002758    3.096405    3.398639    3.834421    4.510232    4.899007    0.651324    0.500000    0.448495    0.394104    0.324392    0.227612    0.129367    0.039416    
1.516100    2.786381    2.799285    2.721258    2.713495    2.942183    3.593931    4.421725    5.095558    0.641378    0.479617    0.419849    0.353667    0.288172    0.245267    0.183056    0.111549    0.031669    
1.519048    2.786264    2.799686    2.740590    2.786263    2.985997    3.549819    4.477341    5.075468    6.190289    0.641168    0.477477    0.419834    0.357264    0.290749    0.235602    0.169527    0.096595    0.014787    1.563182    
