 8    -3.378232    3.101088    0.009787
1.319751  -0.169291  -0.060430  0.880154  0.440474  0.282055  -1.219574  -0.679306  -0.367388  -0.797539  0.622276  -0.818255  -0.316651  -2.039845  0.708758  -0.138086  0.106757  -0.657646  0.217738  -0.925505  -0.420240  -0.215826  0.618240  -1.075169  -1.079639  -0.515391  0.871164  -0.995943  
-0.325078  0.231612  -0.295487  -0.285996  0.265311  -0.248869  0.255572  0.333543  
 1    -1.571234    0.006569      0.278887
 2    -2.778020    0.008017      0.092635
 3    -3.252221    0.003174      0.019448
 4    -3.346640    0.000332      0.004876
 5    -3.362858    0.000006      0.002373
 6    -3.366385    0.000038      0.001828
 7    -3.366623    0.000030      0.001792
 8    -3.368007    0.000004      0.001578
 9    -3.368034    0.000006      0.001574
10    -3.368096    0.000006      0.001564
6.022831    0.368131    
3.985619    5.308172    0.827226    0.444603    
3.409511    3.189519    4.167664    0.688851    0.523251    0.329071    
2.271563    3.250172    3.114177    3.650863    0.646191    0.563550    0.400564    0.229899    
1.523966    3.068160    2.854072    3.142555    3.656713    0.693056    0.544677    0.483542    0.368913    0.180590    
1.536773    2.973747    2.852313    3.090350    3.447126    4.370383    0.684342    0.540752    0.486373    0.386644    0.251598    0.070624    
1.539551    2.955352    2.846947    3.073296    3.445291    3.932065    6.283185    0.682557    0.538769    0.485017    0.382613    0.239435    0.041588    1.550516    
1.396330    2.630046    2.529888    2.610055    2.892271    3.289473    4.378284    3.539587    0.664182    0.500712    0.448741    0.384771    0.302344    0.189372    0.068208    1.570796    
1.337401    2.457760    2.442355    2.457928    2.663832    3.103205    6.015728    2.786263    4.719246    0.648811    0.487775    0.436448    0.376454    0.295088    0.191208    1.570796    1.479235    1.525833    
1.359699    2.504504    2.448379    2.418975    2.559593    3.022098    5.904873    2.864253    4.292934    3.669109    0.652464    0.490573    0.433201    0.364408    0.285897    0.200114    1.570782    1.458093    1.499858    1.550638    
