 8    -4.570974    4.217371    0.042483
-0.865377  -0.906804  -0.216282  -1.436207  -1.287836  0.000968  0.262022  -0.588278  -0.086633  2.495468  0.738580  -1.138786  -0.119129  -1.040382  -0.558895  -1.008352  0.341405  0.190311  -0.480779  -0.992802  1.018609  0.358448  -0.657133  -0.287619  0.822581  -0.732660  0.836864  1.419409  
-0.176563  0.123440  -0.999203  -0.136875  -0.181539  -0.204846  -0.072370  0.273829  
 1    -2.506818    0.119274      0.234874
 2    -3.752890    0.201777      0.093087
 3    -4.125716    0.199374      0.050665
 4    -4.329840    0.151765      0.027438
 5    -4.478392    0.139084      0.010535
 6    -4.518276    0.127924      0.005996
 7    -4.528315    0.112732      0.004854
 8    -4.529872    0.102472      0.004677
 9    -4.530736    0.079108      0.004579
10    -4.532146    0.111822      0.004418
4.894385    0.609214    
3.408942    3.522746    0.447226    0.412460    
2.417779    3.292188    2.833768    0.452064    0.366253    0.227880    
2.335095    3.148453    2.998203    3.902896    0.593647    0.458690    0.246967    0.219817    
2.108499    2.703038    2.673558    3.448505    2.982995    0.576924    0.441484    0.334906    0.197934    0.171697    
1.448784    2.527198    2.592444    2.774876    3.197258    3.151015    0.571676    0.445221    0.375002    0.281272    0.179424    0.121055    
1.306426    2.269240    2.386506    2.582082    2.741471    3.264351    3.133166    0.588815    0.421755    0.368547    0.312985    0.243538    0.139619    0.084274    
1.185695    2.004460    2.199607    2.369830    2.548677    2.760390    3.172852    2.989704    0.566248    0.404430    0.361719    0.310332    0.267019    0.182778    0.110194    0.053348    
1.125231    1.972500    2.171432    2.325592    2.503219    2.755333    3.038101    3.147242    3.753152    0.567779    0.404922    0.363080    0.317807    0.274813    0.199910    0.149682    0.063054    0.033539    
1.112411    1.929928    2.112513    2.278809    2.462492    2.708837    3.091662    2.958423    5.480146    6.255073    0.565054    0.395972    0.356946    0.315919    0.275339    0.194561    0.148303    0.059356    0.000000    1.542712    
