 8    -5.035498    4.042018    0.327040
0.284659  -1.315573  -0.206194  -1.485032  -0.567317  1.520115  0.523557  0.024520  -1.685001  -0.604265  -0.469087  0.473629  0.909703  0.246694  0.447508  -0.673319  0.623387  0.470458  0.175019  0.545834  -1.600765  -1.239361  -0.603169  0.650523  -0.163636  2.189504  -1.149463  -1.317210  
0.235272  0.213170  0.158946  -0.782801  0.170272  0.217419  -0.253995  -0.163949  
 1    -2.293808    0.271849      0.302031
 2    -3.875516    0.667559      0.127786
 3    -4.410143    0.815521      0.068891
 4    -4.796185    0.903777      0.026363
 5    -4.928456    0.965782      0.011792
 6    -4.983129    0.980949      0.005769
 7    -5.008742    0.990655      0.002948
 8    -5.028878    0.998113      0.000729
 9    -5.033769    0.999475      0.000191
10    -5.034697    0.999752      0.000088
5.168649    0.504065    
3.114789    3.775538    0.529158    0.430250    
2.630738    3.050844    3.391971    0.559579    0.407579    0.249169    
2.461426    3.023848    2.768037    4.038367    0.621492    0.485352    0.296911    0.236337    
2.155328    2.650977    2.520884    3.058083    3.070362    0.596921    0.448544    0.364434    0.207302    0.172462    
1.461782    2.617876    2.553645    2.618033    2.953245    3.273364    0.629136    0.477911    0.396471    0.316723    0.193822    0.128423    
1.482111    2.417419    2.460455    2.576348    2.753095    3.139050    3.541365    0.615710    0.466309    0.398846    0.320679    0.260568    0.145526    0.076573    
1.341285    2.408034    2.407890    2.508508    2.676406    3.118468    3.119867    4.024212    0.638091    0.462608    0.404073    0.345984    0.261039    0.216160    0.092939    0.069223    
1.277650    2.169693    2.180259    2.251909    2.379973    2.716517    2.826377    3.268457    3.415030    0.622268    0.433187    0.382376    0.331633    0.284418    0.211279    0.173487    0.069823    0.061236    
1.164003    1.999859    2.122563    2.179732    2.285494    2.494653    2.738495    2.978273    3.432163    3.432194    0.604346    0.434372    0.386912    0.333874    0.295048    0.233861    0.186549    0.126063    0.066911    0.035329    
