 8    -3.989827    4.554792    0.324952
-0.564163  -0.238681  -0.774429  0.260315  -1.294135  1.222583  -0.293067  -0.331231  -0.351750  0.464535  1.249793  2.165466  1.597250  0.090560  -0.645840  -0.492307  -1.035561  -1.291473  0.005765  -0.351684  -0.950603  -1.362077  -0.202985  0.794999  -1.815096  1.199073  -0.102739  0.222348  
-0.170300  0.260421  -0.207057  -0.208699  -0.202726  -0.145585  -0.872971  -0.160281  
 1    -1.917637    0.137164      0.242514
 2    -3.063406    0.621886      0.108422
 3    -3.517580    0.751769      0.055268
 4    -3.828939    0.883014      0.018829
 5    -3.919532    0.936340      0.008227
 6    -3.965490    0.977491      0.002848
 7    -3.977881    0.988071      0.001398
 8    -3.985192    0.996880      0.000542
 9    -3.988213    0.998901      0.000189
10    -3.989051    0.999258      0.000091
4.993428    0.852042    
3.121498    3.947245    0.545344    0.438229    
2.585574    3.213250    4.083800    0.579254    0.450092    0.266911    
2.247865    3.096925    2.875453    4.300874    0.611527    0.490783    0.327781    0.252186    
1.652915    2.730802    2.795955    3.017537    3.794585    0.603938    0.476259    0.413415    0.263988    0.196077    
1.475019    2.645725    2.614967    2.721140    3.013652    3.515784    0.629166    0.478272    0.401812    0.331618    0.202448    0.139918    
1.340698    2.364733    2.427559    2.563076    2.750666    3.238210    3.379294    0.611717    0.457487    0.401293    0.343197    0.269593    0.166543    0.085357    
1.286795    2.361795    2.422990    2.547752    2.733530    3.154514    3.222172    4.041028    0.616579    0.460000    0.407802    0.353853    0.282526    0.221602    0.111015    0.062138    
1.174974    2.125964    2.238609    2.335067    2.462414    2.752185    2.960571    3.317801    3.626497    0.601992    0.439080    0.393483    0.344878    0.298024    0.230343    0.184037    0.083829    0.055252    
0.957110    1.830600    2.102035    2.203992    2.304964    2.472445    2.728211    2.947879    3.384231    3.531626    0.582170    0.438626    0.393401    0.350120    0.311942    0.258620    0.207838    0.155320    0.075335    0.044111    
