 8    -3.756604    3.277194    0.171229
0.127319  -0.882520  0.047507  0.623834  -1.852717  -1.683985  -0.291250  -0.089777  -0.375991  -0.228138  -0.523171  0.493229  0.219159  -0.422662  0.446305  0.129420  -0.183992  0.532464  1.174072  1.075326  -0.561457  0.901522  0.167580  0.698459  2.200299  0.211476  -0.973711  -0.796937  
0.227484  -0.122912  0.880277  -0.106165  -0.197171  0.214443  0.182632  0.298125  
 1    -1.783774    0.168248      0.280479
 2    -2.982218    0.628784      0.110095
 3    -3.397752    0.690620      0.051018
 4    -3.641506    0.858037      0.016364
 5    -3.545924    0.797201      0.029953
 6    -3.576929    0.817454      0.025544
 7    -3.603546    0.871150      0.021760
 8    -3.606694    0.888215      0.021313
 9    -3.649836    0.900933      0.015179
10    -3.673336    0.953537      0.011838
4.936607    0.829392    
2.998739    4.229038    0.549479    0.436258    
2.598726    3.170000    4.638458    0.575615    0.483737    0.279596    
2.238524    2.980933    2.662864    4.482408    0.588523    0.465075    0.330592    0.258106    
2.268506    3.186442    3.216649    6.116206    5.368055    0.569163    0.470415    0.310801    1.570796    1.401165    
2.166163    3.137089    3.189731    5.830098    5.077168    6.262094    0.556328    0.469290    0.312821    1.570796    1.320223    1.463859    
2.169922    3.064703    3.086271    5.799482    5.047909    3.455059    4.864850    0.557720    0.455140    0.338942    1.570796    1.320859    1.447561    1.456939    
2.202874    3.062068    3.047759    5.773214    5.023300    3.447443    4.151409    2.764914    0.562022    0.451103    0.343169    1.570796    1.318681    1.422950    1.473741    1.514998    
2.239290    3.209600    3.003131    6.283185    3.301090    1.791200    2.894133    3.357884    3.812462    0.610051    0.461376    0.320934    1.474754    1.381422    1.352155    1.289056    1.360017    1.368704    
2.208351    3.120353    3.058587    6.192266    1.297937    2.886952    3.333512    3.170095    3.401676    3.367263    0.595750    0.453991    0.352970    1.486144    1.496070    1.229365    1.245404    1.266312    1.318689    1.414276    
