 8    -5.861097    3.927744    1.253655
1.280115  -0.016914  1.288989  -1.524326  0.398734  0.280433  -0.312277  -1.152803  0.120756  -0.404666  1.486642  0.080295  -1.019572  -0.430669  0.541674  1.054699  1.378783  -1.434888  0.590506  0.855630  1.783113  -0.286104  0.756642  -0.847527  -0.569789  -0.195802  1.186094  1.019666  
-0.189058  0.185209  0.163816  0.134222  -0.994244  -0.130900  -0.158884  0.200575  
 1    -2.259612    0.200833      0.367917
 2    -4.878729    0.694384      0.100356
 3    -5.276268    0.883520      0.059744
 4    -5.626516    0.890881      0.023964
 5    -5.681546    0.931581      0.018342
 6    -5.773307    0.981862      0.008968
 7    -5.781828    0.983885      0.008098
 8    -5.783435    0.984874      0.007934
 9    -5.812766    0.988770      0.004937
10    -5.815317    0.989380      0.004677
5.597182    0.369089    
3.120448    4.054418    0.377741    0.498778    
2.531870    3.461246    2.791987    0.415600    0.364759    0.243255    
2.690362    2.824571    2.407962    6.102782    0.529568    0.449164    0.334555    0.294665    
2.566296    2.925883    2.615101    6.283185    4.718120    0.558831    0.447925    0.322038    0.278401    1.492129    
2.454437    2.939997    2.580749    6.283185    5.768386    1.218680    0.552176    0.460308    0.366831    0.429003    1.150118    0.423344    
2.411251    0.872801    2.670744    2.618804    6.256851    5.738367    1.317562    1.035691    0.968687    0.520373    0.390196    0.439980    1.145286    0.423792    
2.367161    1.038918    2.665341    2.632260    6.117140    5.707763    1.362562    1.906680    1.032522    0.955259    0.532364    0.383792    0.431908    1.171175    0.406973    1.545435    
2.035839    2.823974    2.819236    6.283185    4.474970    1.825352    3.362889    3.479451    3.278953    0.554280    0.442794    0.415456    0.248255    0.570809    1.084774    1.286837    0.319645    1.394746    
2.040396    2.817599    2.864429    6.283185    4.503956    1.617994    3.593493    3.347495    4.321639    6.283185    0.559206    0.440364    0.410051    0.249895    0.589812    1.051333    1.272420    0.334312    1.450764    0.094864    
