 8    -4.988449    3.917771    0.437209
0.696245  -2.444617  -0.260982  -0.113475  -0.320669  0.034260  -0.922643  -1.114682  -0.286673  1.218300  1.229856  -1.262179  0.833652  -0.477234  -0.225393  0.186255  -1.199015  -0.142385  1.513019  -0.285775  -1.416254  0.304697  -0.822796  -0.260170  0.600818  0.509789  -1.562202  1.069096  
-0.131439  -0.352492  -0.232831  -0.266343  0.270425  0.274138  -0.253718  0.310414  
 1    -1.928194    0.178831      0.343609
 2    -4.176885    0.692513      0.091123
 3    -4.780158    0.865446      0.023387
 4    -4.920762    0.918574      0.007600
 5    -4.953553    0.940928      0.003918
 6    -4.973789    0.983916      0.001646
 7    -4.983293    0.994799      0.000579
 8    -4.986439    0.999243      0.000226
 9    -4.987617    0.999783      0.000093
10    -4.987674    0.999809      0.000087
6.096415    0.816511    
4.278513    5.413956    0.795136    0.430346    
3.525532    3.506647    4.310835    0.671731    0.509452    0.304595    
2.520738    3.435620    3.361187    3.958762    0.637040    0.537494    0.392025    0.206138    
1.827653    3.226611    3.045110    3.370099    4.071321    0.652629    0.526016    0.444674    0.343879    0.153232    
1.723935    3.282807    3.113459    3.425716    3.967576    5.251556    0.659827    0.537145    0.460279    0.366313    0.242728    0.089970    
1.567103    2.980403    2.885542    3.089470    3.501685    4.055947    4.848938    0.657897    0.510754    0.452815    0.386141    0.297209    0.188072    0.085119    
1.504660    2.928397    2.860399    3.023821    3.423090    3.942443    4.621090    5.137499    0.660855    0.509907    0.453987    0.392689    0.314274    0.212587    0.136896    0.042492    
1.369325    2.543810    2.693355    2.833581    3.163274    3.555375    4.030837    4.446401    5.254314    0.640976    0.488325    0.447833    0.405345    0.342452    0.259251    0.175052    0.110786    0.036524    
1.329983    2.490549    2.690527    2.828245    3.149676    3.542018    4.012294    4.436717    4.875770    4.081995    0.638258    0.491205    0.450842    0.410890    0.352226    0.271650    0.187817    0.120514    0.046453    0.009026    
