 8    -4.142326    4.376542    0.281646
0.955418  0.440712  -0.478419  -0.682530  -0.793871  0.427983  -0.773764  2.050114  -0.211533  1.453954  -0.061595  1.474451  0.824645  0.581223  -1.225692  -2.162298  -0.516786  2.092389  0.053569  -0.047480  -1.708678  -0.500262  0.711233  1.329977  0.011977  -0.672960  -0.318454  -0.998683  
0.174951  -0.135042  0.991222  0.131950  0.064737  0.152043  0.247171  0.206414  
 1    -2.216418    0.293469      0.226076
 2    -3.151668    0.579449      0.116290
 3    -3.541012    0.718803      0.070586
 4    -3.805255    0.804624      0.039568
 5    -3.963130    0.868757      0.021035
 6    -4.034360    0.902734      0.012674
 7    -4.065702    0.942082      0.008995
 8    -4.100358    0.966025      0.004926
 9    -4.113683    0.981943      0.003362
10    -4.127818    0.993914      0.001703
5.951928    0.627510    
3.614206    3.888152    0.443283    0.417371    
2.597497    3.686900    3.224395    0.471559    0.361756    0.240962    
2.492891    3.465935    3.314236    4.161996    0.589674    0.456992    0.241138    0.226958    
2.175561    3.040884    2.997018    3.754871    3.360142    0.569652    0.443593    0.341961    0.194073    0.173361    
1.689192    2.998245    2.965215    3.134286    3.536964    3.642775    0.605287    0.449199    0.373298    0.297965    0.158046    0.134478    
1.696456    2.996991    2.938795    3.124727    3.622779    2.938455    6.283185    0.585920    0.449759    0.380468    0.272774    0.207962    0.138402    0.079345    
1.583181    2.822196    2.883362    3.043659    3.264038    3.713416    3.543204    4.600469    0.606839    0.441945    0.381533    0.322431    0.228262    0.210060    0.063649    0.092134    
1.565179    2.762887    2.844272    3.049828    3.271206    3.497203    4.183211    3.214336    6.283185    0.597647    0.446317    0.388204    0.316060    0.253711    0.200498    0.107209    0.095352    0.057604    
1.542133    2.837479    2.878690    3.011227    3.270341    3.581941    3.732489    4.232530    5.918444    2.183061    0.607739    0.448011    0.389169    0.326631    0.236723    0.233368    0.083168    0.173634    0.000000    0.082915    
