 8    -7.355482    4.488477    1.346498
0.054388  0.066855  -0.313268  -0.714383  0.437518  -1.693630  -1.272009  -1.185710  -1.177596  0.719244  -0.728957  1.291943  0.025615  -2.176068  -0.111670  -1.228390  0.600072  -0.060992  1.393044  -0.406947  1.332656  0.430316  2.726738  -1.551158  -0.821410  -0.160150  -1.142316  -0.558194  
0.203889  -0.200094  -0.181586  -0.155129  0.991586  -0.145611  0.191743  0.149711  
 1    -3.624279    0.347298      0.315030
 2    -5.757796    0.697345      0.134895
 3    -6.547817    0.839260      0.068192
 4    -6.883120    0.898130      0.039882
 5    -7.217386    0.963487      0.011660
 6    -7.299663    0.978956      0.004713
 7    -7.331740    0.988212      0.002005
 8    -7.345015    0.996806      0.000884
 9    -7.352434    0.998929      0.000257
10    -7.352419    0.998914      0.000259
5.191155    0.639317    
3.499910    3.092397    0.457335    0.388962    
2.307411    3.181515    2.567460    0.455295    0.362240    0.237980    
2.213131    2.984669    2.919362    3.332152    0.599273    0.451667    0.239826    0.208938    
2.157773    2.592503    2.463975    3.350412    2.637387    0.577395    0.448332    0.321969    0.187171    0.174734    
1.416100    2.404744    2.417686    2.565201    3.045648    2.809086    0.560613    0.449253    0.380950    0.270863    0.179850    0.132222    
1.282432    2.244057    2.295656    2.446129    2.539029    3.127117    2.870186    0.608394    0.434002    0.375100    0.321515    0.246015    0.140774    0.098730    
1.258048    2.231495    2.296317    2.399841    2.424682    3.088657    2.503304    6.283185    0.620915    0.431713    0.374977    0.328822    0.248394    0.160819    0.161468    0.067673    
1.216401    2.112011    2.174128    2.264587    2.379850    2.755739    2.823214    3.135926    3.421059    0.599624    0.423811    0.368815    0.319310    0.273564    0.196655    0.178464    0.047148    0.070119    
0.255817    0.955888    2.114407    2.184106    2.274594    2.380968    2.762793    2.826140    3.126222    3.427601    1.567296    0.601686    0.425327    0.370331    0.320511    0.273744    0.195961    0.178291    0.046753    0.069498    
