 8    -6.345760    4.726131    0.660265
0.363580  1.314545  -1.146046  -0.488436  0.720190  -0.065189  1.841201  0.129148  1.689050  0.924599  -0.364502  1.552866  0.687094  1.868193  -2.101154  -0.860455  -1.583306  0.702538  1.232649  1.126887  -1.175439  -0.901862  -1.811378  0.775169  0.132982  1.972961  0.004686  -0.345795  
0.310687  -0.219025  -0.277507  0.272893  -0.275682  -0.283570  0.286667  0.174161  
 1    -3.180099    0.289634      0.285919
 2    -5.311430    0.735387      0.093419
 3    -6.106439    0.920743      0.021615
 4    -6.285415    0.961987      0.005450
 5    -6.318268    0.973524      0.002483
 6    -6.335791    0.995609      0.000900
 7    -6.343680    0.999001      0.000188
 8    -6.344650    0.999432      0.000100
 9    -6.345054    0.999853      0.000064
10    -6.345092    0.999831      0.000060
6.175835    0.445723    
4.311732    5.434467    0.801779    0.423375    
3.642702    3.573920    4.313766    0.687463    0.508661    0.300900    
2.529360    3.445904    3.354522    3.892837    0.636308    0.541172    0.390961    0.211848    
1.688718    3.257760    3.029336    3.328789    3.927212    0.665281    0.528701    0.455487    0.352436    0.164842    
1.736199    3.198540    3.068975    3.403508    3.907240    5.225089    0.652339    0.527417    0.462867    0.364598    0.235868    0.076481    
1.477816    2.844180    2.804149    2.934121    3.322416    3.816334    4.927068    0.654200    0.501493    0.448941    0.386719    0.299404    0.188351    0.076475    
1.351939    2.546839    2.555763    2.602273    2.836106    3.123630    3.591891    4.486604    0.639194    0.475246    0.421948    0.377404    0.309573    0.229934    0.143145    0.063801    
1.323306    2.470544    2.571064    2.676593    2.933655    3.219522    3.627598    4.277689    4.977221    0.636043    0.474474    0.432556    0.393652    0.329202    0.248835    0.159944    0.091303    0.019863    
1.382106    2.552051    2.498294    2.477727    2.553425    2.799208    3.434353    4.714297    4.559990    6.283185    0.639299    0.466601    0.409507    0.353242    0.282714    0.230598    0.160283    0.075463    1.559762    1.555892    
