 8    -5.400308    6.172140    0.726395
-1.416842  1.141139  -0.062071  0.221127  -1.024472  -0.338375  2.052339  -0.303012  -1.444028  -2.597116  -2.753540  -1.642764  0.524421  -0.364225  -0.637291  0.086793  -1.483513  1.732859  0.351637  0.585125  -0.091862  0.001853  0.595091  -0.665807  0.793773  -0.278339  0.412654  -2.365867  
0.214949  0.164631  0.119185  0.983836  0.131857  0.156724  0.109896  -0.238086  
 1    -1.517275    0.048250      0.335541
 2    -4.411389    0.637317      0.085455
 3    -4.750777    0.816597      0.056127
 4    -5.189299    0.869584      0.018234
 5    -5.200827    0.880740      0.017238
 6    -5.287901    0.966627      0.009713
 7    -5.296880    0.969585      0.008937
 8    -5.297895    0.971784      0.008850
 9    -5.309129    0.977782      0.007879
10    -5.309703    0.977897      0.007829
3.451820    0.927871    
3.110864    4.270595    0.390867    0.513141    
2.643286    3.496590    3.274956    0.444580    0.381104    0.238805    
2.723978    2.980459    2.563286    6.198187    0.527641    0.444406    0.324358    0.288778    
2.658517    3.013812    2.648125    6.283185    4.878863    0.539706    0.442039    0.323641    0.285257    1.537007    
2.540844    3.060367    2.663878    6.283185    6.087133    1.106031    0.545304    0.451719    0.344067    0.401948    1.146498    0.438655    
2.522009    0.870535    2.749795    2.709540    6.283185    6.064078    1.243701    1.015884    0.986020    0.513345    0.367511    0.415663    1.142721    0.438083    
2.524427    0.856810    2.742679    2.710670    6.283185    6.032140    1.299078    2.360125    1.016031    0.987862    0.513122    0.366138    0.414260    1.160135    0.429001    1.556482    
2.431281    2.990761    2.674719    6.283185    6.095026    1.239417    3.331470    3.700682    3.202031    0.528692    0.459029    0.378994    0.378691    0.865632    0.831945    1.387643    0.233966    1.454236    
2.440759    2.993584    2.681244    6.283185    6.143125    1.224630    3.308811    4.150306    1.980894    3.114652    0.530562    0.458754    0.377771    0.378766    0.886906    0.802025    1.408666    0.234455    1.455976    1.530135    
