 8    -3.451934    4.440951    0.675689
-0.253089  -0.637147  -1.909595  -0.106139  0.001714  -0.962448  0.254333  -1.112221  0.210460  1.389632  0.656688  -0.053128  0.415673  0.704063  -0.896223  0.479744  1.144388  2.050119  0.674869  -0.860506  0.399698  -0.648903  0.244611  -0.701113  -0.574387  -0.681646  0.402290  1.027078  
-0.193991  0.244266  0.222083  -0.180557  -0.752704  -0.182754  -0.154428  -0.273078  
 1    -1.734693    0.298552      0.217568
 2    -2.676094    0.668611      0.098296
 3    -3.060526    0.807389      0.049590
 4    -3.326010    0.911283      0.015954
 5    -3.397466    0.973822      0.006901
 6    -3.431039    0.988296      0.002647
 7    -3.442243    0.994430      0.001228
 8    -3.449381    0.998941      0.000323
 9    -3.451355    0.999776      0.000073
10    -3.451628    0.999880      0.000039
5.749898    0.676507    
3.129098    3.842821    0.559519    0.431198    
2.685079    3.050657    3.721963    0.580963    0.432980    0.251890    
2.454914    3.028185    2.746942    4.112306    0.624461    0.485438    0.310000    0.241017    
2.100882    2.629650    2.520664    2.961065    3.165002    0.597658    0.446691    0.373064    0.214225    0.178018    
1.408005    2.617651    2.554683    2.585500    2.914797    3.295809    0.634444    0.484194    0.401196    0.323199    0.199894    0.132394    
1.372930    2.354298    2.377859    2.469535    2.628052    3.116686    3.248303    0.629352    0.459785    0.397717    0.335054    0.264260    0.159690    0.078428    
1.312789    2.345313    2.373578    2.473097    2.646636    3.081454    3.112313    4.058505    0.630980    0.461926    0.405258    0.348221    0.269231    0.210643    0.096780    0.055359    
1.242176    2.110612    2.139558    2.209450    2.329618    2.606802    2.798988    3.142511    3.596500    0.614711    0.431787    0.381912    0.332542    0.285440    0.212069    0.171847    0.071873    0.051173    
1.004561    1.712275    1.998639    2.095107    2.202799    2.352372    2.637386    2.834780    3.320399    3.432139    0.570703    0.421231    0.385911    0.342655    0.304622    0.250206    0.194761    0.145268    0.064887    0.040329    
