 8    -4.533101    4.877664    0.062839
-0.377364  0.166759  0.682802  1.921379  -0.197037  -0.759879  -2.089066  -0.036373  -1.217749  -1.428905  -0.170528  1.160940  -1.061140  -1.408500  0.839550  -0.099625  -1.736265  -0.307186  -0.080870  0.834319  1.885460  0.440898  0.439874  1.070767  0.404252  0.133472  1.937107  1.002275  
0.190203  -0.209916  0.141070  -0.944208  -0.177715  0.162486  0.273953  -0.164110  
 1    -2.003410    0.220348      0.268808
 2    -3.658971    0.652270      0.092886
 3    -4.034369    0.802032      0.052996
 4    -4.306128    0.894381      0.024118
 5    -4.450935    0.953212      0.008731
 6    -4.499373    0.973420      0.003584
 7    -4.517945    0.985977      0.001610
 8    -4.526759    0.996358      0.000674
 9    -4.531499    0.998938      0.000170
10    -4.532243    0.999434      0.000091
5.821955    0.458974    
2.961990    3.172856    0.483791    0.398603    
2.246190    2.858701    2.653155    0.492509    0.372512    0.217385    
2.173673    2.821837    2.651792    3.495718    0.602385    0.466924    0.259865    0.214127    
1.926285    2.434950    2.369620    2.928279    2.697176    0.577778    0.437944    0.344042    0.198086    0.163973    
1.310879    2.360460    2.362432    2.457603    2.768990    2.899764    0.599360    0.456354    0.379341    0.298341    0.177907    0.119694    
1.269301    2.121523    2.206426    2.354554    2.468474    2.886086    2.916676    0.603169    0.438119    0.377195    0.315264    0.251513    0.137458    0.079866    
1.177880    2.126307    2.195858    2.324815    2.489424    2.885792    2.814013    3.682124    0.604438    0.441917    0.386428    0.330408    0.251174    0.196997    0.084994    0.053125    
1.116987    1.922991    2.019670    2.116726    2.238425    2.529027    2.719636    2.903023    3.334401    0.596662    0.420425    0.371424    0.323045    0.280361    0.201703    0.169499    0.062259    0.054366    
0.949910    1.698530    1.923798    2.024435    2.151624    2.325988    2.593658    2.780719    3.080832    3.238199    0.572946    0.424084    0.377026    0.331222    0.296308    0.241765    0.184679    0.135701    0.058894    0.040847    
