 8    -3.985685    4.669792    0.330650
1.044560  -1.449536  0.588023  1.842537  1.549008  -0.023531  -0.878637  1.253610  1.377716  0.376270  -0.124098  0.904463  -0.398546  0.898816  -0.822881  -1.367960  -0.748894  0.512918  0.068307  0.592726  -0.537103  0.225458  1.405063  0.255229  2.156938  -0.267134  0.162833  1.164157  
0.001833  -0.245035  0.159522  0.143300  0.134784  -0.974753  0.122685  -0.169572  
 1    -2.421768    0.130639      0.180685
 2    -2.993987    0.079154      0.114575
 3    -3.111221    0.005887      0.101030
 4    -3.316528    0.051875      0.077310
 5    -3.325272    0.042497      0.076300
 6    -3.336584    0.023859      0.074993
 7    -3.386465    0.000565      0.069230
 8    -3.390863    0.000047      0.068722
 9    -3.363148    0.000178      0.071924
10    -3.394358    0.000011      0.068318
6.000277    0.660911    
3.023008    4.473753    0.348236    0.522636    
2.615277    3.749847    3.379568    0.414693    0.392008    0.210309    
2.693749    3.085975    2.792675    6.283185    0.533573    0.452316    0.316661    0.298252    
2.511923    3.141093    2.956070    6.283185    5.887024    0.554762    0.442781    0.322859    0.280140    1.527142    
2.429097    3.085334    3.009489    5.973198    5.666533    5.648271    0.547370    0.437285    0.349921    0.239590    1.538005    1.500287    
1.396258    2.176202    3.188740    2.908365    3.089828    3.510840    3.916370    0.979052    0.811096    0.498350    0.375822    0.316005    0.158234    0.127727    
1.239570    1.268304    2.606356    2.778998    3.019022    3.217437    3.887429    3.803363    1.053157    0.867008    0.486898    0.380866    0.320997    0.247309    0.129668    0.092956    
2.260783    3.005919    2.986296    6.062552    6.281704    5.400559    5.029878    3.992949    0.607613    0.548145    0.439065    0.376006    0.332641    1.454336    1.570796    1.403038    0.537124    1.078350    
0.649211    0.642466    2.402991    2.723661    2.981626    3.189368    3.624824    3.859363    4.155612    4.480787    1.570796    0.586357    0.433735    0.389905    0.341729    0.285637    0.214046    0.161806    0.063596    0.057391    
