 8    -4.406761    5.270292    0.298475
-1.708201  -0.685090  0.474089  1.287810  -0.074869  0.118065  0.501762  1.971941  -1.543012  1.101359  0.513531  1.303107  -0.039411  -0.404673  0.646122  0.367776  0.305231  -1.148064  -0.678943  -0.668388  -0.482080  0.743054  -0.008128  -1.277238  -2.272334  -0.698613  -0.453450  0.203009  
-0.295927  -0.290993  0.243402  0.114424  0.315317  0.200804  0.172768  0.407631  
 1    -2.223411    0.351179      0.225621
 2    -3.576258    0.689578      0.085822
 3    -4.169687    0.877350      0.024499
 4    -4.325322    0.933110      0.008416
 5    -4.370406    0.960879      0.003757
 6    -4.397023    0.989500      0.001006
 7    -4.403249    0.994244      0.000363
 8    -4.404723    0.998699      0.000211
 9    -4.404788    0.998584      0.000204
10    -4.405737    0.999003      0.000106
6.175709    0.565999    
4.608492    5.837663    0.770228    0.415687    
3.759032    4.226102    4.840770    0.680225    0.532931    0.301384    
2.696079    4.012055    3.861412    4.401943    0.647233    0.546995    0.402959    0.208362    
2.129297    3.803203    3.547034    3.819940    4.494168    0.671652    0.538608    0.443422    0.335852    0.143490    
1.949566    3.639500    3.505843    3.724324    4.272785    5.508910    0.668279    0.532791    0.463289    0.365105    0.244354    0.084044    
1.707341    3.154448    3.125671    3.213263    3.577930    4.116830    5.184836    0.654099    0.495072    0.440110    0.380120    0.297800    0.190963    0.076334    
1.766561    3.248957    3.195872    3.318632    3.690765    4.194434    5.205832    6.233441    0.657792    0.502807    0.448910    0.387148    0.309472    0.208429    0.119151    0.029198    
1.760923    3.242691    3.200908    3.312416    3.678206    4.175653    5.224396    6.283185    6.283185    0.656736    0.503220    0.448788    0.385577    0.306796    0.205171    0.109725    0.016085    1.563230    
1.606572    2.904499    2.900539    2.903068    3.082457    3.372793    3.863164    4.827585    6.282648    6.283185    0.637039    0.473488    0.418131    0.364992    0.301324    0.231683    0.154491    0.080734    1.570796    1.555240    
