 8    -6.601031    6.316458    0.803693
-0.994205  -0.671251  -0.887883  0.195603  1.382997  0.888781  -0.060407  -0.573972  0.071070  -1.079800  1.842317  -1.375264  1.536962  1.111330  0.582643  0.988356  0.304395  -0.174480  0.961648  -1.968457  2.608949  1.927321  -0.187514  1.218037  -2.363810  1.078523  1.704040  -1.534157  
0.168994  0.184113  0.154182  -0.140364  0.981685  -0.135522  0.160302  0.200768  
 1    -2.035537    0.029517      0.353435
 2    -5.590399    0.687338      0.078238
 3    -5.994579    0.863248      0.046948
 4    -6.334024    0.889859      0.020670
 5    -6.396201    0.918067      0.015857
 6    -6.448161    0.940206      0.011834
 7    -6.514748    0.980533      0.006680
 8    -6.506366    0.978912      0.007328
 9    -6.527026    0.980488      0.005729
10    -6.526192    0.983437      0.005794
5.848339    1.103749    
3.240840    3.962049    0.376624    0.485307    
2.519638    3.509186    2.758535    0.403754    0.366530    0.232493    
2.748927    2.836040    2.443081    6.283185    0.524030    0.450885    0.334055    0.295885    
2.593997    2.942371    2.676464    6.283185    4.874067    0.563081    0.447403    0.316629    0.277805    1.492068    
2.588725    2.932511    2.772819    5.093351    5.091783    4.775208    0.577599    0.432583    0.342561    0.159325    1.570796    1.417775    
2.494778    0.963093    2.612285    2.629614    6.283185    5.840935    1.281564    1.007049    0.974715    0.532529    0.381331    0.436790    1.160308    0.410176    
2.424999    2.904577    2.662030    6.283185    4.744983    6.139702    2.539206    0.938492    0.548547    0.463200    0.353502    0.402302    1.434172    1.565561    0.243867    1.230899    
2.464594    0.974310    2.582065    2.639601    6.283185    6.128769    0.906645    4.024948    1.723300    1.017637    0.963517    0.528171    0.382720    0.421193    1.020860    0.606562    1.499778    0.126311    
2.370781    2.902080    2.649769    6.245338    4.914333    5.471914    3.311724    1.366472    1.795181    1.291056    0.560386    0.456062    0.368042    0.360958    1.499318    1.442077    0.328713    1.081724    0.412678    1.245899    
