 8    -4.688067    4.190883    0.389485
0.430938  -0.542637  0.194046  0.385938  -0.267642  0.217277  -0.090503  -1.006812  0.651659  0.164604  -0.647003  0.385322  1.784355  -0.112984  1.501999  0.249831  0.201717  -0.118379  -2.445190  -0.479024  -0.094391  0.396033  -0.461941  -0.823301  -1.196468  -0.730448  -0.438865  -1.367512  
0.103763  0.259979  0.188138  -0.186025  -0.164770  -0.979851  -0.154718  -0.207093  
 1    -2.777662    0.253789      0.215161
 2    -3.861123    0.572117      0.093135
 3    -4.169612    0.707526      0.058391
 4    -4.460250    0.784713      0.025658
 5    -4.585667    0.860093      0.011533
 6    -4.632595    0.888683      0.006248
 7    -4.654790    0.954804      0.003748
 8    -4.664989    0.981324      0.002599
 9    -4.669806    0.970321      0.002057
10    -4.672235    0.989354      0.001783
4.398792    0.681615    
2.791025    3.340576    0.427155    0.451140    
2.126958    2.926047    2.715727    0.463106    0.376358    0.231805    
2.196485    2.679994    2.413434    4.194554    0.580218    0.468420    0.273163    0.260670    
1.798864    2.399702    2.403217    2.999608    2.835989    0.575469    0.449243    0.354434    0.200063    0.189968    
1.294888    2.333110    2.343630    2.489535    2.861573    2.964426    0.592866    0.453205    0.383936    0.299761    0.177484    0.134966    
1.241416    2.389027    2.355328    2.462524    2.920929    2.800356    6.283185    0.608784    0.450996    0.389403    0.312205    0.194705    0.218018    0.095734    
1.224687    2.409866    2.395320    2.473698    2.994658    2.787680    6.283185    6.283185    0.619836    0.453269    0.394030    0.321535    0.177712    0.233179    0.157443    0.063880    
1.248951    0.176348    1.904511    2.178604    2.285964    2.335142    3.021117    2.573437    6.283185    0.695907    1.485371    0.427122    0.368221    0.323031    0.255423    0.162909    0.179656    0.096608    
1.216024    2.358667    2.355468    2.452773    2.806516    2.850438    6.283185    6.033906    5.136115    6.283185    0.615123    0.452531    0.391865    0.323070    0.205306    0.229424    0.158344    0.065323    0.000000    1.526748    
