 8    -3.117025    3.526864    0.125004
0.522022  0.069947  0.869230  0.424554  -0.220960  -0.632086  -0.455699  -0.681874  0.387163  -0.009748  -1.344962  -0.010275  0.704485  -1.958639  0.153709  1.233067  -0.504342  1.349764  0.731516  1.011621  -0.637194  -0.194763  1.103719  -0.072570  -1.162580  0.324676  -0.032394  0.351848  
-0.249181  0.129989  0.305648  0.270604  -0.127414  -0.539620  0.174655  -0.256211  
 1    -1.565674    0.221356      0.233500
 2    -2.624383    0.628181      0.074150
 3    -2.937738    0.815056      0.026985
 4    -3.055043    0.910278      0.009329
 5    -3.085550    0.943949      0.004737
 6    -3.102593    0.975592      0.002172
 7    -3.111435    0.988407      0.000841
 8    -3.115135    0.997235      0.000284
 9    -3.116017    0.998333      0.000152
10    -3.116169    0.999248      0.000129
4.609525    0.687015    
3.865949    4.929571    0.681907    0.380563    
3.158255    3.724003    4.573222    0.625932    0.489323    0.254488    
2.571218    3.520525    3.336863    4.301290    0.629637    0.487969    0.356349    0.203883    
1.793939    3.112001    3.186048    3.367171    4.115168    0.624230    0.488727    0.417489    0.301342    0.153207    
1.689970    3.031239    3.049510    3.100963    3.560022    4.327347    0.644196    0.487107    0.416542    0.324715    0.225899    0.081426    
1.602249    2.819587    2.929089    2.960953    3.270963    3.797362    4.964038    0.632007    0.483433    0.417959    0.347006    0.265161    0.173859    0.063195    
1.452773    2.619747    2.744746    2.821937    3.036762    3.456094    3.858667    4.619428    0.624918    0.471473    0.415024    0.360258    0.295301    0.218876    0.126699    0.054125    
1.313733    2.345763    2.521023    2.579173    2.683396    2.932060    3.254842    3.732752    4.256104    0.609066    0.451256    0.399536    0.349884    0.300474    0.237736    0.176654    0.102359    0.044429    
1.353143    2.400361    2.559263    2.638719    2.799549    3.097247    3.395674    3.905466    4.292410    5.878898    0.612064    0.454237    0.403235    0.357068    0.308019    0.243985    0.180258    0.109135    0.056186    0.012226    
