 8    -3.477381    2.618687    0.155463
-0.923498  -0.196534  0.260503  -0.102614  -0.289689  0.713549  1.119250  -0.355867  -0.124338  0.141519  0.018409  -0.366028  0.248184  -0.044728  -1.645756  0.499089  0.988699  -0.835499  -1.171304  0.700343  -0.401667  -0.034007  0.791615  1.123036  -0.257931  -0.761827  -0.188643  -0.265364  
0.289613  0.206545  -0.271393  -0.265035  -0.300348  0.276142  0.271335  -0.208314  
 1    -1.550848    0.325038      0.316029
 2    -2.841662    0.751848      0.104283
 3    -3.332073    0.945278      0.023836
 4    -3.434870    0.979351      0.006973
 5    -3.454386    0.991360      0.003772
 6    -3.472141    0.997938      0.000860
 7    -3.476021    0.999374      0.000223
 8    -3.476481    0.999665      0.000148
 9    -3.476615    0.999715      0.000126
10    -3.476616    0.999716      0.000125
3.931694    0.540353    
4.347624    5.507041    0.799675    0.427254    
3.727036    3.799587    4.383402    0.701832    0.513193    0.298980    
2.677339    3.459395    3.460618    3.956783    0.635541    0.533052    0.391935    0.205831    
2.593113    3.533467    3.426152    3.857746    5.017219    0.649036    0.541847    0.409508    0.284556    0.078747    
1.705043    3.247850    3.142083    3.435422    3.909183    5.138072    0.656002    0.531910    0.469625    0.370643    0.242297    0.078993    
1.472838    2.883983    2.815273    2.896340    3.249159    3.732271    4.868138    0.658651    0.501364    0.443741    0.383021    0.298709    0.188215    0.072266    
1.496491    2.914503    2.842977    2.953815    3.305662    3.761085    4.763586    5.461606    0.658396    0.504899    0.449062    0.390604    0.312015    0.205687    0.108862    0.023130    
1.493721    2.886509    2.821682    2.926216    3.282986    3.744254    4.846434    5.906269    5.506319    0.657514    0.501783    0.446376    0.389264    0.309771    0.201891    0.090961    0.000000    1.558885    
1.490538    2.898221    2.839139    2.939877    3.293656    3.752500    4.855033    5.537650    6.058970    4.133385    0.658488    0.504349    0.448225    0.389595    0.308806    0.199927    0.089657    0.000000    1.560003    0.001236    
