 8    -4.974021    5.608311    0.287195
0.678844  0.916339  -0.121169  -1.154417  -0.271141  0.472377  1.269233  0.984344  -1.327064  -1.593114  -2.256591  -0.017827  -1.976864  1.137158  -0.490799  1.221608  -1.529330  1.045777  -0.322531  -0.944890  0.158779  0.166864  1.468873  0.158110  -0.907787  0.187829  -1.010326  -2.628436  
-0.031818  -0.364296  0.230126  -0.297922  -0.142235  -0.283255  -0.242637  -0.356969  
 1    -2.381768    0.038223      0.244961
 2    -4.055216    0.027582      0.086824
 3    -4.530468    0.012105      0.041914
 4    -4.636423    0.007565      0.031902
 5    -4.661032    0.004266      0.029577
 6    -4.673322    0.000071      0.028415
 7    -4.677165    0.000021      0.028052
 8    -4.677997    0.000031      0.027973
 9    -4.679291    0.000006      0.027851
10    -4.682245    0.000033      0.027572
3.944768    0.533677    
4.623667    5.680336    0.778071    0.415576    
3.428079    3.867973    4.675412    0.644765    0.523413    0.294660    
2.463045    3.692699    3.470978    4.115437    0.622662    0.517393    0.371419    0.201023    
1.830729    3.378056    3.222619    3.471893    4.237189    0.647039    0.503612    0.424953    0.324768    0.148362    
1.796058    3.408641    3.302579    3.537469    4.177937    5.571350    0.648300    0.514766    0.438138    0.342227    0.227131    0.078936    
1.594860    2.933163    2.905284    3.068251    3.515168    4.087644    5.200899    0.633632    0.470361    0.418372    0.361573    0.278297    0.174249    0.071478    
1.512578    2.802227    2.825384    2.957902    3.350726    3.820764    4.534223    5.075789    0.628328    0.471419    0.414763    0.372315    0.304321    0.213174    0.124881    0.040844    
1.578635    2.924046    2.928974    3.016419    3.458443    3.924865    4.532464    5.305776    6.281787    0.637024    0.487869    0.418946    0.376261    0.313214    0.232208    0.160399    0.096778    0.036249    
1.732503    3.227732    2.992343    3.186123    3.780729    4.491406    5.883643    6.283185    5.491109    5.759098    0.647134    0.483607    0.408999    0.338109    0.240582    0.132420    0.116472    0.116460    0.117997    0.061298    
