 8    -4.319213    4.136218    0.590912
-0.944526  -0.876067  0.826348  -0.320301  -1.080067  1.307439  -0.072256  1.633084  1.209046  -0.966583  -1.493422  -0.523997  0.003965  -0.293546  0.062105  -0.430417  0.109365  -0.063731  0.741933  -0.730128  -1.295282  0.584340  0.263752  0.919100  -0.028440  -0.286742  2.014533  1.437291  
-0.212861  -0.188824  0.904449  0.172816  -0.204746  0.112400  0.257440  -0.246145  
 1    -1.939664    0.215519      0.281423
 2    -3.417468    0.610048      0.106647
 3    -3.777260    0.758081      0.064095
 4    -4.108709    0.860828      0.024896
 5    -4.224093    0.934532      0.011250
 6    -4.275080    0.961138      0.005219
 7    -4.293898    0.976063      0.002994
 8    -4.307848    0.992048      0.001344
 9    -4.313887    0.996695      0.000630
10    -4.316700    0.998685      0.000297
3.275246    0.600840    
2.702456    3.480627    0.467165    0.433257    
2.198531    2.868147    3.127619    0.527870    0.393271    0.252917    
2.132313    2.722327    2.490163    3.824249    0.597383    0.476473    0.291015    0.252164    
1.790968    2.438532    2.367676    2.847888    2.888632    0.581126    0.450993    0.369007    0.208621    0.182526    
1.337611    2.403826    2.349469    2.444440    2.755916    3.008488    0.619064    0.463968    0.390583    0.314232    0.183393    0.136252    
1.281027    2.189667    2.234742    2.354227    2.475054    2.926551    3.024182    0.614084    0.453145    0.389534    0.325721    0.258784    0.148165    0.087775    
1.222219    2.217470    2.248629    2.346880    2.505060    2.887347    2.828725    3.755371    0.622428    0.456585    0.397887    0.339536    0.253324    0.215914    0.087486    0.071406    
1.155955    2.027276    2.096818    2.197265    2.321958    2.674220    2.726582    3.198401    3.134188    0.610614    0.439036    0.386498    0.336075    0.281604    0.212775    0.170271    0.063024    0.062549    
1.039349    1.932715    2.067656    2.153756    2.267369    2.485172    2.686226    2.922793    3.065320    3.430083    0.602193    0.454634    0.398339    0.342965    0.297492    0.243685    0.178918    0.138786    0.057641    0.051988    
