 8    -4.973017    4.622618    1.628161
-0.277191  -1.145218  1.062622  -0.870811  -1.755050  -1.015249  1.560385  0.481436  -1.006437  1.485005  -0.585905  -0.851112  0.591227  1.385524  1.787364  0.401825  0.404999  0.073697  0.025266  0.675647  1.116530  0.599057  1.417557  -0.488025  0.220577  -0.609157  0.015882  1.153928  
0.191576  0.139096  0.997417  -0.130451  -0.169486  0.219870  0.204747  -0.202923  
 1    -2.137959    0.260056      0.295453
 2    -3.855137    0.696801      0.116499
 3    -4.369141    0.850950      0.062932
 4    -4.675920    0.909952      0.030962
 5    -4.870526    0.971541      0.010681
 6    -4.936801    0.988917      0.003774
 7    -4.959922    0.995414      0.001365
 8    -4.966022    0.997701      0.000729
 9    -4.971358    0.999534      0.000173
10    -4.972317    0.999787      0.000073
3.852165    0.562288    
3.219961    3.433178    0.451488    0.422753    
2.358904    3.181546    2.773900    0.478978    0.364491    0.245955    
2.257318    2.989344    2.810046    3.660752    0.596587    0.467517    0.247154    0.232260    
2.040489    2.611213    2.504065    3.237806    2.805137    0.577891    0.447629    0.341459    0.192601    0.181270    
1.402473    2.490836    2.477006    2.603308    3.015328    2.971452    0.589560    0.458369    0.384387    0.294064    0.178476    0.139335    
1.295189    2.249531    2.298049    2.444544    2.551617    3.114657    2.917082    0.606204    0.437573    0.378460    0.323094    0.251686    0.147028    0.099139    
1.214931    2.101663    2.208369    2.341379    2.493951    2.767580    3.057979    3.119626    0.587724    0.432412    0.381731    0.323779    0.272758    0.198199    0.109923    0.058936    
1.163604    2.040577    2.135616    2.221551    2.342029    2.626565    2.808048    3.012361    3.480113    0.591183    0.424384    0.373487    0.324261    0.281928    0.207906    0.175287    0.066019    0.057246    
0.953422    1.757942    2.020502    2.126960    2.243758    2.413776    2.681997    2.850150    3.190541    3.396843    0.570267    0.424536    0.380197    0.335090    0.300561    0.246386    0.191217    0.145823    0.059767    0.045410    
