 8    -3.961617    5.285949    1.184759
-0.217286  -0.915852  1.062431  0.444871  -0.375857  -1.325971  -0.652894  -0.842896  -0.447425  1.539325  0.027425  -0.777571  -1.614024  0.688196  -0.014051  0.026840  0.549220  0.855711  0.291851  -0.626174  -2.124388  0.198757  0.726640  -0.387585  0.110386  2.242068  -0.104016  0.801473  
-0.319380  -0.223436  -0.281934  0.243296  0.223754  -0.291069  0.334092  -0.207640  
 1    -1.412736    0.201024      0.275627
 2    -3.216120    0.753242      0.080615
 3    -3.765113    0.935394      0.021249
 4    -3.902239    0.976709      0.006421
 5    -3.938684    0.989798      0.002480
 6    -3.956211    0.997998      0.000585
 7    -3.959961    0.999331      0.000179
 8    -3.960579    0.999645      0.000112
 9    -3.960679    0.999685      0.000101
10    -3.960734    0.999702      0.000096
3.106178    0.633994    
4.294211    5.574641    0.802301    0.435652    
3.612040    3.630064    4.435736    0.690736    0.523755    0.316194    
2.478447    3.599789    3.494811    4.057216    0.652950    0.562171    0.407277    0.219529    
1.971896    3.463342    3.141327    3.515454    4.193068    0.674589    0.549772    0.445621    0.347958    0.144507    
1.718878    3.283801    3.127777    3.395589    3.859267    5.017023    0.679571    0.541067    0.476858    0.380964    0.253297    0.083043    
1.538486    2.843287    2.769081    2.872192    3.203645    3.658160    4.732653    0.662866    0.498183    0.446572    0.387339    0.304174    0.193043    0.074383    
1.533513    2.874610    2.798034    2.911739    3.230357    3.642732    4.507957    5.138630    0.664214    0.505651    0.452840    0.396407    0.321208    0.217053    0.118766    0.026969    
1.542095    2.870836    2.795763    2.907169    3.234617    3.658034    4.714892    5.831705    5.536558    0.664634    0.502708    0.451183    0.392677    0.313102    0.206293    0.095186    0.000000    1.558900    
1.512196    2.824611    2.772604    2.884532    3.203177    3.591337    4.327345    3.715988    2.568861    6.197318    0.661416    0.501578    0.450905    0.397002    0.321675    0.218423    0.108089    0.022554    0.000000    1.562386    
