 8    -3.953234    4.077435    0.444350
0.709056  0.857144  1.688367  2.164774  -0.970375  1.072576  1.688920  0.015477  -0.012332  0.213066  0.651998  -0.178201  -0.044454  0.014322  0.032892  -0.075229  0.562198  -0.798122  0.466570  -1.022600  -0.664590  0.718755  -0.118972  0.880513  -1.007053  -0.598255  1.452177  -0.683331  
-0.388067  0.116777  0.200017  -0.170099  0.234034  -0.188627  -0.707960  0.175258  
 1    -1.993150    0.256435      0.244075
 2    -3.060732    0.599492      0.111137
 3    -3.533615    0.741724      0.052252
 4    -3.800675    0.889902      0.018997
 5    -3.879112    0.937296      0.009230
 6    -3.919625    0.970918      0.004185
 7    -3.936123    0.985642      0.002131
 8    -3.947718    0.996302      0.000687
 9    -3.950522    0.998140      0.000338
10    -3.951437    0.999062      0.000224
5.228879    0.666919    
3.316659    4.330435    0.596009    0.403255    
2.842931    3.447531    4.558824    0.613154    0.480900    0.270123    
2.392876    3.317451    3.155588    4.309372    0.625923    0.499665    0.341128    0.233005    
1.774550    2.940491    3.002143    3.247561    3.930762    0.612897    0.486436    0.417735    0.276733    0.173750    
1.591561    2.860295    2.811956    2.892556    3.262176    3.855394    0.636417    0.485789    0.408050    0.329960    0.217541    0.117801    
1.515479    2.779705    2.789972    2.875821    3.186729    3.545970    4.634664    0.628043    0.489436    0.418054    0.339265    0.258226    0.164536    0.065913    
1.401646    2.577498    2.613144    2.719739    2.936481    3.373988    3.559844    4.415546    0.627630    0.470024    0.412968    0.354559    0.279348    0.218785    0.111803    0.061811    
1.244408    2.288854    2.436400    2.545124    2.700758    3.025778    3.240364    3.692489    3.917566    0.609744    0.454141    0.406353    0.356570    0.303316    0.234378    0.175358    0.087404    0.048638    
1.197276    2.251445    2.428510    2.533952    2.671682    2.949769    3.165440    3.594479    3.804530    4.401146    0.611009    0.460486    0.411952    0.361418    0.311862    0.251317    0.191434    0.120201    0.067959    0.022551    
