 8    -4.039774    5.709799    0.351766
0.277660  1.805239  -0.840097  -0.895218  0.561813  -0.478703  0.312600  -1.203183  -1.609399  -0.798519  -0.206177  -0.118149  0.223079  0.612972  1.086046  0.936871  -0.778794  1.019699  0.968641  1.117000  -0.644645  -0.159126  -1.731727  2.054992  -1.788954  -1.960834  0.559302  -0.342946  
0.271897  -0.247287  -0.267711  -0.204255  0.263173  0.105426  -0.706279  0.128887  
 1    -2.200820    0.292475      0.188619
 2    -3.278025    0.623466      0.078132
 3    -3.720922    0.789854      0.032704
 4    -3.916231    0.889303      0.012672
 5    -3.967285    0.928482      0.007435
 6    -4.002188    0.965948      0.003855
 7    -4.024496    0.987872      0.001567
 8    -4.035376    0.997641      0.000451
 9    -4.037710    0.998817      0.000212
10    -4.038240    0.999384      0.000157
5.344508    0.619970    
3.536367    4.595370    0.674873    0.380603    
2.901099    3.418457    4.281215    0.624864    0.495575    0.270401    
2.373306    3.318866    3.102755    3.973983    0.637259    0.504204    0.358709    0.214933    
1.729376    2.955953    2.961422    3.159520    3.871340    0.628195    0.499018    0.420309    0.302330    0.153805    
1.683648    2.909943    2.810835    2.891679    3.308075    4.143520    0.651406    0.493474    0.411473    0.327984    0.226961    0.091274    
1.568649    2.801424    2.796410    2.843028    3.226496    3.683594    4.805741    0.633949    0.498778    0.421397    0.337903    0.258012    0.162514    0.073272    
1.407132    2.566384    2.586812    2.666322    2.905521    3.367021    3.707285    4.320062    0.637418    0.479507    0.418692    0.358630    0.287079    0.216297    0.123047    0.063844    
1.275769    2.284592    2.379148    2.428401    2.556377    2.862032    3.146292    3.588226    3.907888    0.620784    0.455939    0.404597    0.349991    0.298964    0.231103    0.174146    0.100737    0.052406    
1.295118    2.322782    2.417223    2.487874    2.642203    2.949615    3.195499    3.689160    3.876139    5.074030    0.623472    0.463925    0.412337    0.359392    0.309162    0.244190    0.183103    0.116246    0.065911    0.016107    
