 8    -3.445564    3.903794    0.339574
0.222694  0.208597  0.246924  0.946107  -0.909334  0.788368  -0.080894  1.422173  0.389988  0.123607  -1.079835  -0.395403  -0.699981  0.098276  0.313446  -0.796713  -0.589850  0.162628  -1.607047  -0.144173  0.291914  0.891598  0.976966  0.342951  -0.024824  0.176076  1.167915  2.243864  
-0.291109  -0.206971  0.192194  0.220462  0.189351  -0.827951  0.180137  -0.232016  
 1    -1.613780    0.258401      0.249244
 2    -2.673784    0.681874      0.105013
 3    -3.027321    0.820107      0.056909
 4    -3.309395    0.913907      0.018528
 5    -3.395426    0.976803      0.006822
 6    -3.433787    0.994677      0.001602
 7    -3.442559    0.998693      0.000409
 8    -3.443808    0.999140      0.000239
 9    -3.444677    0.999602      0.000121
10    -3.445134    0.999815      0.000058
4.988984    0.481259    
2.779754    3.438409    0.513184    0.431371    
2.327257    2.796301    3.296129    0.568095    0.420451    0.260820    
2.143436    2.725247    2.507583    3.713482    0.621085    0.493530    0.312544    0.255416    
1.761686    2.396049    2.332563    2.719448    2.905842    0.596677    0.461036    0.389070    0.224589    0.189495    
1.282123    2.346106    2.296547    2.355168    2.666718    2.917986    0.628634    0.480462    0.406742    0.328231    0.199867    0.142147    
1.170429    2.044405    2.066599    2.172452    2.305324    2.788085    2.707211    0.621715    0.446525    0.394818    0.343974    0.271300    0.167269    0.095024    
1.062440    1.770486    1.862092    1.951012    2.055739    2.235406    2.622056    2.565365    0.595042    0.417066    0.377091    0.331478    0.289396    0.207285    0.138484    0.067228    
1.041244    1.808849    1.899209    1.964302    2.065551    2.260186    2.501940    2.704611    3.291741    0.599339    0.429883    0.383621    0.337005    0.293649    0.220577    0.172310    0.081183    0.036854    
0.793342    1.601699    1.874605    1.943269    2.010896    2.141041    2.349930    2.580947    2.841405    3.372965    0.589187    0.463073    0.403055    0.355131    0.317600    0.266832    0.203504    0.157339    0.068710    0.037451    
