 8    -4.403326    4.547749    0.791739
0.050657  0.392329  0.609438  -0.588129  1.443758  0.402090  0.166803  0.853984  1.658907  0.699776  -1.693152  -0.962174  -2.420045  -0.416890  -0.337671  0.421032  -1.120160  -0.961434  0.302471  0.846941  0.373882  -0.822025  -1.224561  -0.630809  -1.119728  -0.142730  0.364224  -0.979682  
0.951075  0.282690  -0.056434  0.084852  -0.996522  -0.131039  -0.143652  -0.189223  
 1    -1.923416    0.191860      0.277052
 2    -2.619754    0.307347      0.199258
 3    -2.791707    0.412694      0.180048
 4    -3.082073    0.578622      0.147608
 5    -3.092599    0.550423      0.146432
 6    -3.444010    0.742830      0.107173
 7    -3.734125    0.806920      0.074762
 8    -3.794440    0.802475      0.068024
 9    -3.811094    0.807933      0.066163
10    -3.861383    0.842617      0.060545
5.313664    0.730521    
1.951516    4.377555    0.155421    0.681829    
2.385754    3.686644    1.739322    0.231389    0.526252    0.219884    
2.635635    3.000474    1.958235    6.038542    0.365076    0.456459    0.326768    0.180592    
2.235142    3.530183    6.283185    4.945073    3.746254    0.280215    0.459820    0.282429    1.272866    0.251721    
2.346595    3.243350    2.136601    6.283185    6.283185    6.283185    0.363608    0.409260    0.354697    0.192484    0.167487    0.106243    
2.175261    2.844894    2.189838    6.045074    4.488919    2.926747    6.283185    0.477663    0.368311    0.395400    0.270688    1.412106    0.246055    0.028551    
2.155853    2.838905    2.234634    6.041449    4.449293    3.138227    6.283185    6.283185    0.494377    0.381244    0.409420    0.254209    1.422458    0.268164    0.034430    0.084826    
2.130396    2.849405    2.250209    6.053504    4.492931    3.261632    6.283185    6.283185    6.283185    0.504954    0.372969    0.400115    0.273210    1.395964    0.259085    0.040402    0.083133    0.054695    
2.095406    2.812476    2.288366    5.991233    4.475297    3.565987    6.283185    6.283185    6.283185    4.402348    0.516060    0.372999    0.392147    0.280721    1.385778    0.229878    0.039982    0.037475    0.079746    1.483495    
