 8    -4.471666    3.375500    0.276025
0.441145  -0.576500  -1.269955  -2.450535  1.899251  -0.074970  -0.255748  -0.274553  -0.856710  0.858997  0.574482  0.136117  -0.110739  0.963468  0.789986  -0.354507  0.655454  -1.442845  0.516226  1.165711  -0.683643  -0.198090  0.540971  0.441133  0.138034  -0.057272  -1.105156  0.767905  
0.490624  -0.042052  -0.202716  0.283999  0.264299  -0.283156  0.199897  -0.323175  
 1    -2.005781    0.232414      0.314239
 2    -3.797580    0.556315      0.085902
 3    -4.266068    0.683005      0.026200
 4    -4.367225    0.723436      0.013309
 5    -4.390436    0.748537      0.010351
 6    -4.414741    0.820593      0.007254
 7    -4.436916    0.929732      0.004428
 8    -4.458464    0.989927      0.001682
 9    -4.466804    0.997501      0.000620
10    -4.469936    0.999372      0.000220
3.959958    0.581628    
4.523661    5.576908    0.786638    0.425103    
3.625438    3.656154    4.397553    0.659472    0.489696    0.285739    
2.622452    3.471122    3.419252    4.043048    0.617398    0.509988    0.367849    0.191963    
1.905681    3.421630    3.157388    3.493487    4.298554    0.644538    0.519681    0.416652    0.322594    0.133358    
1.911051    3.388623    3.268659    3.585235    4.282592    5.603667    0.643182    0.523084    0.437501    0.342743    0.223376    0.089513    
1.814073    3.599933    3.345693    3.807652    4.574786    5.938581    6.218673    0.633098    0.539901    0.420910    0.324820    0.199575    0.178406    0.087110    
1.829014    3.628216    3.308906    3.716766    4.703706    6.283185    5.330617    5.157588    0.677942    0.538028    0.433897    0.315677    0.189964    0.185385    0.175616    0.096678    
1.679043    3.235811    3.111099    3.432303    4.200521    5.552710    4.965896    4.846495    5.057615    0.655939    0.506489    0.442131    0.348360    0.225343    0.148911    0.169342    0.166632    0.080047    
1.549720    2.963531    2.894606    3.029483    3.564387    4.427958    5.371797    4.936822    4.578711    4.947580    0.652126    0.484234    0.426200    0.358091    0.268049    0.161165    0.160103    0.163469    0.140845    0.061093    
