 8    -5.287835    6.711482    0.076714
-0.022632  1.838848  2.505268  0.975403  1.654330  -1.869582  -0.764621  -0.785072  0.028540  -0.021013  -0.984052  -1.679671  -0.721709  0.394450  -1.455288  0.784736  0.940057  2.082766  1.098766  0.717849  0.395293  0.238120  -2.359960  -0.268181  0.140543  -0.061805  1.234644  2.880286  
0.375197  -0.170230  -0.319911  -0.011660  -0.286055  -0.256533  -0.236851  0.369357  
 1    -2.789658    0.207479      0.208193
 2    -4.433319    0.438782      0.071214
 3    -5.068852    0.531082      0.018250
 4    -5.207188    0.557061      0.006721
 5    -5.240186    0.569242      0.003971
 6    -5.252900    0.588187      0.002911
 7    -5.255871    0.595129      0.002664
 8    -5.257062    0.619463      0.002565
 9    -5.259746    0.679951      0.002341
10    -5.267026    0.782842      0.001734
4.259230    0.459023    
4.480773    5.761949    0.787586    0.422829    
3.368375    3.892283    4.782986    0.654827    0.538851    0.306178    
2.557256    3.628528    3.445921    4.145914    0.630820    0.514421    0.375329    0.206586    
1.904470    3.410721    3.200750    3.494799    4.299677    0.649934    0.510242    0.423512    0.329599    0.147055    
1.774342    3.301400    3.232723    3.441389    4.052330    5.377469    0.646792    0.512101    0.439869    0.347449    0.230712    0.072933    
1.550927    2.809007    2.862541    3.033532    3.450890    4.024248    5.208102    0.629175    0.469766    0.424005    0.369730    0.283583    0.173021    0.062374    
1.626202    2.966543    2.959772    3.174857    3.606776    4.179673    5.178423    6.283185    0.632760    0.482814    0.432436    0.375291    0.292989    0.185364    0.111211    0.035396    
1.695879    3.150344    3.047794    3.326589    3.888840    4.748233    5.428478    5.976186    5.781247    0.641106    0.489520    0.431502    0.356252    0.258215    0.150118    0.125105    0.107507    0.051675    
1.727074    3.149855    3.118652    3.293633    4.039102    6.283185    6.283185    5.081323    4.754503    5.178021    0.641485    0.491629    0.433778    0.331999    0.195089    0.034152    0.091323    0.165350    0.163564    0.083402    
