 8    -4.423502    5.286330    0.019257
-0.497271  0.107765  1.882873  -1.069230  -1.527741  -1.511618  0.386228  0.482651  2.007500  -0.509702  -0.890950  0.223526  0.045737  1.275074  0.981557  -1.357761  0.467119  -0.566509  2.345418  -0.477393  -0.310067  1.301076  -0.166463  0.935313  1.558391  -0.933234  0.168355  0.230982  
0.504054  0.140399  0.039695  -0.320158  0.292869  0.229333  0.202531  -0.277096  
 1    -1.304975    0.099721      0.321172
 2    -3.726832    0.521842      0.071749
 3    -4.227522    0.667365      0.020184
 4    -4.346939    0.714133      0.007885
 5    -4.385408    0.762830      0.003923
 6    -4.411018    0.793553      0.001286
 7    -4.417320    0.811811      0.000637
 8    -4.418673    0.840808      0.000497
 9    -4.420103    0.871319      0.000350
10    -4.420833    0.912733      0.000275
2.415734    0.426779    
4.670199    5.627181    0.745320    0.397882    
3.854158    4.173086    4.676859    0.660823    0.494696    0.266847    
2.903207    3.687554    3.773098    4.325503    0.602962    0.492901    0.364554    0.174517    
2.573405    3.712340    3.627910    4.061215    5.219889    0.610302    0.506888    0.379843    0.266079    0.085445    
1.825534    3.543762    3.440726    3.642626    4.336504    5.626353    0.643314    0.511322    0.430452    0.332770    0.217237    0.075625    
1.637576    3.109170    3.095374    3.189141    3.642697    4.270642    5.309456    0.641260    0.481061    0.415569    0.357052    0.271359    0.167785    0.067844    
1.623803    3.090169    3.113132    3.213433    3.638705    4.193184    5.158094    5.727780    0.641177    0.484726    0.422158    0.365285    0.288151    0.191224    0.103765    0.025339    
1.495173    2.787116    2.986498    3.095124    3.409167    3.882303    4.423142    5.101986    6.049328    0.626764    0.478103    0.423821    0.378836    0.320306    0.243813    0.162687    0.094178    0.029634    
1.470856    2.814855    2.992847    3.106677    3.419400    3.862202    4.378851    4.754937    5.389369    5.683434    0.626790    0.479216    0.426693    0.382489    0.328413    0.260967    0.194527    0.136041    0.076790    0.027010    
