 8    -3.876371    4.655088    0.041813
1.011944  0.346745  -0.230357  -0.433349  -0.627075  0.791468  -0.598915  -0.869797  -0.788798  -0.724587  -0.092965  -1.456969  0.201143  -0.592222  0.822629  -1.629775  1.174757  2.386508  -0.728570  -0.271611  -1.366432  -0.545020  -0.308100  -1.794647  1.810442  -0.040052  -1.391488  -1.741249  
-0.027003  -0.139338  0.334038  -0.165986  -0.174495  -0.649742  -0.197536  -0.272296  
 1    -1.754033    0.165252      0.248766
 2    -2.992989    0.381951      0.103544
 3    -3.422583    0.445202      0.053190
 4    -3.631378    0.552508      0.028716
 5    -3.686775    0.591672      0.022223
 6    -3.729383    0.618171      0.017229
 7    -3.758513    0.655394      0.013815
 8    -3.771669    0.676663      0.012272
 9    -3.782657    0.710622      0.010985
10    -3.789890    0.746179      0.010137
5.396298    0.518397    
3.364694    4.195485    0.585055    0.405815    
2.987273    3.466417    4.917518    0.606833    0.481387    0.252133    
2.577867    3.234152    3.116112    4.565608    0.602655    0.470043    0.308227    0.216008    
1.963115    2.929518    3.024356    3.467377    4.035354    0.587576    0.463992    0.384823    0.246506    0.146826    
1.687668    2.959384    2.965548    3.178479    3.549636    4.550587    0.630919    0.474615    0.398925    0.307750    0.201276    0.100747    
1.560106    2.897387    2.927436    3.092531    3.513889    3.768856    5.115719    0.629994    0.481129    0.407718    0.318083    0.236400    0.147609    0.078405    
1.499659    2.711881    2.816952    2.983942    3.292295    3.785028    4.128116    4.693615    0.630479    0.474788    0.410106    0.339317    0.259488    0.195922    0.107258    0.060795    
1.468140    2.770856    2.843541    3.010519    3.326218    3.668147    4.377752    3.983895    5.482437    0.632124    0.479000    0.419027    0.344173    0.269983    0.209134    0.140197    0.088425    0.052148    
1.510308    2.785243    2.891668    3.092545    3.371999    3.733676    4.258245    4.551926    4.227054    6.280162    0.623425    0.487645    0.423973    0.343900    0.276313    0.207243    0.163833    0.095069    0.081292    0.043578    
