 8    -3.924043    3.813022    0.055793
1.348629  1.991068  1.393069  -0.686884  -0.095791  -0.756370  0.561199  0.751012  -1.191746  -1.487929  -0.625148  0.282211  -1.079033  -0.515311  0.327559  0.879111  0.555377  0.181936  0.944846  -1.306168  0.341810  -1.393622  -0.032307  0.388868  0.028718  0.022139  -0.033604  -0.468688  
-0.379092  0.178713  0.303341  0.274151  -0.257970  0.180757  -0.066130  0.456392  
 1    -1.914745    0.277403      0.259698
 2    -3.232136    0.599885      0.089428
 3    -3.648442    0.760643      0.035621
 4    -3.761804    0.824455      0.020969
 5    -3.828801    0.916881      0.012310
 6    -3.869042    0.951443      0.007109
 7    -3.901384    0.988423      0.002929
 8    -3.916399    0.996046      0.000988
 9    -3.921656    0.998846      0.000309
10    -3.923126    0.999468      0.000119
4.379421    0.547381    
4.546439    5.537087    0.781440    0.416553    
3.643035    3.828974    4.496793    0.668397    0.502653    0.279031    
2.882555    3.557911    3.583198    4.256392    0.634645    0.505329    0.375914    0.182666    
3.001026    3.606185    3.739982    4.330322    5.922525    0.633134    0.512915    0.373473    0.260283    0.115351    
2.535759    3.497269    3.438608    3.943660    4.781037    5.475903    0.635227    0.511855    0.410530    0.308187    0.203816    0.106719    
2.299967    3.352540    3.337806    3.815557    4.537256    5.333463    5.869418    0.595896    0.506855    0.406470    0.323308    0.208681    0.181023    0.084280    
1.681243    3.328639    3.182984    3.481873    4.038455    4.810841    4.842603    5.693874    0.652934    0.511385    0.441489    0.357000    0.272957    0.183464    0.157006    0.079874    
1.603403    3.032555    2.987076    3.134259    3.638433    4.179223    4.765970    4.879835    5.323562    0.650100    0.494411    0.431014    0.368202    0.292271    0.213921    0.173136    0.125217    0.060672    
1.461491    2.722340    2.801667    2.907150    3.266066    3.700981    4.198583    4.400819    4.718053    5.119407    0.632250    0.475985    0.422282    0.373474    0.306123    0.233824    0.179152    0.145438    0.103822    0.046725    
