 8    -6.747414    4.192481    1.744864
-1.945109  0.620710  -0.432221  0.462573  0.020115  -0.392806  2.213288  1.454509  -1.097804  0.429880  0.343355  0.253077  0.832716  0.277569  -0.227005  0.024562  -1.309637  -0.479140  0.549007  -0.083391  0.370486  0.223746  -0.543539  -0.007769  -0.247837  -2.646761  -1.998196  -0.599280  
-0.313892  -0.262919  0.260119  -0.232801  0.215733  0.298816  0.248805  0.311979  
 1    -2.960618    0.321217      0.346146
 2    -5.476105    0.771492      0.116209
 3    -6.461876    0.949098      0.026101
 4    -6.684580    0.987253      0.005744
 5    -6.735771    0.996881      0.001064
 6    -6.743938    0.999282      0.000318
 7    -6.746754    0.999878      0.000060
 8    -6.746759    0.999878      0.000060
 9    -6.746367    0.999793      0.000096
10    -6.746796    0.999889      0.000056
3.661711    0.520117    
4.295897    5.646267    0.812813    0.441639    
3.633992    3.582283    4.494883    0.689876    0.532581    0.329032    
2.390911    3.653583    3.459565    4.067640    0.655711    0.573773    0.417948    0.233079    
1.780145    3.370605    3.148135    3.459405    4.037220    0.695091    0.544379    0.481911    0.369375    0.177464    
1.670209    3.168096    3.098517    3.301644    3.656743    4.515689    0.678964    0.537479    0.485798    0.393630    0.266496    0.086371    
1.513138    2.820464    2.771752    2.862087    3.127426    3.508160    4.488591    0.661377    0.501447    0.453875    0.394041    0.316223    0.203807    0.079452    
1.504149    2.786754    2.738552    2.840293    3.124513    3.515235    4.493360    6.250470    0.658803    0.496321    0.450784    0.394741    0.318505    0.205778    0.078018    1.569707    
1.481922    2.697267    2.717758    2.774832    3.049826    3.492772    5.599186    4.321681    5.469683    0.648752    0.489103    0.445081    0.385669    0.297748    0.173448    1.570796    1.512563    1.555837    
1.449418    2.600140    2.629694    2.661983    2.891138    3.342149    5.858276    3.370159    4.425925    4.212574    0.644242    0.478943    0.435446    0.381474    0.308286    0.209476    1.570796    1.448200    1.485595    1.542242    
