 8    -4.351906    3.386161    0.514991
-0.200346  -0.722750  -1.006436  -0.435368  0.930336  -0.694714  -3.291892  -0.638987  0.114389  0.204070  -0.750726  0.169636  0.328819  -0.584229  0.753944  0.230280  0.240640  -1.494794  -1.133634  0.667369  -0.284219  -0.135895  -1.029348  -0.889640  -0.206062  0.312559  0.289747  -0.294751  
0.397632  -0.049613  0.128821  0.179536  -0.885258  -0.166325  0.142630  0.297534  
 1    -2.344107    0.140131      0.259470
 2    -2.941796    0.084121      0.182230
 3    -3.416166    0.161098      0.120927
 4    -3.639924    0.410953      0.092010
 5    -3.894258    0.629218      0.059142
 6    -3.931908    0.644994      0.054277
 7    -3.958691    0.683781      0.050816
 8    -3.966207    0.691811      0.049844
 9    -3.984881    0.749314      0.047431
10    -4.008351    0.800011      0.044398
4.747239    0.669291    
2.399657    3.605842    0.424151    0.511125    
2.726377    2.975391    5.085953    0.583124    0.513829    0.290339    
2.297651    3.132363    5.769580    1.636120    0.520242    0.560121    0.580268    1.206231    
2.419083    3.175324    5.925567    2.056413    3.321118    0.581932    0.536451    0.624276    1.054308    0.204026    
2.448988    3.127198    5.850219    2.103873    3.264953    6.283185    0.577543    0.526976    0.607528    1.089763    0.264641    1.478722    
2.464575    3.138617    5.838056    2.074390    3.514015    6.283185    3.068812    0.575924    0.529195    0.608494    1.117095    0.207955    1.410187    0.104965    
2.492082    3.123965    5.854409    1.988625    3.710747    6.283185    3.069254    1.597102    0.569578    0.530524    0.624408    1.108801    0.185086    1.458369    0.169347    1.472016    
2.590214    3.127634    6.100776    1.901169    5.584156    6.283185    1.332483    2.497204    2.596818    0.555443    0.552993    0.750132    1.006012    0.177877    1.410730    0.351280    1.256145    0.129026    
2.720260    3.108939    6.125439    1.908872    5.917465    6.267277    1.571937    1.447371    4.036885    1.435775    0.558057    0.558479    0.814276    0.958990    0.178995    1.570796    0.374816    1.191168    0.356996    1.292874    
