 8    -3.854516    5.500126    0.008374
0.425188  -0.032820  0.989448  -1.579437  0.454097  0.217572  -1.497999  1.743353  -0.600091  -0.362574  1.672800  -0.356083  0.579311  -1.287199  -0.941917  1.686668  0.022534  0.530166  0.436340  -0.059709  0.772730  0.727365  -0.111376  1.309072  0.569217  0.248014  -1.875047  -0.291692  
0.156301  -0.046347  -0.265390  -0.192595  -0.147767  0.942771  0.141697  0.212855  
 1    -1.851353    0.198612      0.214136
 2    -2.908692    0.442978      0.101107
 3    -3.195154    0.532631      0.070485
 4    -3.392752    0.634476      0.049362
 5    -3.516110    0.693847      0.036175
 6    -3.594321    0.813847      0.027815
 7    -3.661715    0.862482      0.020610
 8    -3.729820    0.900604      0.013330
 9    -3.763947    0.939034      0.009682
10    -3.775916    0.941304      0.008402
4.641093    0.674252    
3.307190    3.251535    0.475863    0.378300    
2.236483    3.151699    2.777761    0.470690    0.371754    0.220718    
2.316303    3.071130    3.065960    3.706128    0.599290    0.462551    0.241864    0.202508    
2.081648    2.667887    2.661905    3.504836    2.957128    0.560582    0.448830    0.333451    0.193614    0.156022    
2.449102    2.753199    2.605041    3.861733    2.299459    6.283185    0.544115    0.451622    0.280100    0.213121    0.191658    0.128401    
2.216159    2.614831    2.548845    3.963261    2.434554    6.283185    6.283185    0.526952    0.454275    0.333965    0.170047    0.223234    0.158889    0.104434    
2.081547    2.628666    2.659697    3.557657    2.542224    6.283185    6.283185    6.283185    0.545252    0.470111    0.336953    0.217165    0.235663    0.161781    0.137068    0.095104    
2.237027    2.680670    2.640061    3.732129    2.445173    6.283185    6.283185    6.283185    6.283185    0.548391    0.470634    0.313638    0.224299    0.238492    0.177396    0.133216    0.130159    0.065762    
2.176446    2.637200    2.651324    3.599927    2.473787    6.283185    6.283185    6.283185    6.269413    1.618646    0.551813    0.469958    0.319039    0.235175    0.242052    0.181523    0.120747    0.156693    0.051956    0.050974    
