 8    -6.154875    4.783670    0.963965
0.779165  0.433715  -0.868448  0.416689  -0.606075  0.537735  -1.068886  0.371192  -1.583441  0.551922  -1.085115  0.775944  0.416375  0.780529  0.033247  1.286144  2.901189  0.521076  1.021167  -0.454762  -1.219863  -2.057769  0.471433  -0.316541  -0.748170  0.918634  -0.860999  -3.374013  
-0.263205  -0.191336  0.277800  -0.302877  0.194063  -0.226235  -0.268582  -0.369406  
 1    -2.936382    0.344291      0.294234
 2    -4.979541    0.733112      0.107449
 3    -5.859227    0.925714      0.027028
 4    -6.077741    0.972573      0.007052
 5    -6.127463    0.987189      0.002506
 6    -6.147139    0.998190      0.000707
 7    -6.153134    0.999536      0.000159
 8    -6.153804    0.999676      0.000098
 9    -6.153289    0.999618      0.000145
10    -6.153332    0.999622      0.000141
5.111023    0.649449    
4.302423    5.534707    0.789792    0.425502    
3.582585    3.947244    4.545069    0.693996    0.536865    0.303822    
2.558652    3.813799    3.599421    4.129059    0.659159    0.559087    0.407841    0.215520    
1.896641    3.524552    3.257389    3.523168    4.103376    0.679750    0.540194    0.458666    0.351726    0.160551    
1.768454    3.371493    3.252801    3.463881    3.892407    4.940342    0.675052    0.536836    0.474788    0.377124    0.251207    0.077918    
1.565917    2.912446    2.876842    2.947537    3.266301    3.740567    4.811403    0.656659    0.494917    0.443468    0.383780    0.304779    0.195440    0.071152    
1.489652    2.717810    2.682145    2.577479    2.459809    2.574853    3.317675    4.528272    0.645413    0.476137    0.415607    0.342091    0.258050    0.219617    0.158129    0.062578    
1.586065    2.947588    2.895972    2.976836    3.289854    3.775570    4.833118    6.115653    5.414195    0.658750    0.498537    0.446479    0.386373    0.312296    0.206515    0.086848    0.000380    1.563242    
1.583357    2.959787    2.915753    2.995745    3.298509    3.745644    4.829048    5.444967    6.001637    3.341330    0.658684    0.500703    0.448575    0.386733    0.309209    0.203787    0.086832    0.000000    1.562596    1.568897    
