 8    -3.175439    4.428104    0.004540
1.388700  1.788755  0.578529  -1.270554  -1.258753  -0.139977  -0.346450  -1.133400  0.839501  -1.195614  -0.891264  0.056036  -0.382613  -1.776864  -0.436097  0.527447  -0.499284  0.978743  -0.462637  -0.235565  0.134705  0.247562  -0.517419  -0.054777  0.724381  -0.410012  0.210369  -0.298181  
0.308185  -0.300663  -0.302850  -0.222773  -0.293019  0.127769  0.145189  0.429358  
 1    -1.757951    0.273004      0.186425
 2    -2.695873    0.663684      0.063071
 3    -3.039331    0.852527      0.017901
 4    -3.127417    0.921644      0.006316
 5    -3.153148    0.958145      0.002932
 6    -3.169264    0.992928      0.000812
 7    -3.173623    0.997302      0.000239
 8    -3.174133    0.998912      0.000172
 9    -3.174902    0.999570      0.000071
10    -3.174919    0.999522      0.000068
5.443690    0.436565    
4.281561    5.265990    0.770663    0.398471    
3.407121    3.678153    4.391042    0.667556    0.518537    0.289216    
2.488845    3.496064    3.459231    3.937717    0.631022    0.533601    0.383488    0.195839    
1.991608    3.314667    3.184538    3.456425    4.145903    0.651544    0.523460    0.431828    0.328074    0.139146    
1.710861    3.199273    3.095901    3.376868    3.857342    4.932302    0.642104    0.519336    0.449348    0.358359    0.241223    0.088351    
1.463286    2.851161    2.810934    2.904867    3.280267    3.770330    4.689175    0.649041    0.491661    0.434030    0.373078    0.295306    0.191043    0.078482    
1.494159    2.847902    2.839013    2.948705    3.313838    3.787053    4.664251    5.488131    0.648938    0.494746    0.439355    0.379618    0.305291    0.203916    0.105273    0.020236    
1.351916    2.515335    2.595667    2.650881    2.900116    3.222507    3.695040    4.469972    5.646163    0.630253    0.471101    0.417102    0.375016    0.317777    0.247743    0.165157    0.094362    0.025391    
1.318901    2.493079    2.625946    2.698310    2.944432    3.274900    3.732219    4.597614    5.339244    6.283185    0.628172    0.477187    0.423766    0.381112    0.319618    0.241062    0.153705    0.071643    1.570796    1.556974    
