 8    -6.604502    4.989531    1.166436
-0.452566  0.701203  -1.493780  -1.275922  1.342529  -2.134132  -1.496720  -1.305306  0.828734  0.154989  0.275923  1.852512  -0.828546  0.056397  0.562527  0.047985  0.905175  1.409930  -0.323823  -0.165668  -0.018118  0.307362  -0.945166  -2.021812  -0.190764  -1.968996  0.411619  -1.887392  
0.315908  -0.162939  -0.229672  0.184759  0.204020  0.612740  0.209542  0.218248  
 1    -2.813162    0.231622      0.327008
 2    -5.130264    0.664640      0.127155
 3    -5.977669    0.812880      0.054065
 4    -6.407428    0.931110      0.016998
 5    -6.522269    0.974632      0.007093
 6    -6.580445    0.992580      0.002075
 7    -6.593279    0.996267      0.000968
 8    -6.600170    0.999106      0.000374
 9    -6.602870    0.999673      0.000141
10    -6.603840    0.999845      0.000057
4.086825    0.677592    
3.445543    4.600687    0.636123    0.407563    
3.005422    3.439848    4.458585    0.630987    0.480737    0.279801    
2.523468    3.368790    3.164602    4.247969    0.640986    0.509031    0.348333    0.234159    
1.952030    2.899039    2.899917    3.205913    3.742481    0.610230    0.478360    0.415786    0.271505    0.174362    
1.552757    2.871968    2.795348    2.810998    3.177753    3.708233    0.649661    0.495902    0.418679    0.341738    0.226781    0.127275    
1.433184    2.513444    2.552137    2.626943    2.814993    3.321275    3.544399    0.634463    0.465006    0.410404    0.354149    0.282149    0.179362    0.078741    
1.412291    2.542538    2.586662    2.673747    2.875784    3.323869    3.549475    4.532262    0.636720    0.472615    0.420426    0.364055    0.291078    0.218355    0.109293    0.045125    
1.299635    2.254339    2.349532    2.442587    2.586259    2.868256    3.112623    3.499329    4.112543    0.617824    0.444728    0.401646    0.356894    0.307767    0.233756    0.176649    0.082730    0.042866    
1.016228    1.906252    2.248510    2.333691    2.408851    2.522991    2.753192    3.031956    3.576225    4.010649    0.588331    0.455977    0.408353    0.363727    0.321696    0.263717    0.207676    0.158776    0.078370    0.039406    
