 8    -4.942105    3.352438    0.378849
1.023492  0.283144  -0.004423  -0.507907  0.852055  -1.412692  0.568955  1.263137  -1.571967  -0.876978  -0.225261  0.303901  0.219018  0.460761  -0.189678  -1.520499  -1.072632  -0.267436  -1.661053  -1.062456  1.171652  -0.160575  -0.663102  0.434856  -0.596899  -0.137532  -1.480474  0.245122  
0.170092  -0.139452  0.997742  -0.142733  -0.167028  -0.184500  0.184052  -0.213201  
 1    -2.249908    0.108840      0.324574
 2    -4.053249    0.646610      0.107162
 3    -4.367362    0.785008      0.069292
 4    -4.779849    0.858585      0.019562
 5    -4.805876    0.906990      0.016424
 6    -4.855830    0.977986      0.010401
 7    -4.856196    0.980047      0.010357
 8    -4.862521    0.978114      0.009595
 9    -4.871200    0.982095      0.008548
10    -4.876309    0.984542      0.007932
4.494387    0.896535    
2.739588    4.233899    0.394563    0.512304    
2.453938    3.218464    3.820001    0.487442    0.403150    0.256473    
2.414838    2.815821    2.468734    5.530874    0.545650    0.456383    0.335363    0.305323    
2.347225    2.851707    2.591476    6.008461    4.617956    0.553074    0.452834    0.349113    0.292099    1.506584    
2.288318    2.941878    2.627566    6.163066    5.680745    1.174570    0.556295    0.459334    0.382363    0.409554    1.144811    0.414071    
2.279849    2.935156    2.625951    6.128674    5.642094    1.204222    2.981474    0.556791    0.460431    0.380915    0.407270    1.155699    0.405705    1.560096    
2.225962    2.906714    2.646992    5.898063    5.909796    0.932066    4.054611    1.923364    0.557692    0.465185    0.386796    0.383906    0.917268    0.725035    1.476783    0.151690    
2.053242    2.788211    2.691099    6.283185    4.277353    1.100426    3.461397    3.847304    2.783885    0.551644    0.447459    0.415960    0.267072    0.603693    0.997885    1.378156    0.214190    1.401062    
2.018001    2.804314    2.699163    6.283185    4.180862    1.382839    3.439067    4.187186    1.481969    2.838622    0.556640    0.448491    0.419287    0.245152    0.557765    1.026721    1.369861    0.283374    1.369344    1.486267    
