 8    -4.705857    3.917793    0.187597
-1.789561  -0.620432  -1.171035  0.148565  0.893654  -1.575155  -0.288518  -0.152455  -0.774642  -0.676979  1.407445  0.790398  -1.298069  -1.898607  -0.394314  -0.811435  0.276450  0.234359  -0.670887  0.533213  -0.724677  0.912850  0.602760  -1.331720  -1.004301  -0.549175  -1.811160  -1.036142  
-0.297742  -0.242945  -0.213150  -0.226078  -0.199359  0.662962  -0.179238  -0.180703  
 1    -1.683417    0.171878      0.350483
 2    -3.777880    0.664445      0.107608
 3    -4.347929    0.783914      0.041505
 4    -4.605311    0.902138      0.011659
 5    -4.665600    0.939844      0.004668
 6    -4.691779    0.980875      0.001632
 7    -4.496116    0.914685      0.024322
 8    -4.508426    0.923601      0.022894
 9    -4.517617    0.900125      0.021828
10    -4.704225    0.999301      0.000189
3.216859    0.695389    
3.280534    4.534169    0.651957    0.420337    
2.764787    3.213312    4.380457    0.619936    0.508872    0.292690    
2.297113    3.106350    2.814452    4.229072    0.638759    0.498856    0.373194    0.253055    
1.568892    2.720011    2.787030    2.860870    3.942793    0.634812    0.497751    0.434206    0.318055    0.207064    
1.453717    2.603565    2.528297    2.548853    2.787734    3.639612    0.647397    0.490890    0.408543    0.343285    0.240403    0.148555    
2.436147    3.225019    3.454679    6.278303    5.089928    1.980641    5.429936    0.620950    0.512819    0.351177    1.570796    1.354333    0.031736    1.502740    
2.487499    3.255070    3.472486    6.034020    5.370799    4.801224    1.672067    6.283185    0.628808    0.517867    0.353711    1.570796    1.371681    0.088933    1.538853    0.094049    
2.445525    3.289671    3.584833    6.131836    5.595550    3.823152    3.114162    6.113428    5.959023    0.629577    0.529896    0.353268    1.570796    1.369180    0.086399    1.542022    0.005838    1.490302    
1.279970    2.249816    2.276814    2.382371    2.535522    2.852628    3.150666    4.581823    6.283185    6.052381    0.625976    0.459129    0.408875    0.360366    0.305176    0.225788    0.160933    0.037137    1.519091    1.545193    
