 8    -4.003053    3.556975    0.256872
0.108446  0.858697  -0.303699  -1.112064  2.308893  -1.048867  0.947621  0.883204  0.070424  0.041427  -0.289262  -0.204524  -0.044850  -0.477368  -1.277278  -0.027820  0.445678  0.686520  0.828148  0.253911  1.334424  -0.953863  -1.115720  -0.769460  0.716565  0.511641  -1.385294  -0.167641  
0.216742  -0.121219  0.846464  -0.153975  0.215419  -0.206087  0.180316  -0.304548  
 1    -2.026520    0.313054      0.261445
 2    -3.098905    0.659183      0.119596
 3    -3.550135    0.795303      0.059910
 4    -3.843106    0.898808      0.021157
 5    -3.931971    0.961925      0.009402
 6    -3.978099    0.983772      0.003301
 7    -3.990915    0.991002      0.001606
 8    -3.997887    0.997105      0.000683
 9    -4.001273    0.998953      0.000235
10    -4.002147    0.999447      0.000120
5.917376    0.687388    
3.062784    4.014533    0.551714    0.434567    
2.616761    3.071003    3.777659    0.567863    0.428838    0.260847    
2.316320    3.031069    2.732570    4.127890    0.607684    0.482808    0.308658    0.243745    
1.911282    2.633930    2.566006    2.938776    3.285910    0.587915    0.448841    0.381792    0.221045    0.185508    
1.417226    2.604546    2.552385    2.605225    2.915679    3.301016    0.630866    0.477409    0.396255    0.324608    0.195391    0.138207    
1.331677    2.305239    2.342126    2.455420    2.597737    3.102497    3.138508    0.619811    0.450763    0.392333    0.334790    0.264081    0.160299    0.085810    
1.309686    2.326861    2.371131    2.477588    2.639861    3.078355    3.073666    4.100517    0.619297    0.456510    0.400802    0.344626    0.268196    0.209722    0.098192    0.055245    
1.222559    2.113947    2.173466    2.252671    2.375792    2.662167    2.843653    3.172323    3.600878    0.605085    0.433392    0.383853    0.333891    0.288010    0.215316    0.174652    0.071899    0.054206    
1.003645    1.848508    2.095174    2.169790    2.264550    2.433035    2.683964    2.897870    3.336261    3.512443    0.585199    0.440078    0.393413    0.343908    0.306153    0.251014    0.197049    0.146810    0.068129    0.042785    
