 8    -4.996536    5.434156    0.931892
0.659883  0.275174  0.023310  -0.031400  -0.488760  1.769949  -1.057899  0.536744  0.252211  -0.359362  -1.231819  -1.621168  -1.835555  -0.398626  -1.042137  -1.006256  -0.611754  -0.682057  2.505280  1.717893  -0.361545  -1.074668  0.387961  -0.375003  1.636920  -0.270384  0.058092  1.352443  
-0.317612  0.215736  0.174631  -0.326433  0.310321  0.227315  0.243805  -0.343578  
 1    -1.310604    0.129916      0.353374
 2    -4.080789    0.745635      0.087793
 3    -4.786288    0.938257      0.020157
 4    -4.931642    0.974727      0.006221
 5    -4.965561    0.986247      0.002970
 6    -4.988583    0.997764      0.000762
 7    -4.989011    0.997579      0.000721
 8    -4.991765    0.997431      0.000457
 9    -4.994739    0.999393      0.000172
10    -4.995070    0.999640      0.000141
2.775612    0.292128    
4.129503    5.298819    0.794113    0.429311    
3.511410    3.676722    4.238594    0.697153    0.518495    0.298382    
2.485581    3.379704    3.344103    3.790911    0.633613    0.540256    0.389892    0.206723    
1.682200    3.375893    3.084720    3.315402    3.836640    0.692202    0.548723    0.460339    0.348313    0.160937    
1.621420    3.139404    3.067396    3.249084    3.672278    4.690760    0.667677    0.537731    0.474320    0.374863    0.251484    0.081563    
1.604588    3.113347    3.052079    3.214435    3.641678    4.456415    6.283185    0.665838    0.535739    0.472337    0.372221    0.244014    0.063934    1.557448    
1.413823    2.761102    2.719715    2.735467    3.014302    3.571778    6.282482    3.363531    0.658302    0.502831    0.439503    0.374163    0.284620    0.151077    1.570796    1.533716    
1.447540    0.000000    2.768595    2.716699    2.789320    3.096699    3.512347    4.408185    4.935281    1.114187    1.114179    0.502818    0.444661    0.389066    0.313508    0.208651    0.095222    0.010651    
1.463913    2.798142    2.758952    2.827227    3.166943    3.608297    4.619278    6.182364    5.491697    2.578144    0.654868    0.506108    0.447022    0.387987    0.307875    0.200693    0.086768    0.000000    1.561043    1.570013    
