 8    -4.062286    4.630526    0.456510
0.993539  -0.758112  -0.351157  0.938245  -1.000467  -1.201973  2.034609  0.008307  0.258243  0.446007  -0.069812  -0.033584  -0.685347  1.140189  -1.653406  0.232497  -0.203918  -1.100841  1.758511  -0.430515  1.327838  0.925540  0.184446  1.811597  2.076887  -0.405200  0.515850  -1.207827  
0.215671  -0.136226  -0.877500  0.184185  -0.203132  0.208894  0.089607  -0.310637  
 1    -1.269280    0.142755      0.321301
 2    -3.206683    0.589620      0.098426
 3    -3.578072    0.721252      0.055703
 4    -3.836098    0.832546      0.026020
 5    -3.966862    0.889971      0.010977
 6    -4.010157    0.913555      0.005997
 7    -4.026768    0.960201      0.004086
 8    -4.045990    0.980085      0.001875
 9    -4.054357    0.990807      0.000912
10    -4.058774    0.997011      0.000404
2.937823    0.409944    
3.219675    3.296044    0.496361    0.395788    
2.356846    3.072309    2.826037    0.508565    0.380806    0.226381    
2.316797    3.007491    2.927476    3.646784    0.615445    0.479261    0.263929    0.212756    
2.031822    2.584361    2.548863    3.204953    2.895896    0.582205    0.451355    0.353052    0.204932    0.162457    
1.379012    2.526430    2.511905    2.627366    3.026217    3.113781    0.605802    0.464174    0.390464    0.305980    0.180382    0.122783    
1.335764    2.548553    2.498335    2.589480    3.163414    2.692495    6.283185    0.593647    0.463959    0.394687    0.293207    0.192714    0.170093    0.072482    
1.315349    2.406684    2.439206    2.586470    2.838787    3.162348    3.283569    3.798585    0.614492    0.455657    0.396582    0.332814    0.243892    0.215314    0.073124    0.083334    
1.241933    2.214205    2.280483    2.412816    2.595479    3.035498    2.989453    3.780833    3.121097    0.610637    0.436637    0.385974    0.334772    0.268812    0.214892    0.161989    0.071617    0.069405    
1.211473    2.201394    2.275013    2.372844    2.548340    2.901184    2.992571    3.504014    3.228167    3.802288    0.607674    0.443092    0.390640    0.336405    0.277707    0.229983    0.164973    0.128654    0.063641    0.050587    
