 8    -4.843151    5.105283    0.043723
1.106323  0.363394  -0.936566  0.047962  0.263298  -0.084500  -0.391316  0.255723  0.376680  -0.973780  0.143114  -1.327974  2.457710  1.226160  -0.086657  -0.573588  -0.182010  -2.922650  1.607104  -0.050218  -0.684451  0.899178  -1.532244  0.367452  -1.576856  -0.121400  -0.714569  -1.170924  
0.983594  0.104466  -0.188561  0.224515  -0.216002  -0.170537  0.034596  -0.438712  
 1    -1.270814    0.111248      0.359085
 2    -3.786313    0.441580      0.106232
 3    -4.333093    0.509900      0.051270
 4    -4.543598    0.626962      0.030111
 5    -4.596332    0.661999      0.024810
 6    -4.636948    0.712226      0.020727
 7    -4.678959    0.767545      0.016504
 8    -4.717888    0.833604      0.012591
 9    -4.756815    0.905323      0.008678
10    -4.772933    0.918922      0.007058
2.479523    0.482329    
3.228232    4.352558    0.608582    0.411364    
2.767078    3.332808    4.773448    0.591566    0.505780    0.265327    
2.311348    3.046560    2.813481    4.480435    0.588722    0.462736    0.339295    0.231260    
1.527939    2.831730    2.886426    2.986052    4.249456    0.618063    0.479412    0.404892    0.295889    0.183007    
1.737353    2.806308    2.840057    3.125812    3.509352    5.478882    0.599611    0.470141    0.401367    0.281248    0.230980    0.091112    
1.553133    2.772281    2.741130    2.883590    3.309062    3.567724    5.725017    0.629171    0.473381    0.400506    0.321823    0.230650    0.184862    0.102999    
1.649969    2.929137    2.906591    3.087752    3.539253    3.714419    4.639508    6.283185    0.611485    0.481362    0.406947    0.298969    0.236343    0.136656    0.166675    0.090119    
1.714878    2.897846    2.932816    3.224007    3.653433    4.726747    3.585244    6.283185    6.283185    0.604695    0.473913    0.399020    0.259050    0.206930    0.072374    0.124298    0.157693    0.089118    
1.683109    2.799781    2.855013    3.100373    3.537925    4.980400    3.186957    6.283185    6.283185    6.283185    0.598114    0.471475    0.405332    0.268617    0.215495    0.062181    0.071242    0.131331    0.140449    0.064258    
