 8    -3.761463    3.999432    0.193942
-0.894779  0.121654  -0.763285  -0.481901  1.059032  0.356689  -0.392180  1.515508  -0.183340  -0.140353  -1.015118  -1.061475  -0.607602  1.142866  0.181214  0.037874  0.814313  -0.188506  0.959805  -0.357926  -1.180893  -0.575264  -0.207069  -0.544600  1.494800  -0.153919  -1.374320  0.848533  
0.926726  0.142371  -0.192224  0.214617  -0.182907  0.219068  0.180616  0.288736  
 1    -1.269864    0.087870      0.321045
 2    -2.900374    0.632125      0.110952
 3    -3.411408    0.720125      0.045105
 4    -3.428378    0.733032      0.042918
 5    -3.530247    0.920720      0.029792
 6    -3.749576    0.988756      0.001532
 7    -3.755815    0.997045      0.000728
 8    -3.583972    0.933210      0.022870
 9    -3.592614    0.946600      0.021756
10    -3.595637    0.949275      0.021367
3.901102    0.856541    
3.207353    4.566481    0.608285    0.415114    
2.802972    3.388926    5.008775    0.622383    0.518540    0.308669    
2.791405    3.446900    5.322918    6.283185    0.624057    0.541171    0.292587    1.522506    
2.491569    3.330475    3.451536    6.278101    5.255403    0.608172    0.491278    0.337189    1.570796    1.392810    
1.469760    2.724967    2.673861    2.711562    2.973020    3.749460    0.640808    0.483664    0.410495    0.345405    0.226604    0.156502    
1.340853    2.406478    2.475190    2.575523    2.746561    3.254668    3.483992    0.621989    0.457994    0.407970    0.355181    0.281469    0.185085    0.088187    
2.378867    3.232197    3.261003    5.600203    5.747709    2.070780    6.283185    5.570998    0.592861    0.476491    0.361419    1.570796    1.322995    1.494241    1.526271    0.083245    
2.352727    3.189794    3.297004    6.256248    5.258966    1.453710    6.283185    4.626338    4.952506    0.587063    0.476380    0.371630    1.570796    1.314270    1.520133    1.540490    0.115772    0.070396    
2.340996    3.176399    3.289666    6.172061    5.360027    1.628625    6.283185    4.554621    3.980989    4.056295    0.587238    0.474449    0.379049    1.570796    1.302408    1.517991    1.543471    0.156627    0.088530    0.064463    
