 8    -3.932409    4.615631    0.138874
1.852027  1.201873  -0.549276  0.219038  -0.016983  0.671893  0.333167  -1.771524  1.975094  0.418604  -0.558470  0.925971  -0.505698  -0.325270  -1.075545  0.446122  -0.836724  0.162329  0.281473  0.505949  -0.553527  -0.866120  0.327513  1.036986  0.348084  -1.708354  1.127971  -0.092168  
-0.311027  0.283641  0.268807  -0.210091  0.242337  -0.282102  -0.372055  0.093587  
 1    -1.072466    0.092925      0.334573
 2    -3.300639    0.631785      0.073908
 3    -3.742139    0.779809      0.022259
 4    -3.849737    0.838698      0.009671
 5    -3.882961    0.884467      0.005785
 6    -3.908110    0.956274      0.002843
 7    -3.921132    0.988381      0.001319
 8    -3.929042    0.998100      0.000394
 9    -3.931267    0.999534      0.000134
10    -3.931817    0.999726      0.000069
1.988869    0.365169    
4.444847    5.585747    0.804007    0.430680    
3.435450    3.299349    4.480387    0.629606    0.524888    0.325939    
2.358386    3.559517    3.327624    3.957538    0.638229    0.544217    0.387398    0.214914    
2.108987    3.390847    3.121156    3.465532    4.407089    0.657248    0.533530    0.418324    0.335882    0.137464    
1.916890    3.520876    3.187559    3.533693    4.237677    5.492669    0.674625    0.541356    0.435322    0.353125    0.235665    0.107466    
1.880319    3.383754    3.123762    3.490034    4.124108    4.993252    5.108432    0.659428    0.533410    0.438062    0.360925    0.252450    0.178992    0.078016    
1.675523    3.149871    3.012341    3.280265    3.746784    4.442289    4.691546    5.275626    0.670629    0.512639    0.455102    0.375638    0.285862    0.193699    0.158495    0.066359    
1.479078    2.757415    2.863360    3.019289    3.430854    3.966862    4.460194    4.560024    5.073666    0.645785    0.497800    0.452898    0.394764    0.321959    0.232271    0.174461    0.126697    0.053878    
1.381735    2.566107    2.699727    2.776642    3.034426    3.276242    3.596277    3.917257    4.152240    4.794366    0.633279    0.484080    0.435235    0.384256    0.315440    0.233827    0.176273    0.145177    0.107792    0.048020    
