 8    -4.832214    4.064249    0.604030
-0.470129  0.670906  -0.822153  0.503401  -0.184276  0.514476  -0.472338  -0.433457  0.480020  -0.085906  -1.356367  -0.635875  -1.624491  0.912932  0.715495  -1.484308  -1.404396  0.367661  0.657626  -0.521781  1.926133  1.801852  0.194682  -0.105917  -0.523406  1.297764  1.918718  -1.313695  
0.241878  -0.166152  -0.165872  0.176444  -0.933082  0.151661  -0.195511  -0.244617  
 1    -1.516885    0.142765      0.372657
 2    -3.997797    0.687019      0.093792
 3    -4.319063    0.840896      0.057680
 4    -4.640396    0.883679      0.021561
 5    -4.762731    0.972016      0.007810
 6    -4.809640    0.989281      0.002537
 7    -4.825871    0.996403      0.000713
 8    -4.829084    0.997904      0.000352
 9    -4.831485    0.999774      0.000082
10    -4.831918    0.999909      0.000033
3.925712    0.327498    
2.823950    3.416061    0.447677    0.449472    
2.253596    2.884383    2.819192    0.477587    0.380663    0.227024    
2.300763    2.679320    2.364533    4.340207    0.584443    0.466309    0.290704    0.267915    
1.927955    2.407423    2.365583    2.906627    2.827041    0.579414    0.444073    0.354684    0.193192    0.199098    
1.302244    2.336631    2.337036    2.445278    2.789276    2.921578    0.590814    0.459648    0.386204    0.302452    0.183686    0.142290    
1.228512    2.116861    2.170679    2.310001    2.411815    2.937957    2.804960    0.613603    0.434273    0.380837    0.328655    0.259901    0.148707    0.100029    
1.147430    1.874460    1.991848    2.083805    2.203255    2.383224    2.844532    2.675145    0.589180    0.414637    0.366890    0.314637    0.281362    0.197452    0.124369    0.069965    
1.133524    1.943162    2.021561    2.090593    2.195897    2.455003    2.697144    2.784342    3.463597    0.599353    0.422104    0.370485    0.321051    0.283736    0.204656    0.172933    0.068507    0.049862    
0.890771    1.648954    1.937757    2.028684    2.135247    2.285138    2.559476    2.756708    2.963785    3.441776    0.568184    0.433770    0.384122    0.336781    0.302669    0.252499    0.188956    0.150239    0.057462    0.043610    
