 8    -5.819143    5.661247    0.604668
0.120886  0.610718  -0.940969  -1.296675  -0.444179  -1.381420  0.602617  -0.815498  1.472935  -0.054761  0.049716  -1.540904  -1.109380  -1.381756  3.932359  -0.255963  1.355360  -0.172457  -0.880102  0.905413  0.530236  0.473998  -0.589417  -0.877020  0.452247  -2.293872  0.450996  -0.950069  
0.260510  0.160094  -0.336950  -0.211153  0.310139  0.240106  0.326318  0.084369  
 1    -1.535185    0.103590      0.373154
 2    -4.861710    0.601468      0.083397
 3    -5.502265    0.773355      0.027602
 4    -5.655306    0.833415      0.014271
 5    -5.727051    0.907265      0.008022
 6    -5.763046    0.928978      0.004886
 7    -5.786070    0.978652      0.002881
 8    -5.804886    0.990572      0.001242
 9    -5.812182    0.996177      0.000606
10    -5.816254    0.999132      0.000252
2.572881    0.346937    
4.737528    5.712285    0.765953    0.411493    
3.833529    4.161364    4.673487    0.671787    0.499945    0.269674    
2.948846    3.798904    3.816095    4.373010    0.628290    0.507423    0.367498    0.173641    
2.935597    3.731748    3.712688    4.268089    5.617015    0.626437    0.506046    0.383153    0.264624    0.096250    
2.017039    3.503718    3.438336    3.728928    4.408882    5.540271    0.624770    0.510632    0.431420    0.337309    0.223615    0.090924    
2.357454    3.603469    3.523039    3.919872    4.588542    5.681970    6.283185    0.622841    0.510260    0.422718    0.330968    0.223524    0.149306    0.060553    
1.833368    3.273166    3.298373    3.517664    4.073443    4.738409    5.256081    6.000106    0.617000    0.496979    0.435515    0.361511    0.279663    0.188395    0.136844    0.064005    
1.617456    3.168278    3.127235    3.247112    3.695519    4.251365    4.799027    5.186229    5.469032    0.637348    0.495888    0.428057    0.372192    0.302892    0.222786    0.168763    0.114964    0.052751    
1.601689    3.033413    3.093031    3.175582    3.572423    4.053838    4.648154    4.921079    5.529747    6.009120    0.635820    0.489794    0.428803    0.374608    0.310837    0.236210    0.180337    0.135247    0.090220    0.028235    
