 6    -2.511562    2.897824    0.187358
0.993539  -0.758112  -0.351157  0.938245  -1.000467  -1.201973  2.034609  0.008307  0.258243  0.446007  -0.069812  -0.033584  -0.685347  1.140189  -1.653406  
0.148037  -0.303113  -0.258909  0.249338  -0.235721  -0.361146  
 1    -1.177061    0.293417      0.246701
 2    -2.309123    0.843538      0.037424
 3    -2.464127    0.935852      0.008769
 4    -2.488817    0.960532      0.004205
 5    -2.503633    0.991940      0.001466
 6    -2.510826    0.999530      0.000136
 7    -2.511477    0.999957      0.000016
 8    -2.511501    0.999974      0.000011
 9    -2.511503    0.999974      0.000011
10    -2.511510    0.999976      0.000010
3.562397    0.327652    
4.984243    5.731523    0.742468    0.390871    
3.121056    4.448473    5.207469    0.640642    0.540456    0.265714    
2.485795    3.699475    3.675577    4.470432    0.598737    0.475894    0.344408    0.167680    
2.561854    3.761832    3.444132    3.978299    5.582063    0.626849    0.471030    0.339154    0.273715    0.106650    
1.833533    3.581016    3.604064    3.565971    4.467029    5.841356    0.631289    0.508069    0.392790    0.297487    0.220988    0.092260    
1.461190    2.910347    3.323749    3.438164    3.893798    4.734047    5.677932    0.616130    0.484303    0.425165    0.343539    0.267048    0.174934    0.069229    
1.423488    2.909699    3.388666    3.472784    3.825990    4.662622    5.563289    6.154933    0.621634    0.497981    0.437366    0.350076    0.278754    0.190940    0.089414    0.015131    
1.422190    2.893305    3.363709    3.449752    3.814901    4.648164    5.498847    5.720087    2.869644    0.619995    0.495300    0.434973    0.349804    0.279664    0.191311    0.089571    0.015258    0.001564    
1.405206    2.857751    3.311289    3.414725    3.769519    4.541531    5.285076    5.593687    5.786446    5.869847    0.620016    0.494074    0.433676    0.354478    0.286262    0.198505    0.098858    0.025067    0.000108    1.568739    
