 6    -3.187935    2.485536    0.547875
0.284659  -1.315573  -0.206194  -1.485032  -0.567317  1.520115  0.523557  0.024520  -1.685001  -0.604265  -0.469087  0.473629  0.909703  0.246694  0.447508  
0.266295  -0.254691  0.340346  0.131759  0.184851  -0.331722  
 1    -1.436106    0.353692      0.308776
 2    -2.836267    0.848714      0.061985
 3    -3.107506    0.958920      0.014176
 4    -3.155026    0.979532      0.005800
 5    -3.175308    0.992361      0.002226
 6    -3.185962    0.998748      0.000348
 7    -3.186837    0.999143      0.000194
 8    -3.187510    0.999800      0.000075
 9    -3.187535    0.999839      0.000071
10    -3.187831    0.999948      0.000018
4.991370    0.357078    
5.147130    6.122353    0.720716    0.374545    
3.758220    4.721216    5.232504    0.633364    0.480855    0.247777    
2.510820    4.350254    4.391621    4.876331    0.616389    0.501729    0.366109    0.166938    
2.254247    4.006835    4.069039    4.368605    5.100226    0.633780    0.488423    0.398961    0.267588    0.097742    
1.983958    3.683693    3.761952    3.812941    4.552685    5.813216    0.628154    0.479237    0.395384    0.306069    0.206502    0.070731    
1.621953    3.233949    3.731431    3.750246    4.015432    4.947656    5.920956    0.641329    0.506964    0.434218    0.349759    0.279919    0.175264    0.054126    
1.566051    3.118069    3.670231    3.786777    4.047533    4.816041    5.707918    6.283185    0.624964    0.501014    0.440168    0.364234    0.296787    0.212114    0.105572    0.028054    
1.544808    3.098497    3.680349    3.805427    4.064310    4.842996    5.761318    6.250539    4.411951    0.621937    0.500996    0.442186    0.365887    0.297448    0.214303    0.109988    0.031623    0.002603    
1.345312    2.831753    3.440437    3.749584    3.838785    4.270649    5.006505    5.600968    3.903113    3.531908    0.654168    0.530181    0.470713    0.403883    0.343673    0.288440    0.199339    0.095572    0.017092    0.018987    
