 6    -3.177615    4.321667    0.009157
0.120886  0.610718  -0.940969  -1.296675  -0.444179  -1.381420  0.602617  -0.815498  1.472935  -0.054761  0.049716  -1.540904  -1.109380  -1.381756  3.932359  
-0.024402  0.537912  0.043859  -0.055213  0.345983  -0.415849  
 1    -2.384488    0.067057      0.105760
 2    -2.618653    0.046211      0.074535
 3    -2.706000    0.019732      0.062888
 4    -2.855184    0.001646      0.042995
 5    -2.960752    0.000070      0.028918
 6    -2.991912    0.000112      0.024763
 7    -3.004534    0.000017      0.023080
 8    -3.025091    0.000058      0.020338
 9    -3.052014    0.000566      0.016748
10    -3.078927    0.000243      0.013160
4.457663    0.493517    
3.627128    5.113128    0.573879    0.248752    
3.138029    4.812598    5.840372    0.602155    0.406081    0.162912    
3.755657    5.590552    6.283185    6.283185    0.643971    0.438522    0.302001    0.201634    
3.277637    5.051914    6.283185    6.283185    5.476838    0.591471    0.366058    0.233956    0.258182    0.154972    
2.743544    4.740701    5.419238    6.283185    5.806930    6.066507    0.622209    0.407024    0.233868    0.196901    0.224719    0.116368    
2.592915    4.637893    5.392290    6.283185    6.091917    6.283185    6.206476    0.637471    0.459308    0.314093    0.218830    0.168088    0.152032    0.080635    
3.322412    5.343211    6.099879    6.283185    5.624524    6.283185    6.283185    6.283185    0.639573    0.450624    0.345656    0.298522    0.102352    0.044187    0.147392    0.098771    
3.101005    5.130694    6.283185    6.283185    5.482890    6.093362    6.104987    6.094477    6.283185    0.619598    0.408506    0.305223    0.325553    0.227732    0.000000    0.000000    0.163870    0.112209    
3.436138    5.336452    6.283185    6.283185    5.687193    6.283185    6.283185    6.283185    6.283185    6.243323    0.637979    0.402052    0.276294    0.283535    0.236743    0.139786    0.008565    0.010857    0.144695    0.122621    
