 6    -3.356745    2.038275    0.363140
0.865590  -0.505806  0.978056  0.089766  -0.313105  -0.997138  -0.062213  -0.719255  0.387988  0.285235  -2.107092  1.542011  -0.122495  -0.217374  1.046019  
0.187383  -0.215529  -0.182678  -0.721519  -0.177104  0.230830  
 1    -1.938352    0.235750      0.262908
 2    -2.923788    0.806554      0.080251
 3    -3.133048    0.846166      0.041464
 4    -3.302819    0.959476      0.009996
 5    -3.340238    0.988681      0.003060
 6    -3.352851    0.997740      0.000722
 7    -3.356060    0.999736      0.000127
 8    -3.356634    0.999956      0.000021
 9    -3.356644    0.999960      0.000019
10    -3.356666    0.999967      0.000015
6.050809    0.909207    
3.204087    3.549698    0.492156    0.405475    
2.675068    3.313762    4.402586    0.559442    0.446356    0.211142    
2.305458    3.095596    3.083866    4.314748    0.595173    0.467367    0.289172    0.213659    
1.595441    2.723359    2.946564    3.333571    3.742936    0.585356    0.458670    0.386012    0.237951    0.144333    
1.376279    2.657732    2.757213    2.960382    3.432091    3.850938    0.629252    0.452441    0.388691    0.313906    0.177805    0.096012    
1.360212    2.595470    2.769508    3.010969    3.368391    3.741466    4.381950    0.616278    0.467520    0.398628    0.321310    0.231739    0.122858    0.051751    
1.083295    2.244121    2.658159    2.888179    3.166303    3.649621    3.913145    4.573804    0.609259    0.478142    0.416001    0.357881    0.275016    0.188831    0.090491    0.034767    
1.059110    2.215085    2.638790    2.862832    3.129165    3.580827    3.827801    4.305912    3.045068    0.609093    0.480156    0.417251    0.359883    0.280818    0.194469    0.102170    0.037196    0.008111    
1.085699    2.202377    2.574841    2.790518    3.040868    3.481091    3.709117    4.583652    4.053701    2.936651    0.606643    0.470576    0.407077    0.350434    0.275991    0.180979    0.104396    0.019268    0.010733    1.554419    
