 6    -1.658567    2.179200    0.097930
-0.659308  -0.719588  -0.144427  -0.408353  0.227388  0.597708  -0.412917  -0.404949  0.066307  0.000811  -0.183957  1.244675  0.437136  -1.128792  -0.263570  
0.275387  0.015630  0.318035  -0.203420  0.055328  -0.596047  
 1    -0.691336    0.152842      0.252030
 2    -1.427403    0.433677      0.060234
 3    -1.512489    0.516223      0.038063
 4    -1.556419    0.580606      0.026617
 5    -1.595904    0.652561      0.016328
 6    -1.621544    0.702340      0.009647
 7    -1.629167    0.718551      0.007661
 8    -1.631477    0.729627      0.007059
 9    -1.632437    0.740199      0.006809
10    -1.636521    0.835074      0.005744
5.546919    0.270556    
5.203610    5.742343    0.606308    0.303438    
3.883472    5.226551    6.069922    0.593991    0.427514    0.194385    
3.611499    5.050287    5.809800    6.283185    0.613253    0.455294    0.294910    0.120721    
3.532895    4.970741    5.644951    6.283185    6.283185    0.597206    0.459877    0.314571    0.190709    0.100138    
3.206957    4.918010    5.589152    6.283185    6.283185    6.283185    0.609909    0.465701    0.342885    0.214354    0.154372    0.081595    
2.452324    4.537192    5.201147    5.989150    6.283185    6.080551    6.283185    0.617149    0.484664    0.389966    0.264508    0.176820    0.125483    0.057781    
2.122401    4.113047    4.902306    5.670262    6.283185    6.283185    6.186477    6.283185    0.628460    0.491802    0.421456    0.312115    0.213603    0.147266    0.092092    0.035830    
1.986168    3.911410    4.728400    5.455457    6.029178    6.283185    6.283185    6.283185    6.283185    0.631993    0.503407    0.437701    0.343348    0.244416    0.171099    0.113875    0.063738    0.023875    
3.469766    4.872859    5.694050    6.283185    6.283185    6.238432    6.283185    6.283185    6.283185    6.283185    0.598487    0.458975    0.356959    0.276146    0.231077    0.142894    0.064570    0.058016    0.092184    0.076865    
