 6    -2.345614    2.716035    0.444503
0.127319  -0.882520  0.047507  0.623834  -1.852717  -1.683985  -0.291250  -0.089777  -0.375991  -0.228138  -0.523171  0.493229  0.219159  -0.422662  0.446305  
0.230127  0.303265  0.377209  0.167314  -0.139662  0.316009  
 1    -0.972923    0.309680      0.271194
 2    -2.096124    0.825168      0.049290
 3    -2.281028    0.951072      0.012760
 4    -2.314006    0.975556      0.006245
 5    -2.334033    0.992674      0.002288
 6    -2.343396    0.998736      0.000438
 7    -2.344946    0.999510      0.000132
 8    -2.345232    0.999747      0.000075
 9    -2.345484    0.999922      0.000026
10    -2.345571    0.999967      0.000008
3.233524    0.507477    
4.848775    5.744018    0.699875    0.373009    
3.498327    4.288657    4.930042    0.602160    0.459085    0.237103    
2.359245    4.041467    4.172130    4.675222    0.594844    0.487662    0.343488    0.154421    
2.210715    3.832985    3.903357    4.401153    5.286538    0.623958    0.480765    0.386268    0.251633    0.087573    
1.914751    3.495572    3.635840    3.766099    4.492228    5.555324    0.630660    0.477774    0.397253    0.305036    0.195746    0.071038    
1.546537    2.969146    3.436188    3.585417    3.887296    4.710984    5.481877    0.622997    0.485340    0.423167    0.348505    0.271096    0.167225    0.057242    
1.402906    2.809813    3.389156    3.576167    3.788287    4.458991    5.222802    5.531644    0.624449    0.497547    0.437236    0.365897    0.296385    0.209440    0.099913    0.023616    
1.253019    2.626406    3.212071    3.547194    3.677417    4.089359    4.789279    5.504207    5.982229    0.643869    0.523858    0.464876    0.399468    0.340139    0.280174    0.189164    0.090001    0.023335    
1.011903    2.316097    2.996367    3.406411    3.614338    3.867873    4.386763    5.002127    5.599457    5.998992    0.635101    0.531563    0.481808    0.427725    0.371861    0.323827    0.259825    0.171521    0.082845    0.023356    
