 6    -2.315298    2.808945    0.600040
0.045279  -0.499267  -1.271602  -0.517983  0.510143  -0.288202  -0.237575  -0.498752  -0.734063  1.241094  0.074512  0.214214  0.209978  -1.570645  -0.863728  
0.224096  0.182668  -0.132366  0.221723  0.507224  0.214783  
 1    -1.176934    0.347362      0.222153
 2    -1.928394    0.741181      0.075505
 3    -2.151450    0.898079      0.031975
 4    -2.279199    0.980670      0.007045
 5    -2.305242    0.993971      0.001962
 6    -2.311717    0.997650      0.000699
 7    -2.313132    0.998712      0.000423
 8    -2.314385    0.999525      0.000178
 9    -2.315034    0.999838      0.000052
10    -2.315237    0.999941      0.000012
5.828496    0.681188    
4.287608    5.131266    0.604010    0.336021    
3.397853    4.770150    5.401207    0.617966    0.454576    0.229027    
2.899402    4.452441    4.674679    5.349852    0.622130    0.490459    0.337486    0.171899    
2.049443    3.840259    4.184423    4.657603    5.027852    0.597050    0.479697    0.405761    0.258570    0.115083    
1.772420    3.475949    3.724035    3.878449    4.402808    4.964355    0.614817    0.461060    0.392003    0.303262    0.196443    0.078593    
1.731593    3.436496    3.777241    4.008439    4.468911    5.096848    6.241290    0.612999    0.477827    0.409816    0.322113    0.231828    0.114890    0.032125    
1.350832    2.945913    3.597486    3.873511    4.155250    4.753918    5.406386    6.217468    0.619068    0.494961    0.434701    0.368946    0.290320    0.203421    0.096578    0.033296    
1.214718    2.675150    3.336153    3.774764    3.936955    4.258020    4.923894    5.481121    6.087694    0.644970    0.528061    0.467991    0.405850    0.347389    0.283360    0.199689    0.098185    0.031526    
1.086318    2.466271    3.144379    3.604941    3.830173    4.073492    4.554280    5.137905    5.558728    5.923615    0.642244    0.532725    0.479332    0.424603    0.370601    0.323628    0.258210    0.171724    0.081125    0.025399    
