 6    -3.194714    2.862646    0.235454
-1.105140  -1.607770  -1.264305  -0.061869  -0.944557  -1.679209  -0.822992  -0.049193  -0.700455  0.428230  -1.542561  0.340174  1.443574  -0.181025  0.498420  
0.338262  0.235258  0.285784  0.213808  -0.161087  0.320998  
 1    -1.831983    0.478605      0.224971
 2    -2.987154    0.881421      0.034266
 3    -3.149443    0.972043      0.007474
 4    -3.182132    0.989992      0.002077
 5    -3.192489    0.996668      0.000367
 6    -3.194146    0.999631      0.000094
 7    -3.194146    0.999628      0.000094
 8    -3.194157    0.999655      0.000092
 9    -3.194227    0.999748      0.000080
10    -3.194231    0.999744      0.000080
4.689548    0.533267    
5.282270    6.130582    0.742361    0.383890    
3.358015    4.108227    5.300885    0.574018    0.506661    0.272420    
2.393276    3.943942    3.696959    4.578205    0.583903    0.479472    0.340932    0.185752    
1.883463    3.604803    3.521131    3.712701    4.708218    0.622366    0.473573    0.388627    0.286377    0.132434    
1.841972    3.484367    3.534696    3.613161    4.419393    5.745612    0.620181    0.475232    0.395405    0.302880    0.195072    0.052687    
1.842423    3.484623    3.533105    3.613343    4.419627    5.741436    4.496034    0.620204    0.475037    0.395315    0.302853    0.195050    0.052788    0.000227    
1.835590    3.474178    3.527454    3.614739    4.432394    5.766514    5.911047    3.843006    0.619771    0.473292    0.395272    0.300233    0.187127    0.036773    1.562228    1.567628    
1.856499    3.466905    3.502905    3.595036    4.521427    5.724167    6.158869    3.601616    5.742075    0.620942    0.471657    0.391815    0.301246    0.182967    0.007982    1.534532    1.545496    1.554004    
1.848960    3.466812    3.509022    3.581812    4.477433    5.742569    5.998080    3.833134    5.464301    5.843879    0.622102    0.472511    0.392294    0.300231    0.182160    0.007595    1.533052    1.550467    1.562146    0.003989    
