 6    -3.894453    4.935254    0.764402
-1.347907  0.938718  1.021825  0.788287  -2.600565  0.373243  -1.052956  0.132503  0.415469  -0.735163  2.955965  1.631560  -0.638114  -1.002116  -0.091526  
-0.290661  -0.192533  0.296645  -0.129177  -0.409742  -0.198341  
 1    -1.642089    0.321172      0.255089
 2    -3.475657    0.852241      0.047430
 3    -3.783378    0.957639      0.012580
 4    -3.847908    0.980064      0.005271
 5    -3.875192    0.992095      0.002181
 6    -3.891299    0.998860      0.000357
 7    -3.893346    0.999493      0.000125
 8    -3.893913    0.999786      0.000061
 9    -3.894260    0.999916      0.000022
10    -3.894382    0.999968      0.000008
4.739137    0.340980    
5.019043    6.012964    0.698463    0.376593    
3.563927    4.494852    5.157999    0.598448    0.474458    0.248030    
2.380532    4.149950    4.178141    4.738378    0.587191    0.484807    0.350144    0.167171    
2.015249    3.909491    3.846294    4.193508    4.970155    0.629773    0.479667    0.386786    0.265641    0.098948    
1.948515    3.697922    3.743441    3.810249    4.673606    6.040390    0.643177    0.481665    0.396910    0.305170    0.198362    0.065676    
1.589216    3.049021    3.511776    3.661778    4.014580    4.907911    5.817046    0.614851    0.479597    0.421241    0.349336    0.272081    0.167838    0.058814    
1.514439    2.956048    3.509839    3.697518    3.975283    4.734045    5.619711    6.009433    0.617567    0.486443    0.433877    0.364717    0.293102    0.205109    0.100261    0.023310    
1.221721    2.657221    3.252422    3.601143    3.785177    4.201624    4.889473    5.662902    6.283185    0.633127    0.518591    0.458551    0.401207    0.344916    0.282902    0.195213    0.097511    0.025630    
1.251492    2.730948    3.317031    3.628134    3.786825    4.102849    4.656781    5.252276    5.862700    6.197179    0.649551    0.536883    0.479530    0.419898    0.363967    0.319754    0.255013    0.168606    0.080142    0.021015    
