 6    -3.182031    3.090433    0.291947
-0.944526  -0.876067  0.826348  -0.320301  -1.080067  1.307439  -0.072256  1.633084  1.209046  -0.966583  -1.493422  -0.523997  0.003965  -0.293546  0.062105  
0.157483  -0.183441  0.146266  0.984195  0.122894  0.185512  
 1    -1.601856    0.162440      0.251923
 2    -2.837658    0.743432      0.054902
 3    -2.948762    0.873827      0.037189
 4    -3.128346    0.916273      0.008559
 5    -3.167780    0.980716      0.002272
 6    -3.178933    0.995680      0.000494
 7    -3.181166    0.999267      0.000138
 8    -3.181812    0.999834      0.000035
 9    -3.181968    0.999969      0.000010
10    -3.181984    0.999980      0.000008
3.870160    0.919199    
2.714650    3.602333    0.360973    0.495327    
2.136611    3.379504    3.549772    0.454234    0.412520    0.200461    
2.142500    2.954454    2.884479    4.875764    0.554173    0.454779    0.275499    0.256375    
1.604719    2.691429    2.910887    3.370586    3.710957    0.569950    0.438285    0.353876    0.218056    0.159837    
1.357786    2.615806    2.829541    3.089707    3.534094    3.801776    0.609000    0.433853    0.373388    0.306675    0.151007    0.104994    
1.314546    2.582666    2.813594    3.138311    3.551940    3.599906    4.608852    0.594689    0.450904    0.386804    0.306133    0.220256    0.108483    0.058834    
1.079627    2.289963    2.713130    3.020857    3.337738    3.788366    3.774940    4.833785    0.595136    0.463224    0.401160    0.344435    0.257288    0.173761    0.082836    0.041442    
0.932421    2.073432    2.543512    2.876554    3.173279    3.504799    3.930017    3.898203    4.614531    0.598142    0.475951    0.412745    0.362700    0.303808    0.217005    0.151549    0.060925    0.036703    
0.867899    1.990083    2.510222    2.862396    3.164113    3.496620    3.886991    4.093223    4.236775    5.188318    0.602180    0.482861    0.422213    0.374522    0.318314    0.239057    0.171069    0.084735    0.046866    0.012583    
