 6    -4.326486    3.827013    1.407554
-0.097940  0.250080  -0.162508  -1.448517  0.785906  0.469623  -1.460382  -0.626218  -1.518771  0.467329  -2.420600  -0.078978  1.112255  -0.476275  1.653748  
0.176568  -0.168404  0.512767  -0.188741  0.230401  -0.265560  
 1    -2.268101    0.447650      0.252454
 2    -3.737390    0.823834      0.072251
 3    -4.105415    0.924427      0.027114
 4    -4.253268    0.976745      0.008980
 5    -4.307028    0.993039      0.002386
 6    -4.322743    0.998276      0.000459
 7    -4.325426    0.999696      0.000130
 8    -4.326295    0.999940      0.000023
 9    -4.326302    0.999946      0.000023
10    -4.326312    0.999950      0.000021
5.255412    0.550174    
4.188050    4.971774    0.623493    0.368382    
3.299127    4.050401    4.488618    0.584028    0.433000    0.219981    
2.827022    4.054400    4.160096    4.969517    0.630895    0.483797    0.325304    0.159009    
2.153453    3.411381    3.655374    4.154652    4.670220    0.594163    0.462965    0.389191    0.249264    0.113392    
1.707923    3.249156    3.322731    3.509940    4.113813    4.851520    0.626423    0.459992    0.389503    0.310062    0.194302    0.081137    
1.742094    3.216833    3.384713    3.600044    4.111572    4.844923    5.686047    0.623060    0.470720    0.402695    0.320235    0.228975    0.118541    0.034042    
1.372388    2.658146    3.124281    3.391770    3.758750    4.375538    4.935943    5.547942    0.598053    0.462512    0.413898    0.356950    0.280989    0.191456    0.090181    0.028962    
1.363077    2.661173    3.135876    3.398717    3.760145    4.365009    4.948607    5.492085    5.635893    0.599711    0.466705    0.416872    0.359616    0.286551    0.199314    0.100736    0.036170    0.004380    
1.333253    2.622444    3.115308    3.365315    3.688374    4.214843    4.482598    3.516896    3.569573    5.198462    0.599205    0.468577    0.417807    0.360379    0.290071    0.203402    0.101529    0.034390    0.027133    0.004908    
