 6    -1.726251    2.279925    0.340597
-0.804458  0.320932  -0.025483  0.644324  -0.300797  0.389475  -0.107437  -0.479983  0.595036  -0.464668  0.667281  -0.806116  -1.196070  -0.405960  -0.182377  
-0.335196  -0.248123  0.242939  0.258612  0.208677  0.344130  
 1    -0.500700    0.209312      0.305915
 2    -1.586928    0.920681      0.034777
 3    -1.704473    0.985654      0.005436
 4    -1.722322    0.997048      0.000981
 5    -1.725870    0.999617      0.000095
 6    -1.726078    0.999878      0.000043
 7    -1.726103    0.999901      0.000037
 8    -1.726217    0.999975      0.000009
 9    -1.726115    0.999910      0.000034
10    -1.726117    0.999907      0.000034
2.344899    0.302773    
4.879405    5.820183    0.771885    0.409917    
2.921175    3.977222    5.040541    0.595959    0.554901    0.300367    
2.257990    3.637128    3.099115    4.026361    0.597466    0.479436    0.324679    0.207689    
1.646658    3.192864    3.076628    3.246695    4.122030    0.619422    0.468431    0.391244    0.292932    0.144634    
1.666022    3.186970    3.109620    3.255328    4.075515    5.822012    0.618375    0.472289    0.393083    0.299556    0.182693    0.037261    
1.654799    3.151401    3.095521    3.216268    4.083985    5.843666    6.186855    0.618793    0.469518    0.392742    0.298346    0.170950    0.000000    1.549206    
1.201831    2.576796    3.094388    3.116633    3.377615    4.178266    4.350670    2.793543    0.622351    0.498828    0.436384    0.360909    0.286070    0.178600    0.039132    0.025353    
1.663169    3.162484    3.103857    3.222202    4.108056    6.070925    4.128569    3.978739    5.535337    0.619036    0.470231    0.392495    0.296297    0.163372    0.000000    1.562180    1.570796    0.012668    
1.656386    3.153715    3.082396    3.241192    4.140798    5.937332    4.733622    3.862830    4.340391    3.524525    0.617633    0.466915    0.392906    0.296356    0.161871    0.000000    1.570796    1.570796    0.014998    0.000509    
