 6    -2.766996    2.247877    0.281320
0.054388  0.066855  -0.313268  -0.714383  0.437518  -1.693630  -1.272009  -1.185710  -1.177596  0.719244  -0.728957  1.291943  0.025615  -2.176068  -0.111670  
0.006603  0.489929  0.042548  0.305191  0.072179  0.536266  
 1    -1.399494    0.145781      0.272689
 2    -2.214098    0.289100      0.110252
 3    -2.429782    0.416508      0.067243
 4    -2.556887    0.504005      0.041897
 5    -2.572021    0.522923      0.038879
 6    -2.582147    0.558012      0.036860
 7    -2.604892    0.595976      0.032325
 8    -2.616309    0.617181      0.030048
 9    -2.623503    0.629964      0.028613
10    -2.626174    0.635547      0.028081
3.013670    0.470614    
4.114467    5.205652    0.599565    0.257631    
4.378822    5.414985    6.283185    0.692171    0.385659    0.218314    
3.729693    5.011327    6.283185    6.283185    0.614874    0.405529    0.297358    0.161110    
2.663431    4.394504    5.586589    6.283185    6.217214    0.591174    0.442274    0.315938    0.234592    0.103736    
4.068901    5.189114    6.283185    6.205717    6.283185    6.283185    0.670286    0.451823    0.347290    0.163945    0.084582    0.098436    
3.772507    5.335874    6.283185    5.923206    6.283185    6.283185    5.521909    0.604355    0.463450    0.371739    0.226620    0.027730    0.130782    0.123947    
3.095482    4.863412    6.166981    6.283185    5.937256    6.283185    6.283185    6.283185    0.595230    0.438912    0.357203    0.305969    0.109422    0.043593    0.151709    0.092229    
2.602637    4.434627    5.566961    6.283185    6.212234    6.283185    6.283185    6.283185    6.283185    0.591860    0.451995    0.336043    0.287056    0.205318    0.087897    0.064432    0.125347    0.085168    
2.346812    4.461951    5.474510    6.280729    6.283185    6.283185    6.221560    6.283185    6.283185    6.283185    0.619328    0.489981    0.372635    0.284714    0.195620    0.137997    0.098151    0.074089    0.098504    0.056603    
