 6    -2.304822    2.650056    0.905734
-0.913186  0.596383  0.783402  -0.561723  -0.291456  1.049971  0.974512  -0.630528  -0.053466  1.690651  -0.015440  0.065761  -0.867256  -0.327027  -0.371583  
0.314952  0.242631  -0.275475  0.254395  0.269992  0.234489  
 1    -0.993460    0.239914      0.264661
 2    -2.111486    0.910145      0.039019
 3    -2.273789    0.982506      0.006263
 4    -2.297343    0.994665      0.001509
 5    -2.302536    0.998200      0.000461
 6    -2.304535    0.999836      0.000058
 7    -2.304629    0.999888      0.000039
 8    -2.304629    0.999889      0.000039
 9    -2.304629    0.999889      0.000039
10    -2.304629    0.999888      0.000039
5.803336    0.279033    
4.935611    5.839180    0.767773    0.404044    
3.153371    4.050845    4.973172    0.614052    0.531787    0.282476    
2.459836    3.501014    3.238899    4.055750    0.579133    0.464340    0.323470    0.189726    
1.678367    3.303602    3.131937    3.352386    4.223853    0.618209    0.471578    0.384553    0.291704    0.134975    
1.678942    3.211004    3.210349    3.321540    4.124762    5.696188    0.613377    0.477025    0.394455    0.304116    0.197355    0.053778    
1.659998    3.181684    3.180193    3.307182    4.202135    6.151657    5.966315    0.611064    0.472461    0.392487    0.299509    0.179107    0.013610    1.548466    
1.661231    3.189785    3.181698    3.308641    4.201192    6.283185    5.564206    3.745974    0.612362    0.473056    0.392510    0.299729    0.179214    0.013930    1.547951    1.568798    
1.663006    3.185663    3.184074    3.314597    4.204848    6.167202    5.930387    3.602457    1.678924    0.611448    0.472808    0.392909    0.299616    0.179112    0.014445    1.548819    1.570747    1.570783    
1.658944    3.179524    3.182255    3.306758    4.199973    6.127218    5.937418    4.322587    4.583198    5.865022    0.611145    0.472625    0.392834    0.299764    0.179345    0.012799    1.547092    1.569735    1.570790    0.000278    
