 6    -6.045845    3.560366    2.750045
-0.022632  1.838848  2.505268  0.975403  1.654330  -1.869582  -0.764621  -0.785072  0.028540  -0.021013  -0.984052  -1.679671  -0.721709  0.394450  -1.455288  
0.356484  -0.141895  -0.226853  -0.164559  -0.124399  -0.728200  
 1    -2.222052    0.294446      0.398054
 2    -5.151133    0.822179      0.093139
 3    -5.726757    0.931370      0.033217
 4    -5.944718    0.979791      0.010527
 5    -6.016431    0.994098      0.003062
 6    -6.039496    0.998692      0.000661
 7    -6.043135    0.999526      0.000282
 8    -6.045247    0.999872      0.000062
 9    -6.045283    0.999881      0.000059
10    -6.045303    0.999891      0.000056
4.159422    0.339260    
4.201790    5.044410    0.629606    0.372018    
3.269363    4.166336    4.614136    0.590499    0.445759    0.228717    
2.701358    4.058858    4.167893    4.899004    0.619738    0.484753    0.330933    0.155820    
1.992359    3.512316    3.698407    4.169117    4.761955    0.599894    0.470581    0.393412    0.253026    0.105930    
1.698760    3.274943    3.361387    3.501946    4.092594    4.896829    0.631537    0.461756    0.388908    0.303948    0.191530    0.074766    
1.683116    3.219719    3.409964    3.601059    4.127189    4.907397    5.843947    0.621568    0.471834    0.404631    0.317671    0.221994    0.110264    0.030094    
1.340101    2.641147    3.149110    3.410121    3.743904    4.378735    5.009304    5.686073    0.599874    0.464825    0.418300    0.359458    0.281395    0.191662    0.091833    0.030121    
1.340721    2.616795    3.127906    3.395225    3.725758    4.386723    4.930978    5.727476    6.183312    0.597466    0.460254    0.414974    0.356895    0.275173    0.179690    0.074479    0.015751    1.562770    
1.380241    2.675709    3.140251    3.399453    3.755029    4.423438    5.000447    5.800378    5.507871    5.655658    0.600328    0.459322    0.412575    0.353937    0.272176    0.179704    0.079156    0.026243    1.570796    0.004077    
