 6    -2.934934    3.048118    1.262109
0.779165  0.433715  -0.868448  0.416689  -0.606075  0.537735  -1.068886  0.371192  -1.583441  0.551922  -1.085115  0.775944  0.416375  0.780529  0.033247  
-0.176715  -0.217754  0.169376  -0.850269  0.150230  -0.201975  
 1    -1.605790    0.413620      0.222151
 2    -2.486371    0.817767      0.074972
 3    -2.695339    0.903047      0.040046
 4    -2.864870    0.969156      0.011710
 5    -2.916218    0.990351      0.003128
 6    -2.930691    0.997502      0.000709
 7    -2.934091    0.999645      0.000141
 8    -2.934772    0.999930      0.000027
 9    -2.934879    0.999982      0.000009
10    -2.934887    0.999984      0.000008
5.699572    0.724969    
3.279565    3.313725    0.499096    0.376131    
2.215198    3.176564    3.025660    0.490130    0.385404    0.215944    
2.244929    3.131516    3.223459    3.824790    0.604292    0.464013    0.258449    0.193599    
1.683691    2.640805    2.850606    3.432258    3.337590    0.568371    0.448820    0.360813    0.218705    0.135026    
1.329594    2.547633    2.686967    2.908864    3.349837    3.617300    0.620882    0.441486    0.379034    0.309200    0.162071    0.100218    
1.300773    2.508982    2.693708    2.972313    3.365594    3.546662    4.351426    0.604929    0.457689    0.392028    0.311512    0.222763    0.111747    0.053258    
1.044736    2.171082    2.575377    2.843204    3.136262    3.595048    3.728090    4.488038    0.599290    0.467943    0.407596    0.350928    0.266112    0.180160    0.084980    0.037621    
0.872710    1.942346    2.404425    2.678826    2.941938    3.282726    3.651231    3.834458    4.091844    0.599052    0.479667    0.415443    0.366192    0.305981    0.222441    0.148780    0.061083    0.030493    
0.862605    1.925374    2.403209    2.695832    2.961132    3.282177    3.656129    3.709380    3.912985    2.361378    0.599946    0.482355    0.421641    0.371869    0.312928    0.231679    0.154786    0.071763    0.029199    0.010087    
