 6    -3.496680    2.400598    0.093924
-1.130571  0.696200  -0.432293  0.741020  -0.478137  1.386040  0.125180  1.148860  -2.350259  0.183293  -0.311386  -0.294066  0.400061  1.005500  0.501643  
0.148393  0.286706  -0.153089  -0.119054  -0.762456  0.152934  
 1    -1.163703    0.228475      0.395602
 2    -2.879317    0.766814      0.104686
 3    -3.183341    0.882338      0.053133
 4    -3.395403    0.962999      0.017173
 5    -3.457125    0.985093      0.006707
 6    -3.481638    0.994473      0.002551
 7    -3.493975    0.999031      0.000459
 8    -3.496205    0.999780      0.000081
 9    -3.496364    0.999851      0.000054
10    -3.496495    0.999929      0.000031
2.701960    0.505050    
3.855194    4.372543    0.530737    0.350419    
2.828956    4.105038    4.358444    0.544364    0.408058    0.217589    
2.597216    3.940771    4.021934    4.784678    0.586644    0.457834    0.291411    0.167173    
1.873717    3.539099    3.759811    4.217827    4.639184    0.593935    0.457930    0.380304    0.231321    0.112648    
1.797224    3.267900    3.514887    3.850627    4.255024    4.781135    0.615591    0.452624    0.378598    0.294761    0.163826    0.074845    
1.608680    3.144547    3.423317    3.742061    4.242489    4.566802    5.374689    0.603776    0.462267    0.398855    0.311545    0.221783    0.115110    0.052730    
1.315387    2.632037    3.130774    3.471466    3.828292    4.376907    4.741349    5.145944    0.591408    0.453561    0.403365    0.346976    0.267666    0.183294    0.091466    0.039092    
1.098340    2.281589    2.855286    3.174912    3.468921    3.853596    4.228187    4.515099    4.628177    0.575074    0.449688    0.397917    0.349699    0.292829    0.214580    0.139483    0.067645    0.028975    
0.880953    2.111011    2.785054    3.226906    3.562316    3.942157    4.454476    4.870122    5.055915    6.160404    0.600577    0.488796    0.428442    0.384764    0.333989    0.261380    0.183337    0.097466    0.045272    0.008465    
