 6    -2.872487    2.716185    0.409291
1.319751  -0.169291  -0.060430  0.880154  0.440474  0.282055  -1.219574  -0.679306  -0.367388  -0.797539  0.622276  -0.818255  -0.316651  -2.039845  0.708758  
-0.103631  0.588358  0.164828  0.242065  0.052776  0.338112  
 1    -1.446052    0.294013      0.255237
 2    -2.425670    0.614265      0.079951
 3    -2.613900    0.721161      0.046270
 4    -2.768468    0.861558      0.018612
 5    -2.804630    0.895677      0.012142
 6    -2.837282    0.943881      0.006299
 7    -2.850163    0.959304      0.003995
 8    -2.857449    0.980824      0.002691
 9    -2.868698    0.996331      0.000678
10    -2.871742    0.999479      0.000133
4.662189    0.596842    
4.621864    4.995065    0.575334    0.334816    
3.272334    4.652400    5.047247    0.564121    0.423032    0.207309    
3.583709    4.596921    5.098912    6.062862    0.602411    0.458080    0.275775    0.149145    
2.329512    4.363210    4.686823    5.479269    6.004411    0.603972    0.480349    0.379491    0.224164    0.106166    
2.474330    4.168887    4.645264    5.427062    5.878669    6.283185    0.612216    0.483651    0.381100    0.271632    0.150447    0.073374    
1.901984    3.754225    4.164310    4.738500    5.385294    5.747171    6.198407    0.606773    0.478160    0.408885    0.301369    0.214916    0.123862    0.060932    
2.082377    3.909404    4.358028    4.916996    5.400102    5.928417    6.225857    6.283185    0.626648    0.499529    0.422839    0.331868    0.233420    0.158549    0.093219    0.046365    
1.851495    3.680648    4.048499    4.596435    5.131193    5.369740    6.283185    6.283185    6.283185    0.591294    0.476079    0.414966    0.322854    0.263398    0.183342    0.136602    0.078694    0.057739    
1.738107    3.527081    3.940093    4.405678    4.969940    5.394395    5.988585    6.283185    6.283185    5.656052    0.613550    0.473343    0.413686    0.337959    0.269431    0.213843    0.147343    0.103003    0.072401    0.035890    
