 6    -4.244123    2.517184    1.023813
1.387236  0.963562  -0.944981  1.624400  0.264741  0.367542  0.797701  -0.556226  -0.100179  0.323385  -1.814105  -0.930862  1.097972  0.485753  0.527625  
-0.349400  0.183080  0.282803  -0.206923  0.374854  0.093956  
 1    -2.308682    0.434129      0.286253
 2    -3.833615    0.767414      0.060714
 3    -4.072097    0.865067      0.025443
 4    -4.135249    0.928482      0.016103
 5    -4.198962    0.977884      0.006679
 6    -4.229137    0.993676      0.002216
 7    -4.240621    0.998899      0.000518
 8    -4.243735    0.999892      0.000057
 9    -4.243794    0.999913      0.000049
10    -4.243796    0.999914      0.000048
5.857382    0.537019    
5.131798    5.910030    0.712750    0.378959    
3.562373    4.675230    5.339768    0.628853    0.490805    0.232362    
3.415910    4.681967    5.237302    6.283185    0.640610    0.512727    0.331515    0.106900    
3.278873    4.214702    4.463882    5.161424    6.283185    0.605789    0.475395    0.338277    0.215817    0.112507    
2.472445    3.973697    4.140341    4.544547    5.575614    6.112560    0.595588    0.486776    0.375452    0.266510    0.191219    0.094187    
1.950733    3.737144    3.989925    4.207411    4.968913    5.895105    6.203106    0.607240    0.495967    0.406068    0.298779    0.222578    0.162941    0.062565    
1.702042    3.349763    3.724739    3.983351    4.555747    5.339068    5.843471    6.283185    0.622670    0.484312    0.423264    0.337840    0.257414    0.190368    0.124187    0.040613    
1.689662    3.325304    3.741574    3.998461    4.519754    5.312962    5.908539    6.254449    4.516304    0.624260    0.487316    0.428650    0.341936    0.261244    0.195302    0.128601    0.044506    0.003677    
1.688180    3.327917    3.737263    3.993369    4.528679    5.326763    5.905447    6.259915    4.064275    5.949214    0.624175    0.486332    0.427135    0.340047    0.258470    0.192091    0.125926    0.041599    0.000779    1.568685    
