 6    -4.089403    3.267599    0.302454
1.736738  1.897914  -2.106773  -0.148912  0.583062  -2.259233  0.137240  -0.701213  -0.620780  -0.479620  1.209739  -1.075184  0.806919  -0.290783  -0.220948  
0.184289  -0.436779  -0.242955  0.144423  -0.045427  -0.446245  
 1    -1.698809    0.215839      0.324941
 2    -3.679511    0.623177      0.055715
 3    -3.920828    0.726383      0.022914
 4    -3.998677    0.793813      0.012332
 5    -4.029912    0.827976      0.008086
 6    -4.046666    0.894159      0.005809
 7    -4.067511    0.957928      0.002976
 8    -4.079656    0.993720      0.001325
 9    -4.087757    0.999399      0.000224
10    -4.088943    0.999811      0.000063
3.936049    0.690551    
4.867929    5.434690    0.626834    0.343074    
3.376586    4.559244    5.030616    0.566992    0.435106    0.214910    
2.772296    4.483736    4.897843    5.669037    0.610397    0.476943    0.328525    0.125354    
2.077480    4.067006    4.482468    5.159686    5.982716    0.619547    0.486304    0.399219    0.236550    0.079972    
2.357464    4.123899    4.573953    5.181091    5.913776    6.283185    0.625026    0.497827    0.409266    0.283878    0.152452    0.061758    
1.999305    4.041936    4.442055    5.047575    5.814991    6.230409    6.283185    0.611583    0.491170    0.417598    0.298979    0.203367    0.132491    0.069646    
2.116580    4.052493    4.524455    5.214609    5.968059    6.283185    6.283185    6.283185    0.626607    0.493287    0.411282    0.295667    0.203263    0.166452    0.122963    0.054218    
1.835351    3.592124    4.137284    4.709149    5.485445    6.070534    6.283185    6.283185    6.283185    0.610092    0.480652    0.421003    0.321020    0.227673    0.178065    0.157480    0.106331    0.048393    
1.451576    2.989897    3.683672    4.169510    4.788525    5.622669    6.181019    6.263081    6.283185    6.147150    0.599596    0.473721    0.424853    0.361144    0.277210    0.206697    0.168184    0.139703    0.090412    0.037766    
