 6    -3.693553    3.067241    0.649794
0.441145  -0.576500  -1.269955  -2.450535  1.899251  -0.074970  -0.255748  -0.274553  -0.856710  0.858997  0.574482  0.136117  -0.110739  0.963468  0.789986  
-0.134686  -0.980766  0.118072  -0.167851  -0.214302  0.222749  
 1    -2.074426    0.240467      0.239488
 2    -2.678798    0.158190      0.150094
 3    -2.996727    0.236742      0.103069
 4    -3.289925    0.701292      0.059701
 5    -3.546324    0.929622      0.021777
 6    -3.646033    0.983901      0.007029
 7    -3.662140    0.985789      0.004646
 8    -3.655951    0.989529      0.005562
 9    -3.683922    0.997353      0.001425
10    -3.671903    0.992748      0.003202
5.596168    0.612830    
2.488363    3.945954    0.375848    0.534307    
2.691695    3.430875    5.682856    0.551500    0.514635    0.273424    
1.787491    3.640740    6.283185    2.413410    0.429502    0.572174    0.461025    1.255484    
1.979474    3.756512    6.283185    2.751311    3.778197    0.520089    0.509041    0.540672    1.034114    0.249676    
2.432371    3.239192    5.363691    2.810672    4.126166    4.068152    0.463985    0.417100    0.512559    1.005537    0.478095    1.352118    
1.287339    2.852053    2.645108    5.044292    2.733583    4.048122    3.289237    0.485613    0.385216    0.300692    0.525381    1.053253    0.445240    1.364240    
2.401302    2.974117    5.306187    2.976671    4.181181    4.850214    6.283185    3.562929    0.471654    0.398339    0.515011    0.996404    0.508063    1.255289    0.155551    1.498330    
1.604050    3.289762    3.137201    4.541101    2.330155    3.922193    3.346471    2.839663    3.016273    0.578095    0.444978    0.322017    0.483580    1.148746    0.408420    1.260193    0.180230    1.517708    
2.067046    3.205035    5.428085    2.972320    3.987294    4.554968    6.243930    3.338421    4.967040    4.531111    0.463006    0.424598    0.489875    0.956740    0.527003    1.383506    0.021656    1.396034    0.296319    1.401151    
