 6    -2.930652    4.309523    0.244582
-0.643717  -1.251820  -0.563915  0.331439  1.203907  0.410914  1.678242  -1.025964  -0.021762  0.530480  0.576005  -1.554301  0.135096  -0.623157  1.427615  
-0.072548  0.381564  -0.179878  -0.290850  0.224887  -0.312049  
 1    -1.623341    0.378421      0.180563
 2    -2.742309    0.712548      0.026014
 3    -2.861683    0.794174      0.009526
 4    -2.881293    0.831466      0.006817
 5    -2.900155    0.914845      0.004212
 6    -2.914256    0.965700      0.002265
 7    -2.926061    0.997500      0.000634
 8    -2.930367    0.999882      0.000039
 9    -2.930503    0.999932      0.000021
10    -2.930468    0.999919      0.000025
4.664215    0.514369    
5.204783    5.923769    0.708396    0.374778    
3.354644    4.519734    5.341868    0.604214    0.486755    0.234481    
2.497002    4.187375    4.491570    5.179886    0.604900    0.496762    0.353690    0.137971    
2.873317    4.127040    4.429142    5.043355    6.283185    0.601379    0.487369    0.360379    0.218180    0.093419    
2.551114    4.040472    4.229008    4.772368    5.924475    6.283185    0.596379    0.484815    0.373776    0.261607    0.178736    0.080631    
2.285448    3.975343    4.261091    4.782959    5.744466    5.950693    6.283185    0.595473    0.492455    0.384468    0.267137    0.198513    0.167225    0.075903    
1.787513    3.573261    3.941017    4.323455    5.088307    5.864988    5.982340    6.283185    0.615381    0.487615    0.419691    0.314482    0.228887    0.189523    0.142690    0.058706    
1.657445    3.354910    3.784129    4.123778    4.797047    5.599526    5.672870    5.069548    4.642813    0.615697    0.479914    0.422293    0.329581    0.242153    0.190498    0.146193    0.073906    0.033456    
1.733111    3.481928    3.916171    4.276691    4.930400    5.720923    6.045376    6.243331    3.837243    3.218046    0.625529    0.491268    0.430572    0.331571    0.242076    0.193973    0.152705    0.072540    0.007794    0.007400    
