 6    -3.054409    3.175923    0.127193
-0.564163  -0.238681  -0.774429  0.260315  -1.294135  1.222583  -0.293067  -0.331231  -0.351750  0.464535  1.249793  2.165466  1.597250  0.090560  -0.645840  
0.184477  0.242236  -0.299363  -0.014731  0.093857  0.641798  
 1    -1.409820    0.198746      0.263965
 2    -2.685453    0.494945      0.059219
 3    -2.924215    0.584621      0.020897
 4    -2.983412    0.618855      0.011395
 5    -3.000771    0.635947      0.008609
 6    -3.007891    0.655114      0.007466
 7    -3.011370    0.676262      0.006908
 8    -3.015269    0.713017      0.006282
 9    -3.019786    0.770491      0.005557
10    -3.028129    0.854294      0.004218
6.214300    0.335830    
5.236048    6.132584    0.617191    0.321463    
3.966660    5.366270    6.016723    0.582391    0.437919    0.212183    
3.115943    5.030246    5.530580    6.283185    0.594942    0.458811    0.328614    0.126904    
2.380465    4.551230    5.082814    5.735940    6.283185    0.603544    0.471177    0.377815    0.227527    0.076925    
2.217698    4.348948    4.957162    5.577043    6.068548    6.283185    0.628247    0.485253    0.408018    0.277748    0.139734    0.047211    
2.073497    4.127814    4.867872    5.512689    6.050197    6.283185    6.283185    0.627247    0.501698    0.432940    0.327273    0.194546    0.094383    0.034871    
2.197191    4.271445    4.948412    5.591650    6.101341    6.283185    6.283185    6.283185    0.627237    0.501905    0.438749    0.339890    0.224467    0.129591    0.077076    0.034904    
2.223786    4.443211    5.084528    5.781964    6.282623    6.283185    6.283185    6.283185    6.283185    0.622109    0.497385    0.425570    0.321655    0.218082    0.147069    0.105700    0.081450    0.040698    
2.583121    4.664171    5.192384    5.858391    6.283185    6.283185    6.283185    6.283185    6.283185    6.283185    0.623832    0.482250    0.391944    0.255412    0.160144    0.134573    0.122193    0.114214    0.100960    0.054567    
