 6    -3.222778    4.155681    0.790196
1.852027  1.201873  -0.549276  0.219038  -0.016983  0.671893  0.333167  -1.771524  1.975094  0.418604  -0.558470  0.925971  -0.505698  -0.325270  -1.075545  
-0.322359  0.229326  0.280261  -0.186965  0.036087  -0.515300  
 1    -1.403687    0.278094      0.246541
 2    -2.842077    0.643698      0.051596
 3    -2.979285    0.710016      0.033001
 4    -3.027750    0.778323      0.026432
 5    -3.112391    0.892355      0.014961
 6    -3.183585    0.974945      0.005312
 7    -3.212567    0.995936      0.001384
 8    -3.221135    0.999176      0.000223
 9    -3.221940    0.999709      0.000114
10    -3.222626    0.999946      0.000021
3.591341    0.564752    
5.112131    5.843270    0.708907    0.377929    
3.369681    4.691870    5.486252    0.628720    0.499696    0.232613    
3.416879    4.738616    5.317606    6.283185    0.653793    0.521017    0.342397    0.126557    
3.666116    4.573352    5.240642    6.283185    6.097296    0.607281    0.459564    0.308988    0.213619    0.147450    
3.648439    4.650715    5.600053    6.283185    5.566157    6.283185    0.628258    0.460517    0.251335    0.168398    0.241423    0.139637    
2.973350    4.307149    5.028977    6.283185    6.283185    5.491094    5.684623    0.588428    0.491627    0.289766    0.143408    0.203985    0.198008    0.110766    
1.890321    3.825352    4.184559    4.918092    6.283185    6.283185    5.937498    6.029927    0.603813    0.493501    0.401452    0.235540    0.148683    0.197447    0.188320    0.086979    
1.930731    3.814750    4.195220    4.955309    6.255301    6.283185    5.950124    5.986709    6.283185    0.610841    0.493267    0.409125    0.255505    0.158909    0.185310    0.177406    0.103251    0.022130    
1.662748    3.323873    3.816376    4.243066    5.113125    6.250982    6.278793    5.969990    5.801138    6.283185    0.618503    0.482688    0.426012    0.325819    0.217513    0.167333    0.169538    0.143454    0.088693    0.029434    
