 6    -2.062817    1.934422    0.022761
-0.923498  -0.196534  0.260503  -0.102614  -0.289689  0.713549  1.119250  -0.355867  -0.124338  0.141519  0.018409  -0.366028  0.248184  -0.044728  -1.645756  
0.273314  0.302505  -0.068893  -0.213461  0.280310  0.368505  
 1    -1.031882    0.265392      0.257912
 2    -1.865230    0.721536      0.049431
 3    -2.037660    0.826769      0.006293
 4    -2.053975    0.860089      0.002212
 5    -2.058573    0.892891      0.001062
 6    -2.060488    0.935285      0.000583
 7    -2.061675    0.968767      0.000286
 8    -2.062353    0.996902      0.000116
 9    -2.062686    0.999714      0.000033
10    -2.062725    0.999813      0.000023
3.495160    0.368840    
5.052387    6.123530    0.711505    0.391918    
3.176086    4.963942    5.535502    0.634959    0.534191    0.269459    
2.406855    4.257611    4.229605    4.897217    0.618136    0.488007    0.362849    0.163267    
2.135732    3.829884    3.823393    4.069903    5.022690    0.618987    0.467304    0.374634    0.257612    0.098613    
1.890442    3.720203    3.897058    3.980299    4.849327    6.282983    0.625385    0.489556    0.398997    0.292063    0.181965    0.054537    
1.763085    3.340199    3.713591    3.868679    4.338344    5.273277    6.261001    0.617823    0.480789    0.417358    0.333873    0.252097    0.161751    0.058136    
1.766553    3.479482    3.826278    4.011585    4.484457    5.248627    5.890037    6.283185    0.627607    0.490484    0.425764    0.339310    0.263794    0.198526    0.131319    0.043473    
1.426929    2.968398    3.633209    3.879713    4.240650    4.954267    5.573383    5.817985    6.283185    0.611633    0.491920    0.439728    0.369191    0.296787    0.231097    0.170191    0.109693    0.037696    
1.302497    2.890520    3.623684    3.879951    4.145023    4.771858    5.444773    5.727752    4.949616    4.330102    0.624650    0.513632    0.452601    0.383121    0.311163    0.244213    0.181400    0.118534    0.045682    0.022507    
