 6    -4.540918    3.845071    0.554561
0.158384  -2.469081  -1.367974  0.135415  1.363801  -0.059990  -0.573970  0.521582  -0.633190  -0.989024  -1.811767  -0.207563  0.278757  1.736000  1.327823  
0.466708  -0.036491  0.252024  0.253899  0.190721  -0.332107  
 1    -2.501656    0.341666      0.243175
 2    -4.220814    0.654994      0.038171
 3    -4.367321    0.715010      0.020701
 4    -4.396493    0.765992      0.017222
 5    -4.445909    0.886510      0.011330
 6    -4.501525    0.968605      0.004698
 7    -4.529208    0.992245      0.001396
 8    -4.539374    0.999084      0.000184
 9    -4.540197    0.999781      0.000086
10    -4.540761    0.999955      0.000019
6.005218    0.665509    
5.560166    6.144882    0.722798    0.378969    
3.264899    4.859214    5.672052    0.624140    0.515244    0.246966    
2.981574    4.784334    5.375201    6.283185    0.640027    0.537283    0.364698    0.115346    
3.650905    4.753329    5.443503    6.283185    6.283185    0.614644    0.485308    0.320331    0.191754    0.123971    
3.385315    4.772369    5.671184    6.283185    5.924324    6.283185    0.618140    0.487773    0.294927    0.177057    0.226830    0.120617    
2.601849    4.512997    5.170754    5.948916    6.283185    5.607599    6.283185    0.603247    0.524575    0.342358    0.177378    0.190035    0.211108    0.111859    
2.071605    4.085086    4.403826    5.156182    6.283185    6.283185    6.024670    6.283185    0.614335    0.502717    0.394952    0.228203    0.155160    0.202514    0.179256    0.078292    
2.020609    3.901582    4.154110    4.846893    6.174789    6.283185    4.968109    4.037859    5.275477    0.607363    0.484028    0.392935    0.241710    0.150541    0.174030    0.140009    0.111748    0.064322    
1.667002    3.336093    3.803430    4.122870    5.001690    6.274076    6.283185    5.736662    5.658876    6.177501    0.613598    0.474812    0.414590    0.319885    0.217949    0.161955    0.167866    0.144003    0.097491    0.031217    
