 6    -5.102106    2.913367    2.330713
-0.452566  0.701203  -1.493780  -1.275922  1.342529  -2.134132  -1.496720  -1.305306  0.828734  0.154989  0.275923  1.852512  -0.828546  0.056397  0.562527  
-0.192854  -0.253679  -0.166083  -0.137246  -0.813674  0.135669  
 1    -1.259016    0.147480      0.479459
 2    -4.227773    0.816648      0.109081
 3    -4.691641    0.912389      0.051209
 4    -4.973580    0.972811      0.016035
 5    -5.064915    0.991905      0.004640
 6    -5.093670    0.998155      0.001052
 7    -5.099495    0.999496      0.000326
 8    -5.101478    0.999862      0.000078
 9    -5.101494    0.999865      0.000076
10    -5.101534    0.999868      0.000071
3.084554    0.822246    
3.689835    4.075777    0.523923    0.376934    
2.684206    3.769162    3.775996    0.530838    0.399530    0.223567    
2.379968    3.661450    3.735017    4.355767    0.605826    0.465721    0.293521    0.179997    
1.792175    3.161146    3.373112    3.870681    4.094033    0.589559    0.455315    0.378454    0.232297    0.121959    
1.564945    2.924005    3.092463    3.331628    3.791316    4.221107    0.617076    0.445579    0.377870    0.301643    0.172066    0.085397    
1.507410    2.888135    3.101900    3.375050    3.821257    4.187604    5.035737    0.609220    0.459204    0.394724    0.313669    0.218614    0.111175    0.042039    
1.195100    2.403732    2.869240    3.168810    3.493924    4.025966    4.337586    4.947294    0.588692    0.454119    0.405456    0.350384    0.269929    0.184122    0.085524    0.035349    
1.200287    2.409195    2.861161    3.156634    3.477898    4.006569    4.265445    4.976112    6.166523    0.588923    0.452952    0.403580    0.348309    0.267128    0.179940    0.081301    0.031348    1.567522    
1.175034    2.349786    2.807883    3.093830    3.391307    3.891410    4.001772    4.943010    3.583307    3.481648    0.585456    0.448709    0.399827    0.346185    0.268435    0.174789    0.085661    0.023050    0.004514    1.559235    
