 6    -3.457552    2.900141    0.338531
1.044560  -1.449536  0.588023  1.842537  1.549008  -0.023531  -0.878637  1.253610  1.377716  0.376270  -0.124098  0.904463  -0.398546  0.898816  -0.822881  
-0.410635  -0.051966  -0.179260  -0.013704  0.744328  0.127926  
 1    -1.690582    0.207947      0.277926
 2    -2.731728    0.405374      0.114165
 3    -2.970949    0.473700      0.076538
 4    -3.126841    0.557905      0.052018
 5    -3.201707    0.617375      0.040242
 6    -3.312688    0.710545      0.022786
 7    -3.354824    0.748806      0.016158
 8    -3.374527    0.769182      0.013059
 9    -3.380488    0.779485      0.012121
10    -3.383787    0.791502      0.011602
5.073580    0.627561    
4.607995    5.163388    0.552653    0.324576    
2.886903    5.302545    5.454350    0.589204    0.424592    0.233985    
2.987431    4.867172    5.487075    6.283185    0.587879    0.469930    0.281146    0.149229    
2.739567    4.880779    5.335168    6.283185    6.283185    0.608749    0.481389    0.349113    0.198284    0.101231    
3.005734    4.826576    5.237441    6.283185    6.283185    6.283185    0.578092    0.469065    0.314418    0.240902    0.134662    0.114902    
2.491760    4.758284    5.185780    5.967777    6.283185    6.283185    6.283185    0.610822    0.474276    0.358384    0.237485    0.177291    0.132976    0.080704    
2.214595    4.313441    4.961418    5.752540    6.069118    6.283185    6.136814    6.283185    0.611125    0.481222    0.379191    0.271565    0.182728    0.156073    0.102174    0.056818    
1.874624    3.869705    4.602939    5.363756    5.923053    6.283185    6.283185    6.283185    6.283185    0.615114    0.485352    0.408135    0.307189    0.219993    0.166003    0.130464    0.079150    0.036564    
1.874695    3.841835    4.588200    5.339043    5.819679    6.283185    6.205293    6.283185    6.283185    6.283185    0.626289    0.503230    0.425996    0.339799    0.243778    0.185344    0.133365    0.099648    0.055660    0.029269    
