 6    -3.256121    4.572723    0.179238
0.363580  1.314545  -1.146046  -0.488436  0.720190  -0.065189  1.841201  0.129148  1.689050  0.924599  -0.364502  1.552866  0.687094  1.868193  -2.101154  
-0.189258  0.175296  0.123706  -0.994614  -0.122765  -0.177084  
 1    -2.314473    0.489202      0.120279
 2    -2.870643    0.834756      0.049238
 3    -3.046874    0.933718      0.026728
 4    -3.172537    0.970615      0.010676
 5    -3.243215    0.995202      0.001649
 6    -3.254700    0.999486      0.000181
 7    -3.255838    0.999884      0.000036
 8    -3.256009    0.999951      0.000014
 9    -3.256046    0.999961      0.000010
10    -3.256046    0.999961      0.000010
5.690387    0.665629    
3.405563    3.483522    0.406640    0.430679    
2.227104    3.468348    2.899935    0.406872    0.376909    0.217056    
1.927961    3.244524    3.493007    3.643001    0.644730    0.435516    0.281436    0.233819    
1.804576    2.726215    2.995037    3.711816    3.354874    0.582048    0.449881    0.339560    0.226716    0.159838    
1.426439    2.655270    2.870254    3.170511    3.558603    3.833479    0.608392    0.433906    0.370667    0.307415    0.154291    0.106416    
1.404935    2.653931    2.871196    3.211739    3.582801    3.712053    4.622564    0.601639    0.449587    0.382919    0.310794    0.216840    0.107854    0.055169    
1.220898    2.346933    2.658527    2.973777    3.269839    3.644441    3.936034    4.072311    0.582879    0.436204    0.381553    0.323706    0.243549    0.160456    0.069187    0.033466    
1.107319    2.310971    2.710532    3.016887    3.292659    3.623848    3.827057    4.074994    3.506875    0.592013    0.463495    0.398948    0.343166    0.268715    0.176134    0.106571    0.035997    0.019341    
1.089474    2.256907    2.693137    3.013675    3.307189    3.693652    3.777127    3.786421    2.792351    6.034596    0.583021    0.456863    0.396625    0.340213    0.261744    0.160991    0.086845    0.009414    0.013093    1.559228    
