 6    -2.346595    3.689455    0.386675
0.108446  0.858697  -0.303699  -1.112064  2.308893  -1.048867  0.947621  0.883204  0.070424  0.041427  -0.289262  -0.204524  -0.044850  -0.477368  -1.277278  
-0.102757  0.377370  0.204789  -0.219562  -0.273704  -0.386908  
 1    -1.159714    0.006485      0.196632
 2    -1.676720    0.000290      0.110979
 3    -1.761302    0.000258      0.096966
 4    -1.772605    0.000159      0.095094
 5    -1.779080    0.000065      0.094021
 6    -1.781869    0.000034      0.093559
 7    -1.783793    0.000012      0.093240
 8    -1.784460    0.000004      0.093130
 9    -1.784473    0.000004      0.093128
10    -1.784479    0.000005      0.093126
4.158711    0.525254    
4.790699    5.278831    0.700144    0.361830    
2.880245    4.089225    4.850171    0.589128    0.513431    0.252429    
2.067339    3.645760    3.581122    4.302711    0.593018    0.475237    0.347839    0.165313    
2.309198    3.530321    3.395660    4.003040    5.340989    0.601057    0.465302    0.346966    0.250533    0.088766    
1.720689    3.391255    3.477042    3.641141    4.501480    5.707298    0.620111    0.491379    0.395914    0.292165    0.190109    0.070639    
1.832264    3.302718    3.527856    3.725807    4.329053    5.256612    5.805071    0.603761    0.489496    0.404036    0.305019    0.225949    0.155325    0.058021    
1.496289    2.994975    3.346964    3.571274    4.051634    4.743756    5.300377    5.800755    0.616536    0.482768    0.424218    0.340597    0.261227    0.192356    0.126316    0.041636    
1.537701    3.046600    3.322496    3.573755    4.162357    4.864016    5.376116    5.839978    6.275344    0.611671    0.473571    0.412318    0.326470    0.243537    0.174104    0.108874    0.014717    1.553867    
1.497240    3.007980    3.289995    3.540342    4.150037    4.858120    5.339001    5.796548    1.542629    5.597989    0.610979    0.471144    0.411568    0.327754    0.243691    0.172762    0.108267    0.023697    1.558754    1.552108    
