 6    -4.058389    2.900322    1.799148
-1.485170  -0.260205  -1.424565  -0.891399  0.761163  -0.698757  -0.396650  1.243787  0.074518  -0.322948  1.461472  1.241821  0.259419  1.071688  -0.130218  
-0.153829  -0.709206  -0.148926  -0.195079  0.145491  0.297771  
 1    -1.700036    0.341197      0.338907
 2    -3.379029    0.814248      0.097627
 3    -3.745822    0.911063      0.044917
 4    -3.968834    0.975429      0.012869
 5    -4.035186    0.993094      0.003334
 6    -4.054633    0.998623      0.000540
 7    -4.056905    0.999552      0.000213
 8    -4.058016    0.999878      0.000054
 9    -4.058019    0.999879      0.000053
10    -4.058091    0.999904      0.000043
6.239184    0.762996    
3.893437    4.281735    0.537518    0.363839    
2.778528    3.963879    3.933213    0.544292    0.408174    0.227833    
2.553328    3.878903    4.009014    4.547569    0.628246    0.479041    0.306637    0.180294    
1.971063    3.296394    3.502946    4.086000    4.249828    0.588444    0.460751    0.381963    0.235890    0.121452    
1.597573    3.088949    3.224139    3.424098    3.977850    4.408746    0.618559    0.453571    0.387675    0.308190    0.180481    0.091360    
1.500976    2.930187    3.178868    3.413621    3.790212    4.349644    4.766399    0.610817    0.463993    0.400016    0.325160    0.233691    0.127459    0.044106    
1.233936    2.537114    3.023570    3.297460    3.620384    4.185991    4.538492    5.280019    0.596634    0.463065    0.412456    0.355731    0.274601    0.189289    0.087516    0.031110    
1.204031    2.488095    3.009380    3.289837    3.609215    4.166851    4.514511    5.228856    3.825470    0.593226    0.462882    0.413970    0.358276    0.278355    0.192659    0.092258    0.032847    0.002036    
1.162097    2.416290    2.953864    3.215283    3.477811    3.993897    4.006224    5.282690    3.813534    4.373859    0.589686    0.460625    0.408680    0.352594    0.273842    0.172064    0.087838    0.005622    0.002433    1.550746    
