 6    -2.328131    3.609689    0.531144
-0.275434  0.009924  0.464788  0.342611  1.134445  -1.210976  -1.443573  -0.759583  0.937481  0.102493  0.591607  -0.425419  0.755324  -1.678499  -0.895253  
-0.585636  0.035047  0.042160  0.332674  0.036469  0.556426  
 1    -0.862364    0.126956      0.246853
 2    -1.529431    0.303030      0.134511
 3    -1.707839    0.489814      0.104465
 4    -2.026586    0.798176      0.050784
 5    -2.267588    0.972963      0.010196
 6    -2.316833    0.992350      0.001903
 7    -2.322394    0.994546      0.000966
 8    -2.323868    0.995905      0.000718
 9    -2.325082    0.997041      0.000514
10    -2.326529    0.998488      0.000270
2.670122    0.386807    
4.006422    5.562690    0.616846    0.267993    
4.372320    5.648328    6.283185    0.686134    0.375529    0.209422    
4.573940    5.842440    6.283185    6.283185    0.623599    0.295466    0.274059    0.239861    
4.465359    5.076432    6.283185    6.283185    6.026594    0.595167    0.178540    0.136270    0.317480    0.214258    
3.114631    4.876898    6.283185    6.283185    5.697705    6.014541    0.574945    0.345364    0.128713    0.176752    0.269050    0.143155    
2.288902    4.204220    4.941443    6.283185    6.283185    5.897669    5.911518    0.580912    0.401310    0.229250    0.146976    0.204712    0.208738    0.095132    
2.295337    4.363785    5.219794    6.283185    6.108944    6.283185    6.283185    5.966552    0.614513    0.447772    0.312464    0.217385    0.171129    0.137904    0.133260    0.070082    
2.175461    4.312072    5.276899    6.283185    6.035808    6.028768    6.283185    5.907801    6.144289    0.608573    0.456151    0.336899    0.263253    0.216339    0.103886    0.070851    0.116121    0.062662    
2.253592    4.192715    5.162352    6.283185    6.267968    6.283185    6.283185    6.283185    6.283185    6.166445    0.605666    0.452788    0.344779    0.279193    0.257450    0.185044    0.045551    0.026430    0.114027    0.069437    
