 6    -2.554577    2.773991    0.050506
1.023492  0.283144  -0.004423  -0.507907  0.852055  -1.412692  0.568955  1.263137  -1.571967  -0.876978  -0.225261  0.303901  0.219018  0.460761  -0.189678  
-0.197246  0.156778  0.119367  0.874976  -0.445197  0.611578  
 1    -1.492675    0.439090      0.199285
 2    -2.109185    0.783563      0.083586
 3    -2.314649    0.759967      0.045027
 4    -2.510782    0.946293      0.008219
 5    -2.541117    0.969417      0.002526
 6    -2.545093    0.996096      0.001780
 7    -2.552287    0.982748      0.000430
 8    -2.553728    0.999513      0.000159
 9    -2.553523    0.998513      0.000198
10    -2.553584    0.998682      0.000186
5.356096    0.634506    
4.903171    5.096576    0.628888    0.369580    
1.656833    1.971945    2.654968    0.616654    0.305790    0.415463    
1.528990    1.851188    2.410556    2.070484    0.660427    0.328816    0.344347    0.184846    
1.330101    1.526418    1.946944    1.663017    2.068267    0.620668    0.353181    0.253376    0.245855    0.126814    
0.870233    1.150003    1.597582    1.894883    1.863427    1.993161    0.509117    0.408139    0.299072    0.265099    0.174414    0.090935    
0.717196    1.299171    1.575947    1.795971    1.763238    2.390874    2.544704    0.582955    0.459680    0.352545    0.309718    0.213014    0.111570    0.094366    
0.683430    1.165178    1.448733    1.634911    1.723619    1.951782    2.417470    2.014925    0.605846    0.460849    0.377858    0.320001    0.264826    0.154430    0.104666    0.080140    
0.731794    1.267808    1.558237    1.727374    1.747096    2.208867    2.126882    5.400519    3.125591    0.581792    0.461180    0.357120    0.320274    0.236177    0.141869    0.124679    0.071617    1.536761    
0.752654    1.263626    1.561431    1.726215    1.756467    2.208750    2.209797    5.471427    3.331453    5.434169    0.587118    0.460499    0.359503    0.322916    0.237764    0.138740    0.130661    0.071408    1.543077    0.013599    
