 6    -2.779890    4.135807    0.670794
0.709056  0.857144  1.688367  2.164774  -0.970375  1.072576  1.688920  0.015477  -0.012332  0.213066  0.651998  -0.178201  -0.044454  0.014322  0.032892  
-0.310486  -0.142591  0.537611  0.192904  0.191931  -0.181043  
 1    -1.411327    0.344222      0.197892
 2    -2.391119    0.791133      0.056216
 3    -2.639692    0.892212      0.020272
 4    -2.741000    0.973181      0.005623
 5    -2.767049    0.990284      0.001857
 6    -2.776104    0.997247      0.000548
 7    -2.778564    0.999390      0.000192
 8    -2.779576    0.999865      0.000045
 9    -2.779577    0.999866      0.000045
10    -2.779581    0.999874      0.000045
6.250532    0.742814    
4.064402    4.835517    0.614515    0.357987    
3.352195    4.143546    5.189014    0.600876    0.446824    0.217740    
2.712427    3.867963    3.967630    4.905252    0.605496    0.463582    0.313462    0.173114    
1.822603    3.429803    3.718705    4.087622    4.683865    0.604546    0.471503    0.399249    0.254070    0.118530    
1.706613    3.205026    3.376874    3.569807    4.098052    4.778327    0.633294    0.455979    0.389362    0.304499    0.186619    0.075039    
1.661312    3.144311    3.405702    3.641972    4.119299    4.715454    5.675472    0.617644    0.470280    0.402601    0.319202    0.224576    0.115384    0.037898    
1.329249    2.726047    3.261617    3.506116    3.810821    4.424695    4.953482    5.639214    0.616471    0.486138    0.424420    0.361532    0.281199    0.192752    0.093369    0.032497    
1.321534    2.714810    3.258960    3.502550    3.804820    4.421482    4.951116    5.656208    6.159411    0.615629    0.486128    0.424428    0.361490    0.281094    0.192260    0.092422    0.031432    1.570171    
1.304827    2.685462    3.243530    3.490572    3.786319    4.394472    4.884652    5.653905    3.766947    4.102129    0.614983    0.486038    0.424809    0.362793    0.283195    0.192638    0.093379    0.029732    0.000000    1.568177    
