 6    -2.543815    3.256181    0.238624
-1.945109  0.620710  -0.432221  0.462573  0.020115  -0.392806  2.213288  1.454509  -1.097804  0.429880  0.343355  0.253077  0.832716  0.277569  -0.227005  
0.195580  0.239259  0.464962  -0.256894  -0.132514  0.222011  
 1    -1.209487    0.345932      0.230057
 2    -2.202212    0.772024      0.058897
 3    -2.453906    0.891974      0.015502
 4    -2.517604    0.971337      0.004519
 5    -2.533239    0.989998      0.001823
 6    -2.540207    0.996081      0.000622
 7    -2.542512    0.998230      0.000225
 8    -2.543396    0.999687      0.000072
 9    -2.543719    0.999942      0.000017
10    -2.543731    0.999948      0.000014
3.835297    0.545415    
4.169859    5.043276    0.633203    0.346786    
3.505760    4.348440    5.696296    0.610341    0.477398    0.224188    
2.781587    3.831634    3.957581    5.131190    0.582969    0.454895    0.318844    0.172518    
1.766597    3.458498    3.759637    4.092213    4.901943    0.593195    0.470852    0.397329    0.261716    0.124872    
1.729942    3.298886    3.529066    3.769257    4.375369    5.303224    0.624340    0.464433    0.395026    0.298675    0.192728    0.065393    
1.598162    3.052356    3.427250    3.684302    4.128210    4.860305    6.058427    0.614990    0.475242    0.409717    0.332275    0.240629    0.137985    0.044387    
1.343320    2.784062    3.311977    3.565171    3.861473    4.485549    5.143461    5.869697    0.623746    0.494096    0.429210    0.362868    0.288474    0.199949    0.101760    0.034610    
1.075063    2.401527    3.040641    3.418291    3.634440    4.021937    4.663683    5.196301    5.555815    0.634240    0.517761    0.456601    0.397507    0.340049    0.272221    0.184570    0.090736    0.029768    
1.061427    2.358705    3.010973    3.426135    3.637188    3.986612    4.593374    5.172484    5.621260    6.061121    0.636871    0.520518    0.464261    0.406380    0.348948    0.285982    0.204505    0.112219    0.044633    0.006882    
