 6    -2.312066    2.612505    0.251209
0.439265  0.438488  1.147810  -0.067318  1.282502  1.203008  1.135877  -0.804010  -0.355338  1.115535  0.416017  0.281031  0.602493  -0.502367  -0.360674  
0.201753  -0.234848  0.187701  -0.821055  -0.156960  -0.172992  
 1    -1.216096    0.281637      0.222551
 2    -1.919296    0.804498      0.079757
 3    -2.100780    0.892655      0.042904
 4    -2.259282    0.969831      0.010719
 5    -2.295295    0.991519      0.003405
 6    -2.308838    0.998230      0.000656
 7    -2.311376    0.999595      0.000140
 8    -2.311821    0.999885      0.000050
 9    -2.311994    0.999965      0.000015
10    -2.312040    0.999981      0.000005
5.419199    0.862384    
3.152556    3.349180    0.484940    0.401784    
2.337146    3.182382    3.394410    0.525617    0.400523    0.223017    
2.306816    3.038925    3.048458    3.988661    0.587210    0.465351    0.255273    0.199797    
1.564896    2.666271    2.824724    3.332819    3.460120    0.570343    0.453547    0.371948    0.219509    0.137487    
1.323614    2.562472    2.658396    2.843581    3.279574    3.574125    0.635563    0.445211    0.378331    0.306180    0.162508    0.098233    
1.281327    2.458453    2.630863    2.884308    3.278798    3.483293    4.330090    0.609317    0.457083    0.390976    0.307173    0.214415    0.108670    0.043593    
1.019074    2.107091    2.494488    2.746745    3.035232    3.485133    3.669672    4.383412    0.598814    0.466013    0.407325    0.348084    0.262851    0.177179    0.080496    0.033688    
0.823327    1.852485    2.334929    2.630596    2.885159    3.200833    3.631609    3.786740    4.256987    0.606178    0.489142    0.429749    0.378373    0.320113    0.239766    0.161467    0.071830    0.033957    
0.709414    1.675802    2.183425    2.501651    2.728082    2.989939    3.339438    3.609742    3.824549    3.854453    0.620813    0.503922    0.443677    0.393653    0.344930    0.284391    0.207469    0.130318    0.057875    0.025619    
