 6    -3.200350    3.827475    0.553109
-0.000432  -1.841434  -0.203556  -0.624784  -1.219408  -1.390574  -1.150531  0.491366  0.054424  0.097679  0.567014  -0.634688  -0.084317  2.237933  1.307675  
-0.428326  -0.114493  -0.262727  0.240615  0.163564  -0.411144  
 1    -1.812244    0.405194      0.197516
 2    -2.940400    0.848083      0.036989
 3    -3.139463    0.951409      0.008664
 4    -3.176642    0.975386      0.003373
 5    -3.190875    0.991548      0.001348
 6    -3.198257    0.998159      0.000298
 7    -3.199843    0.999665      0.000072
 8    -3.200237    0.999931      0.000016
 9    -3.200245    0.999937      0.000015
10    -3.200276    0.999950      0.000011
4.044684    0.496132    
5.070301    5.760355    0.719593    0.373965    
3.400739    4.355901    5.105032    0.610393    0.502839    0.251700    
2.661378    3.793682    3.819378    4.536193    0.579424    0.464256    0.334332    0.156848    
2.286884    3.677067    3.572687    4.044169    5.197342    0.597680    0.465436    0.359663    0.262316    0.093079    
1.790410    3.473242    3.596357    3.727103    4.546010    5.936808    0.620361    0.482964    0.399143    0.300321    0.197523    0.065345    
1.598441    3.086635    3.449365    3.574830    4.069621    4.995850    6.029606    0.614937    0.483907    0.416256    0.340430    0.255999    0.153076    0.052196    
1.341699    2.730609    3.238892    3.458105    3.800961    4.459343    5.230614    5.846536    0.604790    0.478840    0.426599    0.365656    0.296773    0.207319    0.113354    0.037234    
1.333808    2.720670    3.223418    3.435176    3.769514    4.413278    5.165085    5.692705    4.581852    0.607404    0.480801    0.426686    0.366760    0.301006    0.214445    0.120602    0.042757    0.003350    
1.352373    2.730215    3.207854    3.394064    3.788178    4.497385    5.352492    5.970588    3.099008    5.929882    0.602340    0.465727    0.413879    0.353138    0.276336    0.174195    0.063049    0.003591    1.549555    1.552128    
