 6    -3.621665    3.147294    0.719790
0.659883  0.275174  0.023310  -0.031400  -0.488760  1.769949  -1.057899  0.536744  0.252211  -0.359362  -1.231819  -1.621168  -1.835555  -0.398626  -1.042137  
0.147112  -0.195106  0.159360  0.852468  0.157602  0.212111  
 1    -2.075040    0.297549      0.228488
 2    -3.180932    0.781687      0.065111
 3    -3.361380    0.869233      0.038453
 4    -3.541037    0.941819      0.011911
 5    -3.594866    0.973418      0.003959
 6    -3.612593    0.990467      0.001340
 7    -3.620057    0.999322      0.000238
 8    -3.621443    0.999923      0.000033
 9    -3.621612    0.999980      0.000008
10    -3.621625    0.999987      0.000006
4.197316    0.777478    
3.227991    3.422915    0.457842    0.391063    
2.070641    3.295502    3.161897    0.462817    0.388294    0.215281    
2.055555    3.135570    3.364253    3.835296    0.629298    0.457902    0.283644    0.218284    
1.701519    2.712340    2.941193    3.552375    3.472305    0.572547    0.448693    0.357480    0.221185    0.137586    
1.400342    2.752107    2.882930    3.077963    3.623149    3.804939    0.632934    0.441946    0.386066    0.316596    0.150080    0.110974    
1.382336    2.749486    2.909511    3.223386    3.652810    3.693310    4.586052    0.607162    0.465584    0.396994    0.307507    0.233534    0.112699    0.076709    
1.136673    2.357566    2.765405    3.051248    3.380881    3.812911    3.955407    4.511204    0.606551    0.469218    0.408633    0.350987    0.262804    0.193077    0.092718    0.055005    
0.891922    1.969069    2.499527    2.842948    3.141460    3.507744    3.902642    4.046621    4.402760    0.592197    0.476494    0.419415    0.371550    0.314264    0.232395    0.168479    0.074457    0.045281    
0.860658    1.954965    2.493866    2.854907    3.141502    3.472596    3.861840    4.124516    4.295094    4.638599    0.606926    0.491047    0.434631    0.386086    0.331336    0.257933    0.189654    0.108114    0.055304    0.019176    
