 6    -1.886911    2.649642    0.004332
-0.579335  -0.256799  -1.403429  0.787643  -0.286088  0.092368  0.611031  -0.920969  -0.368623  0.503275  -0.321653  -0.481067  0.552648  -0.557544  0.445270  
0.305179  -0.080149  -0.673377  0.190573  -0.197318  0.188335  
 1    -1.137074    0.255133      0.165288
 2    -1.623958    0.014289      0.057963
 3    -1.812861    0.174661      0.016323
 4    -1.813335    0.175531      0.016218
 5    -1.815753    0.172832      0.015685
 6    -1.817126    0.198214      0.015383
 7    -1.817815    0.170275      0.015231
 8    -1.823877    0.162549      0.013895
 9    -1.830185    0.156824      0.012504
10    -1.833624    0.129074      0.011746
6.023314    0.842269    
3.494622    4.190341    0.550202    0.371567    
3.191841    3.835074    5.987408    0.586046    0.490732    0.237467    
3.180438    3.836183    6.103452    6.283185    0.583117    0.496485    0.233575    1.557889    
3.053485    3.817688    5.602971    5.701129    5.654197    0.578671    0.491944    0.240599    1.570796    1.537124    
3.066153    3.816122    5.735859    5.708557    5.661473    6.283185    0.580178    0.491532    0.247853    1.570796    1.536090    1.552483    
3.042138    3.816696    5.701922    5.854211    5.847767    6.205915    1.772834    0.578310    0.493148    0.242296    1.570796    1.531634    1.570796    1.549318    
2.999645    3.800838    5.685606    6.013406    6.188435    6.269962    6.283185    6.283185    0.571701    0.494618    0.243899    1.570796    1.523773    1.531626    1.570796    0.039042    
2.924557    3.782745    5.631620    6.166473    6.110033    6.283185    5.962112    5.961828    6.283185    0.568934    0.495842    0.252691    1.570796    1.511067    1.519533    1.569389    0.059496    0.038944    
2.814758    3.733077    5.201620    6.283185    6.283185    6.283185    6.283185    6.196609    5.963279    4.750093    0.562942    0.488670    0.255793    1.570796    1.493580    1.531200    1.552828    0.058828    0.043323    0.036475    
