 6    -2.865383    3.561523    0.591522
-0.772544  -0.339930  -0.892330  0.660013  0.253680  1.573258  -0.578790  -1.557856  0.295479  -0.485479  -0.903351  1.664279  1.799863  -0.172902  0.933821  
0.359547  0.238729  -0.235918  0.267207  -0.257449  0.329310  
 1    -1.603836    0.437741      0.196291
 2    -2.629525    0.921144      0.036699
 3    -2.826028    0.985594      0.006123
 4    -2.858089    0.997171      0.001135
 5    -2.864703    0.999685      0.000106
 6    -2.865091    0.999864      0.000045
 7    -2.865180    0.999900      0.000032
 8    -2.865182    0.999900      0.000031
 9    -2.865196    0.999908      0.000029
10    -2.865199    0.999909      0.000029
6.216774    0.455454    
4.559683    5.472014    0.769117    0.405695    
2.650650    3.758812    4.800232    0.589465    0.564836    0.306437    
2.038675    3.522358    2.910202    3.811034    0.611691    0.487928    0.328264    0.214904    
1.594102    3.044308    2.891654    3.050487    3.897856    0.628266    0.470628    0.388879    0.293534    0.144591    
1.586581    3.013809    2.937274    3.043632    3.764331    5.216994    0.623960    0.476256    0.394269    0.305047    0.196627    0.050178    
1.582008    2.953351    2.894765    3.029599    3.839869    5.380650    5.908403    0.620346    0.468160    0.393079    0.303961    0.181592    0.000000    1.540251    
1.575927    2.936027    2.886117    3.018855    3.815622    5.238875    5.703954    2.768152    0.619331    0.466625    0.393196    0.304691    0.183475    0.000000    1.540072    1.566722    
1.560779    2.925625    2.870571    2.997157    3.753920    5.564127    4.502576    3.622285    5.928173    0.619856    0.466242    0.392247    0.306274    0.182073    0.000000    1.539067    1.570710    0.012033    
1.575790    2.930459    2.863891    2.979361    3.729897    5.619009    3.996797    3.305879    6.141498    2.995756    0.620425    0.465126    0.390090    0.303487    0.178276    0.000000    1.543333    1.570796    0.014983    0.000007    
