 6    -3.066339    3.164398    0.156989
-0.865377  -0.906804  -0.216282  -1.436207  -1.287836  0.000968  0.262022  -0.588278  -0.086633  2.495468  0.738580  -1.138786  -0.119129  -1.040382  -0.558895  
-0.277246  -0.133490  -0.174691  0.819154  -0.130934  -0.206481  
 1    -1.808494    0.401452      0.201877
 2    -2.620867    0.810713      0.071496
 3    -2.822280    0.900476      0.039170
 4    -2.998267    0.967489      0.010925
 5    -3.048409    0.991397      0.002878
 6    -3.062919    0.998347      0.000549
 7    -3.065550    0.999706      0.000127
 8    -3.066182    0.999941      0.000025
 9    -3.066268    0.999976      0.000011
10    -3.066253    0.999970      0.000014
4.492240    0.667163    
3.228450    3.661642    0.479162    0.392381    
2.323079    3.393813    3.432373    0.501932    0.391633    0.213515    
2.331941    3.242111    3.295696    4.199668    0.591923    0.461863    0.264731    0.202416    
1.747575    2.796726    2.996307    3.575123    3.598933    0.567091    0.444318    0.363122    0.219340    0.136014    
1.403308    2.700949    2.850008    3.077086    3.539963    3.858509    0.621765    0.438712    0.378974    0.309274    0.162656    0.098544    
1.362828    2.629537    2.837910    3.128206    3.557380    3.743577    4.668663    0.600310    0.453872    0.390956    0.308283    0.218317    0.109551    0.046362    
1.099045    2.279429    2.701349    2.984616    3.299171    3.785891    3.941351    4.767343    0.595637    0.462836    0.404932    0.347535    0.262395    0.177008    0.080284    0.034260    
0.950670    2.102121    2.578514    2.844116    3.108388    3.471936    3.790080    4.035819    4.091315    0.599095    0.477182    0.411670    0.359993    0.294882    0.209881    0.135765    0.052401    0.026661    
1.044440    2.174452    2.606000    2.875201    3.156492    3.572038    3.911621    4.803023    4.312081    3.103751    0.590416    0.459647    0.401372    0.346349    0.271498    0.173892    0.103010    0.009287    0.012510    1.549266    
