 6    -3.460574    5.207095    0.270769
2.630205  0.331635  -0.987540  1.196508  1.705176  0.144573  -0.224789  0.221373  2.062121  2.356455  2.345444  -0.973641  -0.211556  -0.499396  -1.075603  
0.379157  -0.264314  -0.240786  0.262911  0.248265  0.267115  
 1    -1.732373    0.347234      0.199385
 2    -3.121906    0.904167      0.039073
 3    -3.413508    0.981779      0.005430
 4    -3.450889    0.994781      0.001117
 5    -3.459379    0.999091      0.000138
 6    -3.460194    0.999803      0.000044
 7    -3.460451    0.999936      0.000014
 8    -3.460458    0.999937      0.000013
 9    -3.460467    0.999950      0.000012
10    -3.460469    0.999950      0.000012
3.700222    0.333553    
4.428686    5.458568    0.759936    0.402676    
2.864410    4.021564    4.854504    0.636644    0.556105    0.287090    
2.294275    3.413863    2.962109    3.925427    0.607951    0.463848    0.326341    0.201294    
1.672108    3.104965    2.936067    3.152933    4.027636    0.623229    0.468143    0.382446    0.292667    0.137541    
1.561295    2.912570    2.915931    3.024191    3.649009    4.623817    0.612685    0.462589    0.391603    0.306473    0.196118    0.049914    
1.246913    2.544761    2.960638    2.989193    3.310779    4.176914    5.384876    0.620881    0.491321    0.429555    0.354355    0.279093    0.166217    0.043047    
1.225125    2.551122    2.973442    2.983356    3.250573    4.027183    4.252409    3.000129    0.628856    0.500326    0.433381    0.356573    0.285620    0.176717    0.044834    0.019662    
1.226672    2.556056    2.984409    3.010420    3.292134    4.083584    4.762232    3.123090    4.036926    0.625450    0.497981    0.434981    0.357857    0.287144    0.186167    0.067410    0.019760    0.010599    
1.218850    2.532998    2.964774    2.986592    3.271327    4.040326    4.518275    3.134936    4.213996    5.833267    0.621761    0.495485    0.432865    0.356814    0.288194    0.185613    0.061929    0.021116    0.000149    1.565064    
