 6    -3.164974    4.602306    0.144057
-1.789561  -0.620432  -1.171035  0.148565  0.893654  -1.575155  -0.288518  -0.152455  -0.774642  -0.676979  1.407445  0.790398  -1.298069  -1.898607  -0.394314  
-0.254733  -0.181019  -0.161158  0.671754  0.215906  0.236066  
 1    -2.022360    0.421782      0.147106
 2    -2.736000    0.816266      0.055228
 3    -2.959256    0.906002      0.026485
 4    -3.112754    0.973448      0.006723
 5    -3.153274    0.994254      0.001506
 6    -3.163733    0.999391      0.000160
 7    -3.164103    0.999644      0.000112
 8    -3.164690    0.999886      0.000037
 9    -3.164284    0.999705      0.000089
10    -3.164754    0.999905      0.000028
5.499644    0.643235    
3.153130    3.881963    0.523002    0.383870    
2.484906    3.354641    3.871160    0.554293    0.423362    0.225224    
2.102632    3.167699    3.240839    3.998447    0.628128    0.466119    0.315416    0.207837    
1.648530    2.738646    2.933338    3.337779    3.620739    0.602960    0.450909    0.379034    0.244762    0.130718    
1.427300    2.604916    2.727059    2.921044    3.345609    3.832840    0.628615    0.443800    0.381624    0.307690    0.179802    0.083494    
1.389183    2.547430    2.719670    2.933063    3.320664    3.788719    4.447902    0.616199    0.451421    0.389907    0.313471    0.210170    0.103068    0.024668    
1.046224    2.258377    2.695172    2.892099    3.128301    3.629652    3.964996    4.799772    0.621689    0.499497    0.425661    0.365499    0.285706    0.195256    0.093556    0.031860    
1.370206    2.527268    2.682374    2.874621    3.246636    3.567211    5.617976    6.018243    3.989277    0.615292    0.446251    0.384529    0.309900    0.191824    0.097670    0.000000    1.555620    0.002760    
0.956582    0.018990    2.140710    2.612934    2.807194    3.006539    3.440055    3.510987    5.432180    5.736750    1.195208    0.990319    0.502713    0.423432    0.363976    0.290058    0.178472    0.086291    0.000000    1.549860    
