 6    -2.902809    3.450009    0.627587
0.339865  0.191300  -1.140822  0.778411  1.707351  1.008358  -1.292085  -0.473293  0.210802  -0.992069  0.924987  0.120085  -0.173989  1.086957  1.130888  
0.172027  0.345211  -0.173516  0.288960  0.215399  -0.343919  
 1    -1.503918    0.479732      0.220200
 2    -2.597836    0.864746      0.048006
 3    -2.824095    0.962457      0.012390
 4    -2.870750    0.983867      0.005046
 5    -2.892311    0.995528      0.001652
 6    -2.901962    0.999553      0.000133
 7    -2.902496    0.999842      0.000049
 8    -2.902611    0.999909      0.000031
 9    -2.902624    0.999912      0.000029
10    -2.902637    0.999916      0.000027
5.923652    0.611982    
5.057806    5.941691    0.730730    0.393009    
3.527541    4.540529    5.208811    0.630110    0.506806    0.255991    
2.690168    4.023388    4.116562    4.738053    0.599503    0.487957    0.350052    0.155996    
2.403834    3.840068    3.733690    4.153347    5.426096    0.606241    0.479776    0.363153    0.259148    0.093076    
1.845399    3.583936    3.630933    3.670907    4.474421    5.896835    0.629092    0.490154    0.398670    0.299809    0.205293    0.071099    
1.418670    2.779542    3.301328    3.468721    3.846801    4.678255    5.804184    0.604046    0.465863    0.420780    0.352098    0.271011    0.168376    0.057721    
1.411749    2.814881    3.385140    3.531413    3.835775    4.638258    5.695907    6.279235    0.610772    0.481659    0.432397    0.358021    0.281385    0.186882    0.080010    0.013420    
1.347014    2.766998    3.405661    3.520304    3.776734    4.572761    5.411775    5.013291    4.888453    0.609980    0.490553    0.438168    0.360810    0.289505    0.199470    0.089689    0.023467    0.006553    
1.407471    2.798802    3.379430    3.533956    3.838657    4.644473    5.655322    5.612261    4.291921    5.868425    0.607620    0.480228    0.432583    0.358443    0.281591    0.186806    0.077343    0.011555    0.000000    1.567746    
