 6    -4.227020    3.530525    0.949037
0.238444  0.083739  -0.285309  0.820320  2.772535  1.922071  0.717749  0.194126  -1.362224  1.075911  0.656403  0.149734  0.320614  0.914567  -1.547847  
0.267189  -0.187126  0.145608  0.117855  -0.738555  -0.158312  
 1    -2.038513    0.394070      0.282113
 2    -3.502033    0.812336      0.093456
 3    -3.888095    0.909257      0.043690
 4    -4.132872    0.973285      0.012136
 5    -4.204037    0.992460      0.002963
 6    -4.223055    0.998241      0.000511
 7    -4.225559    0.999198      0.000188
 8    -4.226461    0.999816      0.000072
 9    -4.226847    0.999939      0.000022
10    -4.226984    0.999985      0.000005
4.815443    0.563033    
4.011593    4.610908    0.534851    0.366703    
2.810531    4.269891    4.304179    0.550103    0.407044    0.236245    
2.528540    4.076335    4.206062    4.743225    0.623350    0.473544    0.311185    0.186956    
2.041435    3.476334    3.698386    4.273852    4.477995    0.588839    0.455114    0.380510    0.236313    0.125713    
1.694302    3.229982    3.414748    3.654410    4.221468    4.636004    0.609482    0.450057    0.385506    0.308973    0.181056    0.091752    
1.439372    2.910561    3.293656    3.556693    3.872601    4.495286    4.796470    0.605808    0.467178    0.404148    0.340154    0.258945    0.148096    0.063463    
1.337577    2.764107    3.247647    3.536892    3.862444    4.427112    4.815120    5.395264    0.601418    0.466712    0.412770    0.356559    0.279281    0.196393    0.094717    0.035503    
1.044221    2.397256    2.987194    3.363066    3.651249    4.036750    4.575610    4.870500    5.444318    0.618057    0.494088    0.430985    0.384249    0.331932    0.259017    0.178489    0.081781    0.033520    
0.932727    2.141588    2.757985    3.179498    3.460558    3.778531    4.199110    4.569169    4.895263    5.146196    0.625321    0.502022    0.445415    0.397571    0.355548    0.305212    0.230590    0.152826    0.068691    0.029638    
