 6    -2.517642    3.397696    0.284814
0.277660  1.805239  -0.840097  -0.895218  0.561813  -0.478703  0.312600  -1.203183  -1.609399  -0.798519  -0.206177  -0.118149  0.223079  0.612972  1.086046  
-0.352301  0.114411  0.163903  -0.603216  -0.163518  0.262466  
 1    -0.523578    0.129198      0.337101
 2    -2.150031    0.790128      0.062145
 3    -2.348451    0.869602      0.028602
 4    -2.463369    0.960521      0.009175
 5    -2.494891    0.984557      0.003846
 6    -2.509251    0.993800      0.001419
 7    -2.516573    0.999401      0.000181
 8    -2.517481    0.999911      0.000027
 9    -2.517542    0.999961      0.000017
10    -2.517569    0.999970      0.000012
4.654076    0.192078    
3.676841    4.269353    0.562760    0.364311    
2.985079    3.780808    4.726625    0.571521    0.447966    0.212560    
2.603586    3.587415    3.626021    4.751172    0.595287    0.467504    0.304849    0.181564    
1.824622    3.221530    3.441537    3.888111    4.459494    0.591724    0.466052    0.392436    0.246446    0.120526    
1.672711    3.072333    3.231259    3.498938    3.989880    4.682598    0.627097    0.458840    0.392800    0.306136    0.181967    0.080464    
1.571515    2.956880    3.175324    3.453319    3.914604    4.347810    5.123940    0.612432    0.470105    0.403247    0.317571    0.231756    0.125508    0.054275    
1.275415    2.520917    2.961004    3.228533    3.575829    4.117513    4.537469    4.943574    0.605520    0.467540    0.412968    0.353831    0.274029    0.191243    0.095696    0.037500    
1.141641    2.274807    2.732394    2.978575    3.259240    3.666447    3.992101    4.277086    4.462133    0.591336    0.459177    0.403377    0.353135    0.293327    0.214831    0.137741    0.066184    0.026580    
1.076639    2.162657    2.621986    2.893939    3.201682    3.627881    4.045922    4.457871    4.716269    5.942139    0.586324    0.455263    0.400545    0.358029    0.307463    0.235234    0.160004    0.083210    0.035952    0.005248    
