 6    -3.727309    4.320653    0.143524
-1.416842  1.141139  -0.062071  0.221127  -1.024472  -0.338375  2.052339  -0.303012  -1.444028  -2.597116  -2.753540  -1.642764  0.524421  -0.364225  -0.637291  
0.319985  0.216850  -0.293458  -0.284819  -0.240656  -0.214709  
 1    -1.804722    0.311340      0.238891
 2    -3.412352    0.878590      0.039135
 3    -3.676147    0.977515      0.006357
 4    -3.713593    0.990430      0.001704
 5    -3.715248    0.995007      0.001499
 6    -3.716364    0.996337      0.001360
 7    -3.726664    0.999306      0.000080
 8    -3.726675    0.999430      0.000079
 9    -3.726751    0.999610      0.000069
10    -3.726789    0.999777      0.000065
5.915574    0.336491    
4.704516    5.508619    0.724903    0.362189    
3.404798    4.160515    4.782711    0.630026    0.496198    0.254145    
2.526633    3.484028    3.430105    4.043177    0.569404    0.457063    0.326804    0.172736    
2.552329    3.506830    3.470548    4.153932    6.124119    0.576952    0.458851    0.336321    0.202318    0.030980    
2.553011    3.518243    3.492407    4.246798    6.283185    6.283185    0.581054    0.460296    0.340621    0.192784    0.000000    1.545692    
1.648980    3.219473    3.238480    3.371520    4.293087    5.738154    6.283185    0.613981    0.470953    0.392146    0.303620    0.171369    1.570796    1.539853    
1.640492    3.220067    3.241395    3.365979    4.296357    5.720143    6.274805    5.013035    0.613375    0.471827    0.392025    0.303664    0.172356    1.570796    1.537464    1.568544    
1.645918    3.204813    3.245053    3.383853    4.298195    5.809269    6.252632    6.283185    6.217976    0.614544    0.471280    0.394717    0.307305    0.181053    1.570796    1.527194    0.000000    0.008484    
1.650613    3.170124    3.218421    3.326149    4.168222    5.466824    5.963576    5.507642    3.999540    3.608609    0.614674    0.467954    0.392767    0.304785    0.185844    1.567116    1.497289    1.529138    1.561114    1.564643    
