 6    -3.560477    1.990232    0.316832
-1.708201  -0.685090  0.474089  1.287810  -0.074869  0.118065  0.501762  1.971941  -1.543012  1.101359  0.513531  1.303107  -0.039411  -0.404673  0.646122  
-0.155109  -0.694766  -0.130847  0.145336  0.315651  -0.007013  
 1    -1.601471    0.212337      0.352929
 2    -2.969733    0.465530      0.106427
 3    -3.200487    0.504103      0.064855
 4    -3.327741    0.533069      0.041929
 5    -3.350053    0.541212      0.037909
 6    -3.354429    0.550962      0.037121
 7    -3.360969    0.568325      0.035943
 8    -3.374365    0.608424      0.033529
 9    -3.390432    0.636981      0.030635
10    -3.405635    0.667916      0.027896
3.648128    0.493273    
4.201377    4.651657    0.537630    0.334018    
2.577002    4.481572    4.410093    0.536819    0.409718    0.227134    
2.517802    4.189964    4.572820    5.038290    0.624144    0.458950    0.308516    0.162854    
1.817108    3.770963    4.213866    4.778531    5.434595    0.610656    0.467340    0.389460    0.225486    0.091421    
1.905037    3.709859    4.263245    4.948698    5.385791    6.283185    0.609810    0.490429    0.403837    0.291975    0.142231    0.056532    
1.837169    3.843892    4.407757    5.024079    5.881894    6.083922    6.283185    0.624237    0.493876    0.422852    0.307937    0.200458    0.107942    0.059113    
2.267177    4.099613    4.629717    5.746633    6.283185    6.283185    6.012943    5.626771    0.604240    0.474610    0.358857    0.266249    0.179892    0.223725    0.139707    0.098292    
1.852506    3.775863    4.077809    4.237370    6.283185    6.283185    6.071468    5.998619    5.484939    0.621289    0.444550    0.355162    0.190862    0.118798    0.107609    0.210640    0.151831    0.110843    
1.947219    3.874003    4.440809    5.275278    6.283185    6.283185    4.175612    6.066392    5.716060    5.620372    0.630912    0.454203    0.385357    0.163489    0.000000    0.045022    0.124075    0.238667    0.166790    0.109994    
