 6    -2.245551    1.557360    0.437369
0.222694  0.208597  0.246924  0.946107  -0.909334  0.788368  -0.080894  1.422173  0.389988  0.123607  -1.079835  -0.395403  -0.699981  0.098276  0.313446  
0.062272  0.420391  -0.286259  -0.031742  -0.537564  0.003324  
 1    -1.361781    0.164157      0.232393
 2    -1.557824    0.232316      0.180842
 3    -1.739808    0.342054      0.132988
 4    -1.913348    0.456312      0.087355
 5    -2.008662    0.519660      0.062291
 6    -2.019630    0.529791      0.059407
 7    -2.028641    0.539314      0.057038
 8    -2.039563    0.554524      0.054166
 9    -2.050863    0.566861      0.051195
10    -2.059178    0.580702      0.049008
5.434160    0.616541    
3.857631    5.293103    0.616706    0.256140    
5.054801    5.646207    6.283185    0.768182    0.355662    0.255753    
4.641368    5.051746    6.283185    5.661881    0.582986    0.285504    0.258570    0.219816    
4.012696    4.258416    6.283185    6.283185    6.076249    0.552447    0.228965    0.190206    0.300242    0.169838    
3.514647    5.020714    6.283185    6.283185    6.081041    6.283185    0.632484    0.383689    0.232494    0.188852    0.190633    0.109007    
3.049548    5.034611    6.283185    6.283185    6.283185    6.283185    6.056731    0.604507    0.487213    0.344813    0.215381    0.065140    0.162493    0.131011    
3.719937    4.950329    6.283185    6.283185    6.095117    6.283185    6.283185    6.283185    0.631332    0.385421    0.326336    0.301721    0.124410    0.000000    0.119624    0.118586    
3.040845    4.620124    6.283185    6.150493    5.966533    6.283185    6.283185    6.283185    6.230954    0.557235    0.416545    0.308967    0.323064    0.227192    0.022573    0.000000    0.151644    0.109673    
3.576439    4.608514    6.283185    6.283185    5.978583    6.283185    6.283185    6.283185    6.283185    6.283185    0.588053    0.359144    0.287924    0.303300    0.234616    0.096920    0.000000    0.034262    0.128710    0.093763    
