 6    -4.900452    4.913610    1.159783
0.883490  -0.457785  -0.092110  -1.329808  3.064264  2.017759  0.917338  -1.485646  0.912503  -1.919773  -1.823598  -0.359470  -1.803942  0.538994  -0.087634  
0.310437  -0.204298  0.278637  0.268236  0.300914  -0.184004  
 1    -2.423508    0.407356      0.252387
 2    -4.470683    0.886763      0.043791
 3    -4.811022    0.973854      0.009112
 4    -4.869406    0.988690      0.003163
 5    -4.887038    0.994691      0.001367
 6    -4.899259    0.999625      0.000122
 7    -4.899295    0.999618      0.000118
 8    -4.899754    0.999818      0.000071
 9    -4.899870    0.999852      0.000059
10    -4.899849    0.999853      0.000061
4.303746    0.402626    
5.050863    5.924001    0.749561    0.393559    
3.438564    4.373482    5.089287    0.634717    0.509994    0.257869    
2.634148    3.652336    3.631421    4.372576    0.580220    0.461950    0.332977    0.169683    
1.927683    3.579161    3.408332    3.687821    4.665462    0.616843    0.477608    0.375372    0.281589    0.115275    
1.816025    3.447938    3.480960    3.572872    4.451144    5.974325    0.619150    0.486755    0.394233    0.300655    0.198489    0.063818    
1.810531    3.448279    3.477975    3.570239    4.496142    6.115116    6.243635    0.617535    0.486249    0.392521    0.297158    0.191393    0.051108    1.562918    
1.703063    3.305939    3.355809    3.410859    4.127662    4.931255    5.837770    5.095951    0.615676    0.478464    0.391520    0.306933    0.202703    0.069629    1.570796    1.553320    
1.637523    3.181383    3.213997    3.238676    3.783770    4.020855    3.628534    5.147951    3.906473    0.613626    0.468391    0.383750    0.310624    0.210512    0.089613    0.025398    1.570796    1.554272    
1.654820    3.212726    3.256351    3.274372    3.803241    3.952647    3.366965    5.013130    4.272792    3.932427    0.615709    0.471778    0.387019    0.309107    0.207743    0.083414    0.027934    1.570796    1.554366    1.570045    
