 6    -3.627860    2.952645    0.132855
1.584050  0.306209  -0.722096  0.029006  -2.123688  -1.829934  0.920972  -0.910938  0.595995  2.324745  -0.049952  -2.065527  0.045791  0.106866  -0.384576  
-0.220274  -0.838489  0.247629  -0.362011  0.000766  -0.043725  
 1    -1.702455    0.145623      0.292592
 2    -2.988526    0.239869      0.097156
 3    -2.994826    0.245454      0.096198
 4    -3.000846    0.231251      0.095284
 5    -3.041380    0.231794      0.089124
 6    -3.183465    0.371254      0.067532
 7    -3.158357    0.302970      0.071348
 8    -3.185038    0.357749      0.067293
 9    -3.276538    0.468800      0.053388
10    -3.304473    0.472365      0.049143
4.495837    1.122495    
5.949102    5.864008    0.962374    0.303785    
5.493697    1.360271    4.606204    1.031484    1.466920    0.324836    
2.554488    3.812727    6.283185    5.607077    0.037669    0.959818    0.367539    1.473665    
2.285694    3.930422    6.283185    2.450472    4.500545    0.159946    0.930441    0.233613    0.229007    1.372949    
5.151519    2.789443    6.164533    6.283185    3.034826    3.173144    1.506531    0.964113    0.330296    0.664104    0.857893    0.498553    
3.843106    2.858854    6.283184    1.867137    4.273386    4.119433    6.283185    0.762142    1.210112    0.000000    0.578912    0.996778    0.274075    0.141816    
3.891517    3.127054    3.692674    4.288515    2.792859    4.957546    1.694980    5.671733    0.646801    1.296806    0.093822    0.588587    1.132934    0.579666    1.106119    0.255628    
2.153762    2.835108    6.115109    4.740481    4.018706    6.283185    6.283185    1.880803    3.099541    0.443862    0.436724    0.295773    0.172369    1.506579    0.275179    0.494511    0.905145    0.343591    
6.083732    3.521280    4.104400    4.437031    4.398001    6.283185    5.977396    2.421403    3.614558    0.797807    0.659056    1.146256    0.570933    0.000000    1.285108    0.308849    0.580335    0.852044    0.418639    1.481596    
