 6    -2.069947    1.896117    0.085954
1.594854  -0.655138  1.016982  0.369841  -0.070009  -0.682898  -0.254259  -0.672071  0.295525  0.098739  -0.925285  0.296286  -0.202728  -0.416951  -0.139597  
0.311766  -0.240019  -0.154692  -0.548989  -0.178486  0.077124  
 1    -1.044580    0.262781      0.258535
 2    -1.863438    0.666666      0.052069
 3    -1.989653    0.754881      0.020245
 4    -2.039593    0.828445      0.007653
 5    -2.054987    0.863288      0.003772
 6    -2.059205    0.888669      0.002708
 7    -2.064755    0.964170      0.001309
 8    -2.068063    0.993432      0.000475
 9    -2.069740    0.999834      0.000052
10    -2.069840    0.999925      0.000027
4.521838    0.720666    
4.127059    4.770983    0.603174    0.346075    
3.008085    4.048131    4.746244    0.562768    0.444506    0.207551    
2.453970    3.898884    4.141555    5.010331    0.619044    0.471060    0.337128    0.158127    
1.848989    3.489337    3.824430    4.360535    5.068740    0.603170    0.472187    0.392950    0.243735    0.091467    
1.686870    3.192092    3.507070    3.845745    4.398868    5.093479    0.622046    0.458474    0.395378    0.297435    0.167607    0.060714    
1.795512    3.391814    3.653621    4.120172    4.777889    5.191169    5.968928    0.599227    0.477281    0.407655    0.303124    0.213145    0.123989    0.062430    
1.760303    3.417380    3.661757    4.093004    4.709278    5.212925    5.647202    5.696345    0.621335    0.476835    0.409905    0.318101    0.228334    0.172303    0.115787    0.047462    
1.607293    3.127933    3.514981    3.946462    4.557118    5.089033    5.592006    5.465076    5.749027    0.613087    0.471954    0.413904    0.334297    0.249546    0.190830    0.151761    0.092960    0.036219    
1.350383    2.654878    3.214724    3.614000    4.126668    4.746835    5.193932    5.294918    5.268662    5.288830    0.593107    0.460181    0.414939    0.355695    0.281507    0.215870    0.164568    0.126408    0.069185    0.025764    
