 6    -2.569838    1.778910    0.284006
0.430938  -0.542637  0.194046  0.385938  -0.267642  0.217277  -0.090503  -1.006812  0.651659  0.164604  -0.647003  0.385322  1.784355  -0.112984  1.501999  
0.168838  -0.159534  -0.739801  0.161282  -0.228515  0.241120  
 1    -1.567837    0.335554      0.230411
 2    -2.255311    0.818586      0.072326
 3    -2.426234    0.861418      0.033022
 4    -2.531294    0.954761      0.008863
 5    -2.560279    0.985435      0.002198
 6    -2.567697    0.996497      0.000492
 7    -2.569232    0.999473      0.000139
 8    -2.569714    0.999909      0.000029
 9    -2.569770    0.999962      0.000016
10    -2.569791    0.999954      0.000011
6.052254    0.809350    
3.218286    3.865396    0.518676    0.391145    
2.608256    3.415172    4.380074    0.544625    0.444738    0.207545    
2.143813    3.183740    3.179064    4.372410    0.597767    0.455419    0.314359    0.206874    
1.624122    2.783560    3.007851    3.325908    3.867132    0.595128    0.446905    0.378227    0.244173    0.138102    
1.453601    2.665626    2.818629    3.051050    3.471161    3.985199    0.619677    0.441986    0.378874    0.303589    0.176226    0.079733    
1.441968    2.684552    2.861292    3.125289    3.547483    3.898239    4.837004    0.612151    0.456918    0.392767    0.312063    0.216082    0.109200    0.040558    
1.153635    2.276939    2.671554    2.943691    3.262412    3.750866    4.075155    4.576251    0.592465    0.456505    0.403721    0.347374    0.267009    0.179899    0.082469    0.033407    
1.017548    2.127277    2.569968    2.825419    3.093958    3.465468    3.813865    4.026005    4.104038    0.594287    0.469955    0.411035    0.360107    0.298690    0.217886    0.136338    0.059641    0.024355    
0.857369    2.026796    2.536724    2.826984    3.060267    3.365879    3.804757    3.910182    3.680894    2.326022    0.628274    0.511498    0.437874    0.385779    0.330539    0.257022    0.174158    0.082446    0.027428    0.015014    
