 6    -3.021665    3.123893    0.128284
-0.994205  -0.671251  -0.887883  0.195603  1.382997  0.888781  -0.060407  -0.573972  0.071070  -1.079800  1.842317  -1.375264  1.536962  1.111330  0.582643  
0.167124  0.195557  -0.211045  -0.649361  0.213029  -0.194366  
 1    -1.588778    0.350635      0.233158
 2    -2.622057    0.763499      0.065024
 3    -2.864205    0.829069      0.025622
 4    -2.980368    0.954958      0.006720
 5    -3.006891    0.982672      0.002404
 6    -3.016846    0.993472      0.000784
 7    -3.019931    0.998380      0.000282
 8    -3.021323    0.999756      0.000056
 9    -3.021614    0.999974      0.000008
10    -3.021632    0.999977      0.000005
4.393387    0.440322    
3.253879    4.079257    0.552679    0.364770    
2.702004    3.634350    4.895898    0.588111    0.463267    0.232618    
2.256374    3.248394    3.328401    4.476338    0.586613    0.454387    0.308301    0.193750    
1.605931    2.905193    3.148528    3.532397    4.100141    0.582618    0.451249    0.382450    0.241342    0.125053    
1.433575    2.755804    2.937654    3.178314    3.656609    4.158788    0.620258    0.446655    0.383830    0.303371    0.177761    0.078900    
1.380220    2.690278    2.934131    3.217734    3.691316    4.030482    5.091298    0.600287    0.460154    0.396765    0.311569    0.219493    0.111482    0.041281    
1.191539    2.464139    2.866376    3.127101    3.437374    3.988594    4.307078    5.044432    0.615567    0.481679    0.416230    0.353566    0.270861    0.185129    0.089627    0.036958    
0.927640    2.064325    2.611588    2.931611    3.208432    3.594903    4.074211    4.378503    4.667158    0.606233    0.487525    0.430495    0.379227    0.320889    0.243588    0.162177    0.075915    0.031584    
0.873985    2.014413    2.584535    2.934002    3.183546    3.528538    4.005994    4.371923    4.656175    4.778635    0.621901    0.505690    0.444552    0.392603    0.337697    0.267245    0.188909    0.102092    0.046101    0.009188    
