 6    -2.475154    2.603108    0.172815
-0.785379  0.950782  -0.027696  -1.235860  -0.578111  0.713701  -0.686916  1.087173  0.024415  -1.229610  0.309458  1.095729  1.452500  -0.108886  0.952027  
-0.160763  0.631297  0.158461  0.234052  -0.328880  -0.088518  
 1    -1.387951    0.227788      0.214090
 2    -2.139862    0.677131      0.066025
 3    -2.331480    0.760917      0.028292
 4    -2.394089    0.868220      0.015963
 5    -2.422108    0.911327      0.010446
 6    -2.448833    0.961225      0.005183
 7    -2.464588    0.986002      0.002081
 8    -2.472584    0.996626      0.000506
 9    -2.474553    0.999586      0.000118
10    -2.474947    0.999880      0.000041
5.221524    0.804736    
3.667606    4.352823    0.594489    0.359942    
2.947504    3.890217    5.177701    0.584030    0.473228    0.211158    
2.358847    3.502060    3.691750    4.927725    0.587385    0.461078    0.321915    0.169065    
1.961070    3.458374    3.711471    4.412042    5.450117    0.612705    0.483815    0.384705    0.249906    0.095305    
1.838619    3.389665    3.677264    4.314800    4.774608    6.076487    0.602115    0.492547    0.404376    0.273701    0.177340    0.086879    
1.705901    3.304885    3.549873    4.030638    4.648273    5.033922    5.606187    0.619776    0.487759    0.411885    0.303302    0.208631    0.139123    0.070760    
1.583125    3.129623    3.411695    3.821286    4.340640    4.778542    5.086377    5.787841    0.621109    0.488568    0.413332    0.320659    0.235734    0.166533    0.122092    0.052189    
1.379175    2.764930    3.175624    3.538009    4.023725    4.497627    5.000523    5.029440    5.444802    0.613695    0.478561    0.419639    0.345628    0.264258    0.199055    0.145813    0.088067    0.035152    
1.133267    2.391407    2.942346    3.302820    3.711490    4.229421    4.685127    5.013786    5.020577    5.318911    0.605539    0.484065    0.427663    0.371772    0.303001    0.233008    0.174971    0.122938    0.067392    0.025125    
