 6    -3.507835    2.972182    1.130093
-0.200346  -0.722750  -1.006436  -0.435368  0.930336  -0.694714  -3.291892  -0.638987  0.114389  0.204070  -0.750726  0.169636  0.328819  -0.584229  0.753944  
-0.176463  -0.342762  -0.122242  -0.544969  -0.114414  0.121503  
 1    -1.383231    0.211642      0.327870
 2    -2.939374    0.734411      0.087725
 3    -3.324953    0.901571      0.028223
 4    -3.414253    0.946883      0.014442
 5    -3.460263    0.975458      0.007341
 6    -3.494308    0.994497      0.002088
 7    -3.504990    0.998600      0.000439
 8    -3.506402    0.999186      0.000221
 9    -3.507086    0.999651      0.000116
10    -3.507612    0.999900      0.000034
3.277409    0.391210    
4.857469    5.775222    0.596124    0.329293    
3.697534    5.197685    5.361597    0.569699    0.415118    0.214789    
2.687222    4.597133    4.900054    5.271778    0.573077    0.431427    0.309706    0.137613    
2.398280    4.387260    4.730197    5.334705    5.947966    0.632064    0.462123    0.368490    0.226276    0.088454    
2.314444    3.966725    4.385569    4.904572    5.749194    6.157194    0.595406    0.456481    0.390971    0.283253    0.158083    0.083284    
1.821274    3.623794    4.004491    4.369640    4.941068    5.875594    5.865113    0.604599    0.457889    0.395369    0.325647    0.224608    0.134109    0.066313    
1.572057    3.159961    3.802297    4.186085    4.581815    5.312288    5.939992    5.969348    0.610448    0.468648    0.408877    0.349401    0.277190    0.184416    0.106362    0.039197    
1.609948    3.212691    3.783611    4.210272    4.598620    5.194636    5.759489    6.283185    6.283185    0.616880    0.484712    0.423296    0.360880    0.293842    0.221623    0.140372    0.065344    0.023755    
1.337332    2.873265    3.558479    3.992542    4.368532    4.887325    5.418876    5.805115    6.283185    6.135355    0.611309    0.489810    0.434180    0.379686    0.322883    0.257171    0.189336    0.111367    0.052647    0.021085    
