 6    -2.531958    2.124958    0.012766
1.197643  -0.714573  -0.331470  0.595437  0.338292  0.659938  -0.500032  0.115505  -0.342145  -0.596453  -0.067084  1.545699  -0.413591  0.960188  -0.016378  
0.250648  -0.151121  0.233120  0.183152  -0.663923  -0.195729  
 1    -1.109675    0.369998      0.305413
 2    -2.109107    0.773496      0.090801
 3    -2.426435    0.766978      0.022659
 4    -2.433324    0.766956      0.021180
 5    -2.459784    0.880225      0.015498
 6    -2.465811    0.885919      0.014204
 7    -2.471713    0.890478      0.012937
 8    -2.481879    0.905520      0.010754
 9    -2.481935    0.912329      0.010742
10    -2.492125    0.929424      0.008553
3.763512    0.498115    
3.396607    4.305915    0.551704    0.394314    
3.111981    3.714391    5.618838    0.597503    0.511041    0.267316    
3.068004    3.738297    5.934835    6.283185    0.590606    0.526137    0.252372    1.530159    
2.630581    3.585122    4.184848    6.238122    5.719562    0.567278    0.479435    0.272472    1.570796    1.458368    
2.363564    3.439500    3.380606    6.187242    5.668738    6.283185    0.535699    0.448375    0.276351    1.570796    1.380188    1.497906    
2.475371    3.487563    3.983323    6.005184    5.486257    6.283185    6.283185    0.544531    0.476768    0.268947    1.570796    1.427397    1.556576    0.042034    
2.270376    3.391616    3.543383    6.230600    5.707469    6.283185    6.283185    5.005873    0.523520    0.460068    0.286263    1.570796    1.376450    1.532936    0.054357    0.042608    
2.280111    3.397481    3.566788    6.190387    5.671809    6.283185    6.283185    5.420218    6.056065    0.524173    0.461761    0.284131    1.570796    1.378629    1.531175    0.057839    0.039353    1.565349    
2.309143    3.443912    3.828508    5.957860    5.439193    6.283185    6.283185    5.223364    6.283185    6.283185    0.529631    0.480113    0.275982    1.570796    1.377632    1.532432    0.078681    0.036073    1.525512    1.517535    
