 6    -2.731508    2.811410    0.669970
0.445292  -0.280395  -1.876685  -0.387690  0.596937  0.683369  0.232692  0.715544  0.804504  0.348361  -0.195662  -0.923606  0.598020  -1.569014  -0.119666  
0.244602  -0.181462  0.617694  0.199885  0.083525  0.365917  
 1    -1.336954    0.268074      0.251592
 2    -2.346761    0.725162      0.069412
 3    -2.526881    0.820863      0.036917
 4    -2.650535    0.917082      0.014608
 5    -2.684074    0.942255      0.008558
 6    -2.707625    0.984128      0.004309
 7    -2.728046    0.998086      0.000625
 8    -2.730889    0.999698      0.000112
 9    -2.731365    0.999940      0.000026
10    -2.731362    0.999939      0.000026
4.998230    0.796312    
3.532961    3.882210    0.567295    0.357229    
2.584088    3.446767    3.769599    0.549727    0.419058    0.208760    
2.548159    3.428982    3.626509    4.448767    0.616974    0.475787    0.292779    0.166693    
1.770728    3.029850    3.290280    3.837583    4.189827    0.584972    0.471975    0.388838    0.232515    0.110918    
2.057477    3.149331    3.430866    4.077115    4.165241    5.195089    0.602746    0.476245    0.371688    0.275226    0.140700    0.081462    
1.523181    2.999970    3.158641    3.538474    4.055181    4.286663    4.754809    0.616926    0.476115    0.405319    0.300699    0.226092    0.128939    0.083584    
1.395713    2.684102    3.005606    3.302103    3.724842    4.207474    4.533528    4.589881    0.624230    0.474336    0.412201    0.338530    0.250112    0.186719    0.109785    0.053036    
1.221619    2.449420    2.874256    3.174541    3.570595    4.027206    4.465044    4.559422    4.756501    0.608426    0.475573    0.420472    0.355770    0.278738    0.208210    0.140825    0.076237    0.024871    
1.219282    2.462672    2.890328    3.193547    3.596472    4.038256    4.504726    4.572370    4.934161    4.474218    0.609648    0.477417    0.422910    0.357343    0.279461    0.209701    0.140658    0.077317    0.025284    0.001202    
