 6    -3.306703    2.031307    1.028050
-1.005836  0.503446  1.199233  1.483479  -0.592821  -0.667869  -0.277927  -0.746122  -1.144461  -0.517024  -1.065586  0.040723  -0.927408  0.138031  -1.344592  
0.212977  -0.240294  -0.275317  -0.270568  -0.267412  -0.260414  
 1    -0.658281    0.162932      0.496144
 2    -2.999774    0.891568      0.057499
 3    -3.251258    0.979013      0.010387
 4    -3.290409    0.992599      0.003052
 5    -3.300897    0.996652      0.001088
 6    -3.305919    0.999725      0.000147
 7    -3.306032    0.999773      0.000126
 8    -3.306102    0.999816      0.000113
 9    -3.306153    0.999844      0.000103
10    -3.306154    0.999846      0.000103
2.069977    0.295087    
5.039316    5.959457    0.749949    0.402313    
3.526652    4.438224    5.128890    0.638838    0.508105    0.257804    
2.652883    3.766931    3.722390    4.424944    0.586520    0.469602    0.335587    0.169320    
1.837103    3.534808    3.448290    3.624375    4.557685    0.612424    0.478030    0.383524    0.282999    0.126607    
1.796401    3.442831    3.494525    3.573725    4.387589    5.930422    0.618088    0.482792    0.397686    0.300121    0.195566    0.055980    
1.796230    3.440441    3.485370    3.571973    4.467602    6.283185    6.186419    0.616614    0.480626    0.395388    0.294387    0.181101    0.029073    1.555222    
1.764725    3.399854    3.455106    3.536563    4.464967    6.275863    5.685737    4.333240    0.614129    0.477722    0.394221    0.294787    0.174714    0.012333    1.543914    1.561096    
1.755016    3.366426    3.447853    3.514071    4.449072    6.267501    6.117797    4.562878    3.467279    0.615389    0.476535    0.395667    0.297740    0.178620    0.001404    1.522965    1.557638    1.560923    
1.753044    3.366356    3.445796    3.512548    4.444146    6.272352    6.066121    4.190809    3.557884    5.281228    0.615316    0.476433    0.395452    0.297656    0.178350    0.002423    1.525620    1.559919    1.561231    0.001091    
