 6    -2.104937    3.312716    0.064790
1.280115  -0.016914  1.288989  -1.524326  0.398734  0.280433  -0.312277  -1.152803  0.120756  -0.404666  1.486642  0.080295  -1.019572  -0.430669  0.541674  
-0.272468  0.276266  -0.237599  0.233213  0.387098  0.012948  
 1    -0.684486    0.138976      0.262189
 2    -1.953711    0.531312      0.027914
 3    -2.010882    0.555436      0.017361
 4    -2.016002    0.564731      0.016416
 5    -2.021892    0.606220      0.015329
 6    -2.033131    0.667487      0.013254
 7    -2.047522    0.743869      0.010598
 8    -2.057312    0.784679      0.008791
 9    -2.066679    0.834360      0.007062
10    -2.076010    0.882189      0.005339
5.616614    0.844325    
5.316951    5.816815    0.721318    0.382912    
2.730668    4.653968    5.375524    0.616594    0.532814    0.264648    
2.076023    4.125402    4.447350    5.102875    0.626562    0.519680    0.387114    0.149789    
2.687925    4.299906    4.824814    5.605434    6.283185    0.590404    0.522493    0.395889    0.240276    0.131054    
2.791500    4.612280    5.544320    6.283185    5.995060    6.283185    0.611693    0.513061    0.339825    0.226387    0.271826    0.136211    
3.318419    4.133585    4.843035    6.283185    6.283185    6.283185    5.979510    0.566182    0.457866    0.177170    0.000000    0.196714    0.274757    0.150909    
3.018091    4.393656    5.260148    6.283185    6.283185    6.283185    5.656964    6.269214    0.602997    0.493732    0.255966    0.000000    0.096961    0.231553    0.244668    0.134550    
2.699806    4.433756    5.112018    6.283185    6.283185    6.283185    5.947821    6.048698    6.283185    0.590057    0.515725    0.268517    0.000000    0.000000    0.106704    0.215623    0.249895    0.128217    
2.816623    4.555148    5.474270    6.283185    6.283185    6.283185    6.283185    6.283185    5.624486    6.039190    0.610502    0.526556    0.257983    0.000000    0.040977    0.019570    0.073591    0.208035    0.241474    0.134770    
