 6    -2.949869    3.137047    0.023163
0.955418  0.440712  -0.478419  -0.682530  -0.793871  0.427983  -0.773764  2.050114  -0.211533  1.453954  -0.061595  1.474451  0.824645  0.581223  -1.225692  
0.122457  -0.441064  0.095982  -0.251154  0.321437  0.181997  
 1    -1.694644    0.347483      0.206217
 2    -2.594999    0.741570      0.058300
 3    -2.843371    0.908894      0.017496
 4    -2.913652    0.969544      0.005950
 5    -2.936692    0.987842      0.002165
 6    -2.945225    0.995706      0.000763
 7    -2.948190    0.998908      0.000276
 8    -2.949474    0.999837      0.000065
 9    -2.949545    0.999847      0.000053
10    -2.949576    0.999867      0.000048
4.843966    0.488091    
5.030143    5.919172    0.639197    0.330321    
4.008713    5.086760    5.644215    0.601157    0.450228    0.214641    
3.320413    4.749234    5.102499    5.785350    0.594840    0.455177    0.324647    0.129548    
2.445062    4.215586    4.584862    5.099856    5.892293    0.575359    0.458992    0.364948    0.239825    0.090574    
2.044456    3.873116    4.257222    4.601136    5.310482    6.283185    0.612216    0.458786    0.391780    0.289624    0.182540    0.065957    
1.893035    3.534929    4.047084    4.353471    4.855841    5.666224    6.283185    0.604496    0.463458    0.400782    0.321340    0.228853    0.131074    0.047813    
1.661688    3.275657    3.838734    4.200296    4.635709    5.346002    6.134270    6.283185    0.604941    0.468265    0.411624    0.348350    0.272181    0.180328    0.095421    0.032211    
1.581701    3.191727    3.802912    4.169704    4.591417    5.269710    6.103899    6.242491    4.692826    0.609209    0.472979    0.417107    0.356451    0.284481    0.195989    0.108142    0.040743    0.005672    
1.617194    3.228480    3.825584    4.184923    4.605634    5.297055    6.149603    6.263659    4.191984    6.191459    0.609496    0.470226    0.414200    0.352053    0.276330    0.184384    0.095589    0.032224    0.000000    1.566207    
