 6    -3.372320    1.924272    1.519334
-0.387979  1.027428  -0.161652  -1.247563  0.865654  -0.059300  -0.902750  -0.009563  0.619805  0.494273  0.241427  -0.782034  -0.710795  0.554494  0.314347  
-0.379957  -0.162370  0.261172  -0.257928  -0.212693  0.317674  
 1    -1.084832    0.240518      0.431879
 2    -3.086083    0.909781      0.054042
 3    -3.320192    0.982752      0.009842
 4    -3.358366    0.994622      0.002635
 5    -3.368217    0.997923      0.000775
 6    -3.371859    0.999851      0.000087
 7    -3.371913    0.999875      0.000077
 8    -3.371974    0.999906      0.000065
 9    -3.371977    0.999907      0.000065
10    -3.371978    0.999907      0.000065
3.300211    0.707161    
5.117771    6.100453    0.760683    0.411968    
3.417202    4.402735    5.191807    0.633221    0.520159    0.269633    
2.570332    3.767338    3.581292    4.360636    0.587777    0.471308    0.332201    0.181416    
1.801304    3.541923    3.369551    3.541412    4.521858    0.622341    0.478673    0.382478    0.287933    0.133191    
1.784714    3.457436    3.452111    3.536605    4.401090    6.096198    0.621322    0.483912    0.396558    0.301347    0.195160    0.053825    
1.776304    3.448437    3.434194    3.522462    4.425667    6.283185    6.228344    0.621382    0.481887    0.394874    0.298467    0.186710    0.035488    1.560379    
1.758891    3.430641    3.418158    3.478915    4.406646    6.173024    5.199131    4.609911    0.621750    0.481384    0.393148    0.297743    0.179198    0.016982    1.547927    1.557074    
1.762103    3.406321    3.395863    3.480606    4.394079    6.174413    5.198383    3.784480    3.933809    0.620321    0.477991    0.393062    0.299063    0.179219    0.013030    1.543990    1.555054    1.564656    
1.763232    3.406967    3.398189    3.479743    4.402392    6.175338    5.492806    3.708199    3.571382    3.476652    0.620519    0.478180    0.393058    0.299067    0.179471    0.012672    1.542626    1.559062    1.564463    0.000757    
