 6    -4.364449    3.594269    1.735880
-0.035920  -1.299604  0.889104  -0.585994  0.462999  -0.768262  -1.095189  -1.467687  1.944982  -0.321040  -0.414614  -0.035430  3.271529  -0.267381  0.734255  
0.316948  0.172778  0.177353  -0.368627  0.293832  -0.207232  
 1    -2.325877    0.465995      0.256143
 2    -3.867894    0.862895      0.062391
 3    -4.255219    0.969507      0.013725
 4    -4.318690    0.985174      0.005750
 5    -4.345476    0.994398      0.002384
 6    -4.360294    0.998925      0.000522
 7    -4.362993    0.999567      0.000183
 8    -4.363865    0.999812      0.000073
 9    -4.364313    0.999962      0.000017
10    -4.364383    0.999983      0.000008
6.187027    0.582106    
4.924937    5.879251    0.719510    0.384818    
3.566177    4.349851    4.978350    0.615802    0.475789    0.249605    
2.526601    3.848665    3.891006    4.437060    0.575358    0.469285    0.332672    0.163430    
2.011658    3.757681    3.682161    4.015913    4.735903    0.630511    0.479015    0.385272    0.265758    0.100548    
1.840425    3.493385    3.560135    3.628470    4.374593    5.640886    0.637584    0.479400    0.397430    0.303952    0.197375    0.061919    
1.593496    3.079443    3.503352    3.572884    3.846692    4.738455    5.657938    0.640196    0.506369    0.433477    0.352746    0.280344    0.176843    0.057875    
1.365503    2.793267    3.341397    3.526550    3.691289    4.280959    5.029579    5.528192    0.629123    0.511185    0.451559    0.380407    0.318025    0.243928    0.134657    0.041074    
1.211063    2.568674    3.133972    3.461878    3.589339    3.980273    4.632488    5.308993    5.721218    0.645303    0.523223    0.465877    0.405185    0.348426    0.292084    0.202368    0.100223    0.025832    
1.145371    2.530387    3.184050    3.526080    3.645216    3.947600    4.541114    5.118111    5.578627    5.900054    0.639301    0.531098    0.480561    0.422348    0.361244    0.315117    0.250086    0.161816    0.073539    0.018105    
