 6    -3.684455    2.768334    0.451339
1.181663  3.286588  -1.621765  0.949320  0.052378  0.064238  -0.407483  -0.086520  0.716453  1.220180  -0.421267  -0.436458  0.176678  0.855759  1.180917  
-0.429870  0.106286  0.338835  -0.176244  0.246974  -0.162946  
 1    -2.189230    0.354952      0.231718
 2    -3.312405    0.797132      0.057657
 3    -3.592565    0.944604      0.014240
 4    -3.640206    0.970169      0.006857
 5    -3.666292    0.993066      0.002815
 6    -3.681019    0.998676      0.000532
 7    -3.683147    0.999459      0.000203
 8    -3.683771    0.999698      0.000106
 9    -3.683886    0.999763      0.000088
10    -3.684330    0.999945      0.000019
4.695156    0.434857    
5.359955    6.129494    0.661172    0.328044    
3.951134    5.038592    5.564946    0.603806    0.463710    0.231791    
2.855843    4.445836    4.618674    5.126690    0.573294    0.457609    0.333561    0.144704    
2.686273    4.295031    4.519907    5.131852    6.283185    0.591750    0.462864    0.366006    0.230774    0.073627    
2.050699    3.963192    4.204412    4.413857    5.141348    6.283185    0.618580    0.475401    0.396311    0.296403    0.186595    0.067462    
1.705529    3.349923    3.866393    4.078931    4.511951    5.415301    6.283185    0.617053    0.467560    0.408565    0.337506    0.253886    0.150301    0.054199    
1.563220    3.151455    3.854308    4.103025    4.431655    5.209073    6.108503    6.283185    0.617667    0.485285    0.427096    0.358912    0.284401    0.190995    0.090701    0.021773    
1.640864    3.269324    3.909350    4.150272    4.483451    5.256053    6.062971    6.123552    5.712546    0.622317    0.490813    0.430349    0.360831    0.289463    0.202178    0.104789    0.035511    0.008452    
1.350322    2.911262    3.583736    4.009606    4.213139    4.670561    5.397996    6.017451    5.506061    4.259825    0.639963    0.522374    0.460019    0.398439    0.341847    0.280289    0.191954    0.097711    0.029938    0.010393    
