 6    -2.876535    4.146846    0.464648
0.696245  -2.444617  -0.260982  -0.113475  -0.320669  0.034260  -0.922643  -1.114682  -0.286673  1.218300  1.229856  -1.262179  0.833652  -0.477234  -0.225393  
-0.313884  0.137407  -0.159654  -0.867033  0.168309  -0.152423  
 1    -1.230436    0.133233      0.234374
 2    -2.176494    0.185046      0.099673
 3    -2.408423    0.231918      0.066651
 4    -2.583416    0.624625      0.041735
 5    -2.759064    0.892354      0.016726
 6    -2.811385    0.965174      0.009276
 7    -2.824511    0.976465      0.007407
 8    -2.834281    0.980367      0.006016
 9    -2.835137    0.981082      0.005894
10    -2.843122    0.984388      0.004757
3.115921    0.690568    
2.391859    3.278938    0.307426    0.552298    
2.835537    3.185361    5.619584    0.574115    0.508959    0.279416    
2.166153    3.431280    6.283185    1.866900    0.489291    0.568884    0.511864    1.230399    
2.335731    3.340180    6.156912    2.406885    3.828607    0.561231    0.483906    0.588886    1.033721    0.242466    
2.528967    3.166443    6.283185    2.216048    3.971852    2.750552    0.522937    0.504531    0.585860    1.062380    0.348933    1.396296    
2.570259    3.358652    6.081163    2.412593    4.130125    2.685265    0.972481    0.527330    0.518686    0.518181    1.153782    0.273900    0.988611    0.437081    
2.485224    3.325135    6.049790    2.583403    3.720574    3.602249    6.024260    4.054582    0.523871    0.520211    0.526246    1.117444    0.272438    1.311524    0.294327    1.425178    
2.498422    3.324796    6.025550    2.492417    3.844119    3.468012    6.283185    3.866699    2.296178    0.520528    0.518128    0.532141    1.122301    0.247366    1.332098    0.293598    1.455200    1.531603    
2.369693    3.201771    5.529503    2.498800    3.934566    4.610321    1.465285    4.977021    6.283185    4.599971    0.529323    0.490247    0.516100    1.021050    0.416643    0.977110    0.422372    0.205093    1.241419    0.174959    
