 6    -4.802898    2.783390    0.180329
-0.277191  -1.145218  1.062622  -0.870811  -1.755050  -1.015249  1.560385  0.481436  -1.006437  1.485005  -0.585905  -0.851112  0.591227  1.385524  1.787364  
0.436398  0.156843  0.184158  -0.408970  -0.055056  0.268336  
 1    -2.579742    0.359194      0.293049
 2    -4.398781    0.681210      0.053269
 3    -4.701110    0.777231      0.013417
 4    -4.741633    0.805578      0.008076
 5    -4.768631    0.862929      0.004517
 6    -4.781670    0.906587      0.002798
 7    -4.791220    0.968965      0.001539
 8    -4.800338    0.998444      0.000337
 9    -4.802219    0.999713      0.000089
10    -4.802518    0.999793      0.000050
5.189861    0.531758    
4.863228    5.666245    0.647545    0.362440    
3.550229    4.424127    5.008771    0.571432    0.434045    0.217627    
1.938085    4.288530    4.437841    5.083178    0.626288    0.487274    0.373165    0.169336    
2.091019    4.047362    4.395699    5.094744    6.159754    0.620871    0.485866    0.400500    0.236298    0.070429    
1.947141    3.695344    4.091178    4.529162    5.329178    6.116164    0.616056    0.477407    0.412608    0.301252    0.167239    0.063812    
1.955733    3.810538    4.142947    4.589227    5.276030    5.988777    6.283185    0.613928    0.478964    0.413815    0.313255    0.211767    0.140600    0.057450    
1.922203    3.690438    4.080997    4.567430    5.312240    5.904000    6.246662    6.283185    0.622562    0.476036    0.414531    0.317739    0.226747    0.186098    0.132420    0.059561    
1.621721    3.235587    3.830731    4.220543    4.862247    5.672334    6.025694    6.262186    6.120941    0.614533    0.475991    0.423742    0.349634    0.261704    0.201284    0.161602    0.104054    0.038451    
1.325265    2.797089    3.543785    3.958606    4.414687    5.139303    5.768259    5.891468    5.947314    5.882163    0.608654    0.486230    0.431758    0.375594    0.301556    0.228789    0.181020    0.135362    0.082427    0.026787    
