 6    -2.506018    3.203484    0.257475
-0.016842  1.193143  0.399772  -1.002405  -1.181365  -0.378506  -0.714387  -0.865035  1.730648  -0.959349  -0.173111  -1.518304  0.611202  0.386043  0.675178  
0.389074  0.120734  -0.306876  -0.253121  0.245016  -0.272587  
 1    -0.579713    0.175801      0.337386
 2    -2.251363    0.870369      0.044602
 3    -2.439491    0.959679      0.011652
 4    -2.474113    0.980214      0.005588
 5    -2.497086    0.995051      0.001564
 6    -2.504854    0.999262      0.000204
 7    -2.505635    0.999763      0.000067
 8    -2.505856    0.999909      0.000028
 9    -2.505857    0.999909      0.000028
10    -2.505888    0.999922      0.000023
2.031636    0.340982    
5.011614    5.961063    0.750231    0.409674    
3.424506    4.412003    5.078933    0.636702    0.506948    0.255797    
2.704713    3.797800    3.947204    4.609933    0.595316    0.476821    0.342151    0.151399    
2.664193    3.759471    3.637576    4.293353    5.914838    0.610119    0.466899    0.347901    0.248999    0.088772    
1.853173    3.434138    3.495290    3.639522    4.500959    5.821911    0.610960    0.485040    0.392490    0.303325    0.203328    0.077190    
1.451342    2.918216    3.267863    3.399040    3.865562    4.676553    5.527093    0.608620    0.474984    0.415139    0.341794    0.260793    0.156162    0.056928    
1.274525    2.702713    3.292522    3.432877    3.720200    4.482923    5.358476    5.606851    0.613017    0.492633    0.438931    0.363588    0.290226    0.199316    0.094261    0.020352    
1.288645    2.710341    3.280037    3.429628    3.728457    4.492445    5.398229    5.693277    2.745691    0.612740    0.490172    0.437147    0.363301    0.289724    0.199058    0.094449    0.019881    0.000342    
1.301077    2.714622    3.265068    3.422215    3.755505    4.557275    5.603076    5.939813    5.822366    3.281641    0.610379    0.484693    0.432547    0.359516    0.281336    0.184335    0.073483    0.000000    1.563200    1.568055    
