 6    -2.359630    3.956650    0.191407
-0.270164  0.934725  -0.978179  1.679502  -0.282496  -2.137573  -0.087249  -0.115780  1.694825  0.442736  0.904835  -0.777380  -0.167235  0.549352  0.270288  
-0.165555  0.358479  0.293265  -0.289942  0.156526  -0.219526  
 1    -1.157178    0.397590      0.190373
 2    -2.053546    0.816408      0.048460
 3    -2.304257    0.970640      0.008767
 4    -2.344757    0.992614      0.002355
 5    -2.353519    0.996545      0.000967
 6    -2.357930    0.998666      0.000269
 7    -2.358928    0.999382      0.000111
 8    -2.359438    0.999843      0.000030
 9    -2.359555    0.999949      0.000012
10    -2.359600    0.999977      0.000005
5.998094    0.652838    
5.020977    5.808010    0.692261    0.379793    
3.820377    4.595830    5.132170    0.614283    0.463207    0.238996    
3.011338    3.901378    4.221207    4.717556    0.565812    0.441331    0.317499    0.132809    
1.959706    3.669989    3.787389    4.222454    4.996623    0.568512    0.463599    0.361779    0.248442    0.085984    
1.793371    3.522879    3.675669    3.861914    4.592815    5.821633    0.626235    0.469608    0.391166    0.290361    0.176564    0.053051    
1.705122    3.227371    3.542294    3.755238    4.182109    5.215072    6.097258    0.617404    0.476926    0.409573    0.336138    0.245487    0.144205    0.056894    
1.541963    3.129647    3.554677    3.765000    4.085973    4.800679    5.600497    5.771907    0.610659    0.485597    0.432450    0.363683    0.297451    0.217004    0.143259    0.061440    
1.252632    2.750568    3.389294    3.665696    3.815193    4.253859    4.959565    5.534656    5.694091    0.635743    0.521363    0.462805    0.397783    0.337052    0.279268    0.198192    0.112871    0.036003    
1.160931    2.584872    3.248580    3.620030    3.723580    3.998877    4.594776    5.165134    5.503301    5.593114    0.651316    0.539481    0.484122    0.421299    0.359808    0.313648    0.248999    0.161739    0.078818    0.021113    
