 6    -3.651604    4.749155    0.525271
-1.243488  -2.264139  0.865807  -1.336708  -1.279517  1.240628  -0.033184  -0.820098  1.200778  0.918955  -1.424009  2.450503  -0.537670  0.570585  0.081665  
0.306239  0.111241  0.257168  -0.092982  0.102051  -0.957799  
 1    -2.077125    0.365515      0.187421
 2    -3.033730    0.719989      0.073550
 3    -3.380967    0.857770      0.032216
 4    -3.573925    0.960803      0.009247
 5    -3.620109    0.982097      0.003749
 6    -3.639784    0.993751      0.001407
 7    -3.648837    0.998833      0.000329
 8    -3.650579    0.999552      0.000122
 9    -3.651091    0.999756      0.000061
10    -3.651421    0.999929      0.000022
5.637161    0.585372    
3.857195    4.587402    0.553126    0.342972    
3.052224    4.297843    5.035118    0.575387    0.427698    0.215780    
2.676853    4.017724    4.179712    4.971064    0.582541    0.450081    0.290545    0.158648    
1.860702    3.656497    3.922941    4.384665    4.932233    0.600984    0.459429    0.377747    0.232410    0.104969    
1.853777    3.361379    3.663954    4.053688    4.483932    5.120462    0.616348    0.451929    0.377518    0.286612    0.160513    0.066853    
1.595958    3.152742    3.508439    3.860869    4.328276    4.777146    5.482152    0.603309    0.463865    0.396092    0.308504    0.217934    0.113609    0.047692    
1.297363    2.699398    3.279325    3.642192    3.982879    4.542660    4.993212    5.426733    0.601469    0.471962    0.411434    0.348072    0.268368    0.179442    0.090647    0.033757    
1.030872    2.387293    3.022824    3.465087    3.761079    4.126753    4.734570    5.064778    5.465553    0.626042    0.508094    0.439297    0.382695    0.325072    0.248996    0.165217    0.081564    0.030760    
1.027339    2.372761    3.014217    3.462439    3.757702    4.105905    4.614748    5.109061    5.340076    5.744673    0.632618    0.514655    0.451109    0.395424    0.339999    0.273775    0.197568    0.115700    0.054084    0.016008    
