 6    -3.186866    2.669093    0.050030
1.348629  1.991068  1.393069  -0.686884  -0.095791  -0.756370  0.561199  0.751012  -1.191746  -1.487929  -0.625148  0.282211  -1.079033  -0.515311  0.327559  
-0.217156  0.155613  0.122766  -0.971053  -0.120517  0.167723  
 1    -1.518354    0.339239      0.284926
 2    -2.160474    0.628234      0.175273
 3    -2.899178    0.886326      0.049127
 4    -2.884703    0.899440      0.051599
 5    -3.088745    0.967789      0.016756
 6    -3.157198    0.990962      0.005066
 7    -3.152257    0.983607      0.005910
 8    -3.179457    0.996110      0.001265
 9    -3.182775    0.998224      0.000699
10    -3.183970    0.998609      0.000495
5.030664    0.983328    
3.459141    6.283185    1.289192    1.066113    
5.610489    6.283185    2.973951    0.772099    0.444946    1.127539    
3.168690    4.939865    5.032671    3.517940    1.136953    1.400387    1.450379    1.245204    
3.745032    2.185410    2.540623    4.034305    2.627025    0.230921    0.706733    1.430117    0.504493    1.081480    
4.644125    5.423836    3.323837    5.193479    3.987654    1.579744    0.648212    0.402068    0.882799    0.543727    0.442519    0.906225    
2.145607    4.975027    2.823098    3.754224    3.025594    5.623149    2.559431    0.551753    0.702976    1.456620    0.371530    1.400460    1.137756    0.286212    
1.649411    2.845756    2.321109    2.435174    2.325506    4.795224    2.851783    3.390687    0.594354    0.462831    1.570796    0.575944    1.440735    0.572053    0.958903    0.188867    
1.625619    2.921417    1.974771    2.374328    0.927035    6.283185    2.671975    3.409034    3.553480    0.636107    0.437129    1.570796    0.695465    1.348822    0.573096    1.004767    0.270228    1.465143    
1.528066    2.912526    1.762418    1.883788    1.851134    4.894464    2.620269    3.894308    2.809898    1.646735    0.583441    0.397403    1.570796    0.458516    1.570796    0.447793    1.205651    0.237163    1.208441    0.213347    
