 6    -3.416299    2.955352    0.350050
-0.377364  0.166759  0.682802  1.921379  -0.197037  -0.759879  -2.089066  -0.036373  -1.217749  -1.428905  -0.170528  1.160940  -1.061140  -1.408500  0.839550  
0.678495  -0.107988  -0.161313  -0.241403  -0.296131  -0.036000  
 1    -1.355297    0.228383      0.323464
 2    -2.997634    0.562270      0.065707
 3    -3.197954    0.635760      0.034268
 4    -3.287896    0.700276      0.020152
 5    -3.314918    0.723595      0.015911
 6    -3.327817    0.767709      0.013887
 7    -3.347557    0.834920      0.010789
 8    -3.379946    0.936675      0.005705
 9    -3.404054    0.982960      0.001922
10    -3.412634    0.997680      0.000575
6.149084    0.361774    
4.692555    5.411062    0.615366    0.344143    
3.447442    4.642917    5.347858    0.574712    0.436911    0.204273    
3.148221    4.498579    4.966296    6.043683    0.607414    0.468992    0.315000    0.137058    
2.044812    4.180472    4.564785    5.307198    6.283185    0.619803    0.493396    0.405184    0.247237    0.093776    
2.312671    4.197013    4.647314    5.362147    6.086166    6.283185    0.637244    0.500566    0.415809    0.291794    0.151961    0.056299    
2.157499    4.204956    4.564940    5.333249    6.105143    6.283185    6.283185    0.608969    0.501216    0.420116    0.295813    0.202517    0.116021    0.063963    
2.433260    4.516955    4.834824    5.652750    6.283185    6.283185    6.067497    6.283185    0.621660    0.496320    0.375750    0.257890    0.178817    0.165703    0.139823    0.089407    
2.047543    4.257545    4.508846    5.212325    6.283185    6.283185    6.283185    6.283185    6.130145    0.629716    0.486884    0.389082    0.229046    0.143666    0.131420    0.172506    0.146613    0.082108    
1.983703    4.019594    4.375152    4.967714    5.850407    6.283185    6.283185    6.012917    5.934522    6.157503    0.627683    0.476357    0.395260    0.240902    0.111736    0.098733    0.145114    0.163825    0.136247    0.062440    
