 6    -2.295303    1.927414    0.255305
-0.470129  0.670906  -0.822153  0.503401  -0.184276  0.514476  -0.472338  -0.433457  0.480020  -0.085906  -1.356367  -0.635875  -1.624491  0.912932  0.715495  
-0.262938  -0.251501  0.112322  -0.310845  -0.274455  0.322241  
 1    -1.468093    0.456357      0.195895
 2    -2.094450    0.808092      0.047565
 3    -2.249641    0.938777      0.010814
 4    -2.276458    0.965359      0.004463
 5    -2.285869    0.982418      0.002234
 6    -2.292915    0.996708      0.000565
 7    -2.294314    0.998960      0.000234
 8    -2.294993    0.999834      0.000073
 9    -2.294994    0.999835      0.000073
10    -2.295226    0.999940      0.000018
5.485141    0.562618    
5.172247    5.955333    0.719822    0.353242    
3.324927    4.534516    5.288495    0.610987    0.511888    0.263458    
2.481175    3.986297    3.982610    4.587164    0.588759    0.479908    0.347923    0.167366    
2.103648    3.755816    3.744187    4.047351    4.859926    0.622097    0.477138    0.385693    0.269832    0.102129    
2.030778    3.646007    3.686703    3.787333    4.657535    6.014001    0.627507    0.483491    0.389852    0.298309    0.195954    0.067215    
1.664029    3.275696    3.657521    3.670220    4.038830    5.050207    6.034824    0.641664    0.505207    0.428874    0.339894    0.267289    0.167489    0.056678    
1.534291    3.102202    3.643497    3.744194    3.934434    4.774335    5.778658    6.252204    0.638689    0.513591    0.448830    0.360213    0.289650    0.211392    0.110226    0.030671    
1.526887    3.087430    3.636845    3.739600    3.930948    4.767092    5.761713    6.225097    4.648690    0.636876    0.512787    0.448704    0.360442    0.290145    0.211855    0.110846    0.031186    0.000269    
1.301084    2.796286    3.438579    3.704964    3.778126    4.324960    5.156461    6.275462    2.117163    2.223916    0.647968    0.529916    0.468356    0.394337    0.326106    0.263929    0.171360    0.112413    1.515198    0.042603    
