 6    -4.569281    3.065262    1.179081
0.286737  -1.614226  -2.273977  -0.592228  0.483037  0.143706  -2.061878  -0.378867  -1.044350  -0.467956  -1.944020  -0.360842  -0.845624  -0.393506  -0.128412  
-0.416529  -0.136640  -0.278418  -0.265265  -0.271832  -0.169146  
 1    -2.381754    0.474451      0.286530
 2    -4.117608    0.844829      0.059162
 3    -4.471482    0.962830      0.012810
 4    -4.536211    0.986604      0.004332
 5    -4.556893    0.995720      0.001623
 6    -4.567587    0.999371      0.000222
 7    -4.568823    0.999799      0.000060
 8    -4.568952    0.999884      0.000043
 9    -4.568978    0.999893      0.000040
10    -4.569009    0.999915      0.000036
5.819381    0.562226    
5.000917    5.910538    0.718775    0.379856    
3.664953    4.648161    5.295991    0.636247    0.491894    0.239398    
2.910467    3.912531    4.087824    4.840626    0.586191    0.458565    0.333692    0.147876    
2.248660    3.683764    3.733731    4.202699    5.245295    0.586115    0.462783    0.367090    0.257837    0.091796    
1.794811    3.458117    3.643634    3.817619    4.595452    5.943824    0.611911    0.475514    0.397885    0.299183    0.193480    0.061035    
1.418580    2.868708    3.381167    3.577700    4.017918    4.876264    6.074099    0.607260    0.472169    0.417403    0.349772    0.262530    0.156006    0.050024    
1.442248    2.918708    3.428336    3.592548    3.972847    4.778200    5.700770    5.985527    0.615939    0.483388    0.424168    0.353699    0.277103    0.177543    0.076401    0.017522    
1.427256    2.881468    3.386869    3.574580    3.943780    4.687695    5.561213    5.642202    4.284688    0.614290    0.480968    0.423642    0.357282    0.282900    0.187604    0.088336    0.025365    0.004642    
1.432780    2.893131    3.398194    3.577252    3.936924    4.661395    5.443186    5.405447    4.625780    6.211983    0.617280    0.485015    0.425833    0.359404    0.287014    0.191423    0.087646    0.024836    0.000299    1.565514    
