 6    -2.349652    2.314472    0.099094
0.522022  0.069947  0.869230  0.424554  -0.220960  -0.632086  -0.455699  -0.681874  0.387163  -0.009748  -1.344962  -0.010275  0.704485  -1.958639  0.153709  
-0.155278  0.124794  -0.988264  -0.130383  0.145532  -0.216654  
 1    -1.200365    0.404400      0.246410
 2    -1.539239    0.631248      0.173755
 3    -1.781677    0.773942      0.121775
 4    -2.186685    0.925918      0.034940
 5    -2.247135    0.958126      0.021980
 6    -2.297690    0.977458      0.011141
 7    -2.309010    0.980756      0.008714
 8    -2.330181    0.991515      0.004175
 9    -2.337657    0.993805      0.002572
10    -2.346844    0.998779      0.000602
5.635611    0.819606    
3.694983    6.283185    1.275214    1.118552    
2.476906    6.283185    3.213708    1.192489    1.274339    1.295815    
5.769609    2.912135    3.944534    2.436897    0.882551    1.482054    0.539919    1.023092    
3.209640    2.707350    2.554893    4.084827    2.416898    0.220473    0.749104    1.403244    0.515736    1.092045    
4.893728    5.281655    3.299834    4.815098    3.354521    1.745923    0.653552    0.382492    0.880856    0.529555    0.344661    1.035387    
3.075293    4.561541    3.940637    6.283185    4.068248    0.833006    1.399786    0.567323    0.336278    0.795260    0.746337    0.461839    1.056212    1.071019    
2.224854    3.852205    3.057409    2.745571    3.644240    4.043555    2.152983    1.882062    0.508248    0.545714    1.570796    0.493489    1.216554    0.429851    0.747056    0.475347    
2.566032    3.498352    3.626360    1.836154    2.760302    4.108483    4.518415    2.775010    3.436419    0.471242    0.410976    1.570796    0.479654    1.016436    0.537265    1.231401    0.000000    0.087494    
1.822452    3.276136    1.118759    1.117879    0.855915    4.919835    2.408708    4.304888    3.161202    2.208108    0.542734    0.414498    1.570796    1.570796    0.329181    0.490755    1.169351    0.428833    1.211689    0.156965    
