 6    -2.186738    2.222201    0.240995
-1.271091  0.176137  -0.296216  0.326929  -0.973419  0.227681  -0.819328  0.107223  0.975278  0.081974  -0.476623  -1.492172  -0.403465  0.694778  0.212153  
0.270094  0.246564  -0.236202  0.172500  -0.526048  -0.200902  
 1    -0.875721    0.256639      0.297354
 2    -1.909208    0.844897      0.062947
 3    -2.110531    0.922063      0.017285
 4    -2.163485    0.973732      0.005274
 5    -2.180894    0.990020      0.001325
 6    -2.185235    0.998962      0.000341
 7    -2.186066    0.999125      0.000152
 8    -2.186599    0.999892      0.000031
 9    -2.186614    0.999926      0.000028
10    -2.186635    0.999925      0.000023
3.783763    0.756329    
3.890730    4.943425    0.659420    0.385303    
2.975691    3.806653    4.812063    0.599064    0.499318    0.253771    
2.146550    3.498716    3.425290    4.472619    0.610481    0.482594    0.360621    0.197432    
1.662398    3.129111    3.229793    3.365142    4.249446    0.631800    0.478845    0.402864    0.276819    0.142653    
1.586540    3.035495    3.065550    3.138728    3.726680    4.606427    0.639780    0.475742    0.397389    0.309777    0.201982    0.071855    
1.457182    2.817814    3.030896    3.133681    3.481144    4.210793    5.066457    0.628474    0.486688    0.417087    0.338494    0.255815    0.151228    0.046428    
1.235104    2.497256    2.926581    3.086681    3.328239    3.904032    4.471161    5.053636    0.615601    0.486207    0.433519    0.366944    0.295159    0.212747    0.109859    0.035691    
1.221416    2.453273    2.895865    3.055041    3.298699    3.913181    4.455906    4.992735    6.145305    0.611354    0.480173    0.428404    0.363176    0.289034    0.199696    0.088935    0.016631    1.561882    
1.169093    2.384080    2.850673    3.024719    3.249089    3.780226    4.274406    4.760366    3.675800    4.491080    0.609654    0.482841    0.432197    0.369912    0.302503    0.218642    0.115518    0.032625    0.000018    1.564106    
