 6    -2.687363    2.452757    0.058625
-1.121427  0.552710  -0.128515  -0.098978  0.525132  0.641744  1.041625  -0.042823  1.512432  -1.412685  -0.643521  0.264371  -1.049341  1.305647  0.713874  
-0.358454  -0.237911  -0.178765  -0.301840  -0.200298  0.392041  
 1    -1.182426    0.298259      0.292782
 2    -2.415680    0.900938      0.052855
 3    -2.640082    0.978624      0.009198
 4    -2.672561    0.992177      0.002880
 5    -2.682361    0.996931      0.000973
 6    -2.687051    0.999878      0.000061
 7    -2.687070    0.999891      0.000057
 8    -2.687087    0.999904      0.000054
 9    -2.687095    0.999906      0.000052
10    -2.687098    0.999906      0.000052
5.080700    0.303321    
4.567536    5.528188    0.752302    0.402185    
3.105770    4.104733    4.745883    0.639452    0.526343    0.273218    
2.310118    3.477338    3.240965    3.962955    0.593075    0.468967    0.335835    0.187980    
1.695694    3.329630    3.106155    3.209952    4.056765    0.642139    0.480172    0.380744    0.286638    0.135032    
1.662774    3.214513    3.174182    3.231144    4.035634    5.580471    0.623990    0.485602    0.394610    0.303690    0.202192    0.061990    
1.648629    3.190572    3.147733    3.211203    4.043032    5.569917    6.226792    0.623240    0.482595    0.392872    0.302454    0.195044    0.045240    1.561700    
1.636852    3.163312    3.135281    3.187075    4.035081    5.755984    5.440410    5.666442    0.623647    0.481274    0.392998    0.303564    0.193638    0.027849    1.538648    1.559463    
1.640308    3.157813    3.142295    3.194915    4.049188    5.604952    5.401211    3.359442    4.587314    0.623310    0.481657    0.394039    0.304423    0.193082    0.020699    1.535115    1.552728    1.558226    
1.649994    3.173531    3.150342    3.204560    4.053896    5.536531    6.269539    5.823489    2.398298    4.603127    0.623789    0.482217    0.393893    0.302505    0.191829    0.025545    1.541969    1.568678    1.570796    0.005093    
