 6    -3.344901    3.382111    0.251031
0.820438  1.229717  -0.763083  1.311323  -0.551206  2.015658  0.939756  -0.160168  -0.856489  0.569047  -0.021903  0.634637  0.393135  0.478060  2.245525  
-0.459737  -0.080201  0.255488  -0.132083  0.272039  -0.347661  
 1    -1.468118    0.265295      0.278992
 2    -2.962060    0.755096      0.056911
 3    -3.223329    0.882883      0.018072
 4    -3.283465    0.944477      0.009133
 5    -3.321080    0.982127      0.003541
 6    -3.338111    0.991199      0.001009
 7    -3.343144    0.995798      0.000261
 8    -3.344414    0.998866      0.000072
 9    -3.344729    0.999863      0.000026
10    -3.344837    0.999973      0.000010
3.253540    0.534365    
5.028699    5.999978    0.684338    0.366384    
3.534815    4.989696    5.674583    0.624168    0.510152    0.246160    
3.079598    4.785460    5.130280    5.936196    0.635223    0.513879    0.364765    0.134659    
2.873620    4.295853    4.432212    4.981664    6.283185    0.600380    0.475962    0.356146    0.245268    0.110459    
2.094990    4.076778    4.273689    4.556996    5.221415    6.283185    0.621108    0.494744    0.403377    0.283028    0.200731    0.096281    
1.901848    3.614970    3.960061    4.199305    4.805204    5.648776    6.283185    0.616635    0.482006    0.411433    0.319646    0.236522    0.161841    0.068279    
1.683926    3.345742    3.812870    4.043899    4.510956    5.297100    5.942017    6.283185    0.613964    0.485809    0.423553    0.345290    0.271111    0.192586    0.115293    0.040892    
1.646934    3.356052    3.849748    4.083438    4.469103    5.195380    6.080336    6.227347    4.477924    0.624022    0.494750    0.435114    0.355814    0.283399    0.208833    0.130903    0.052502    0.014339    
1.384485    2.898078    3.579653    3.918384    4.235236    4.821948    5.530296    5.864803    4.764851    3.867742    0.607131    0.488108    0.441317    0.378717    0.312236    0.244268    0.164400    0.090041    0.029910    0.018224    
