 6    -2.746766    2.349246    0.714988
-0.894779  0.121654  -0.763285  -0.481901  1.059032  0.356689  -0.392180  1.515508  -0.183340  -0.140353  -1.015118  -1.061475  -0.607602  1.142866  0.181214  
0.345790  0.213942  -0.234641  0.250621  -0.074672  -0.495829  
 1    -0.348487    0.091292      0.470619
 2    -2.437491    0.788743      0.060690
 3    -2.602355    0.878758      0.028338
 4    -2.670784    0.950337      0.014910
 5    -2.720771    0.986551      0.005101
 6    -2.740104    0.996860      0.001307
 7    -2.745607    0.999530      0.000228
 8    -2.746647    0.999949      0.000023
 9    -2.746647    0.999948      0.000023
10    -2.746655    0.999952      0.000022
2.531201    0.136127    
5.089594    5.932861    0.733953    0.398815    
3.437617    4.798715    5.441991    0.655960    0.522496    0.245120    
3.543239    4.912914    5.438536    6.283185    0.680255    0.546791    0.352516    0.131689    
3.284763    4.080928    4.031695    4.817210    6.283185    0.613299    0.458936    0.322649    0.238029    0.135276    
2.229454    4.099669    4.037896    4.112250    5.326429    6.111983    0.630196    0.513682    0.371047    0.269881    0.208931    0.108894    
1.837744    3.693516    3.905324    3.921624    4.683375    5.702192    5.957492    0.627554    0.513597    0.411206    0.297743    0.234230    0.167960    0.064295    
1.586860    3.191537    3.610624    3.801453    4.276498    5.085239    5.687399    6.154918    0.625736    0.492766    0.432678    0.342534    0.264806    0.196714    0.126062    0.039705    
1.569037    3.152369    3.575126    3.787145    4.272318    5.073309    5.671102    6.138586    2.400731    0.622679    0.488623    0.431416    0.344202    0.265775    0.197062    0.126948    0.040158    1.570779    
1.587461    3.178495    3.579692    3.804826    4.275002    5.041137    5.664685    6.088718    3.692058    6.244358    0.624091    0.489031    0.432246    0.345997    0.268089    0.201622    0.130844    0.042323    0.006740    0.004778    
