 6    -2.472018    3.358183    0.484075
-0.835604  0.665364  0.481271  -0.938764  -0.122347  -1.126123  -0.846273  -1.317148  -1.813608  -0.155595  0.611860  0.014949  0.795852  0.011985  0.922505  
-0.092801  0.402602  0.240456  0.232460  -0.198730  0.368201  
 1    -1.341885    0.423390      0.193841
 2    -2.185919    0.769435      0.049072
 3    -2.327926    0.861777      0.024715
 4    -2.390982    0.937343      0.013899
 5    -2.438748    0.977690      0.005706
 6    -2.462295    0.994216      0.001668
 7    -2.470429    0.999119      0.000273
 8    -2.471870    0.999921      0.000025
 9    -2.471876    0.999923      0.000024
10    -2.471890    0.999930      0.000022
6.037888    0.603319    
5.001393    5.804837    0.724655    0.388918    
3.370218    4.672232    5.362962    0.647684    0.517492    0.243295    
3.423685    4.658218    5.291153    6.283185    0.656617    0.536215    0.347211    0.128670    
3.133929    3.888464    4.018914    4.971653    6.283185    0.594782    0.454640    0.336161    0.239054    0.132899    
2.448636    3.989029    3.953731    4.240835    5.590081    6.129349    0.619739    0.496140    0.355011    0.264177    0.203896    0.101495    
1.876185    3.635843    3.841912    3.971591    4.787272    5.696244    5.996183    0.618648    0.505888    0.405589    0.295138    0.227848    0.170239    0.069837    
1.568467    3.114271    3.503554    3.757845    4.293535    5.069323    5.567296    5.924627    0.618790    0.482626    0.425816    0.341209    0.259775    0.195224    0.132522    0.047032    
1.573387    3.120920    3.528068    3.770727    4.273112    5.051013    5.575783    5.913929    6.026076    0.620755    0.486937    0.429431    0.343430    0.263233    0.198973    0.135147    0.052085    0.003773    
1.570711    3.137512    3.535928    3.776704    4.270757    5.021547    5.545355    5.907337    5.420742    4.972009    0.621649    0.489600    0.431200    0.346025    0.267775    0.204231    0.138813    0.057192    0.009927    0.004417    
