 6    -2.708082    3.577628    0.047905
1.388700  1.788755  0.578529  -1.270554  -1.258753  -0.139977  -0.346450  -1.133400  0.839501  -1.195614  -0.891264  0.056036  -0.382613  -1.776864  -0.436097  
-0.151353  0.853770  0.146984  0.192163  0.159082  0.213683  
 1    -1.118409    0.230158      0.252903
 2    -2.350481    0.792991      0.056891
 3    -2.519935    0.890084      0.029932
 4    -2.653881    0.965800      0.008623
 5    -2.696014    0.991459      0.001920
 6    -2.706471    0.998913      0.000256
 7    -2.707513    0.999694      0.000090
 8    -2.707893    0.999871      0.000030
 9    -2.707959    0.999903      0.000020
10    -2.707955    0.999902      0.000020
5.318883    0.316806    
3.529187    3.736546    0.478044    0.349538    
2.134598    3.679511    3.455467    0.494136    0.385849    0.226310    
2.207854    3.474655    3.719673    4.007667    0.636612    0.462821    0.295145    0.198588    
1.876650    2.982651    3.175295    3.826046    3.709575    0.575982    0.449593    0.360729    0.223392    0.130906    
1.432330    2.835172    2.999262    3.214151    3.758285    3.976188    0.606626    0.442676    0.382872    0.306054    0.170484    0.100531    
1.295471    2.574839    2.885542    3.144767    3.471099    3.936085    4.149713    0.595303    0.451706    0.391109    0.324826    0.237335    0.132106    0.053648    
1.058714    2.296287    2.805127    3.081341    3.393535    3.880399    4.078650    4.880913    0.588920    0.463301    0.407689    0.352950    0.271844    0.186274    0.087223    0.029343    
0.985623    2.194895    2.678715    2.940420    3.202386    3.556182    3.801101    3.991935    4.216182    0.595714    0.469177    0.406614    0.355255    0.290433    0.208429    0.129038    0.049607    0.021209    
1.015606    2.213402    2.734141    2.999813    3.253931    3.663816    3.735274    4.877854    3.884022    3.715033    0.587007    0.461724    0.402633    0.348740    0.272753    0.167521    0.100694    0.000000    0.009262    1.548218    
