 6    -4.090109    3.359764    1.475196
0.050657  0.392329  0.609438  -0.588129  1.443758  0.402090  0.166803  0.853984  1.658907  0.699776  -1.693152  -0.962174  -2.420045  -0.416890  -0.337671  
0.197170  0.179912  -0.127701  -0.965317  -0.124278  -0.203377  
 1    -1.674096    0.206548      0.324303
 2    -3.516897    0.848612      0.076943
 3    -3.791193    0.928534      0.040124
 4    -3.983584    0.971954      0.014299
 5    -4.072033    0.994890      0.002426
 6    -4.088207    0.999390      0.000255
 7    -4.089498    0.999840      0.000082
 8    -4.089901    0.999934      0.000028
 9    -4.090011    0.999974      0.000013
10    -4.089952    0.999951      0.000021
4.603841    0.920279    
3.532902    3.297910    0.459771    0.380896    
2.126141    3.342831    2.915694    0.437086    0.372725    0.226896    
1.951365    3.175430    3.426857    3.511335    0.640605    0.441582    0.279792    0.220771    
1.747631    2.653028    2.893865    3.592756    3.239045    0.577038    0.447312    0.340424    0.224488    0.151087    
1.382743    2.597417    2.784758    3.044301    3.454920    3.725645    0.614721    0.435175    0.372102    0.309916    0.153441    0.107400    
1.338590    2.537297    2.755488    3.058956    3.398271    3.669550    4.254517    0.603677    0.447662    0.382456    0.313854    0.215375    0.111445    0.051335    
1.084813    2.190044    2.625212    2.931932    3.220804    3.730161    3.701777    4.762002    0.585177    0.450448    0.396063    0.343452    0.257327    0.168736    0.078964    0.034623    
0.963291    2.115709    2.565971    2.888765    3.166684    3.482160    3.919687    3.842768    4.750970    0.609741    0.487758    0.423215    0.372522    0.313546    0.226991    0.161311    0.065764    0.039437    
1.040899    2.206455    2.632768    2.912285    3.173230    3.572790    3.689134    4.071171    5.335601    5.792166    0.597323    0.469489    0.403742    0.350808    0.274025    0.176144    0.103707    0.030247    0.000473    1.558142    
