 6    -2.068765    3.431131    0.286500
1.011944  0.346745  -0.230357  -0.433349  -0.627075  0.791468  -0.598915  -0.869797  -0.788798  -0.724587  -0.092965  -1.456969  0.201143  -0.592222  0.822629  
0.321746  -0.254972  0.258821  0.225681  -0.199651  0.385710  
 1    -1.189177    0.486833      0.159928
 2    -1.880439    0.916370      0.034242
 3    -2.038883    0.983775      0.005433
 4    -2.061988    0.995834      0.001232
 5    -2.067532    0.999119      0.000224
 6    -2.068506    0.999848      0.000047
 7    -2.068510    0.999852      0.000046
 8    -2.068526    0.999867      0.000043
 9    -2.068554    0.999878      0.000038
10    -2.068557    0.999884      0.000038
4.188306    0.553682    
4.755674    5.772835    0.767410    0.411628    
2.961647    4.180893    5.029349    0.627558    0.557339    0.292992    
2.312513    3.624152    3.115701    4.043931    0.605294    0.472684    0.328516    0.204593    
1.733268    3.304168    3.082313    3.258078    4.179111    0.631812    0.473869    0.381822    0.293894    0.139382    
1.668369    3.190300    3.133135    3.234636    4.040828    5.589565    0.622807    0.476201    0.393737    0.307161    0.199154    0.051271    
1.668791    3.194790    3.138154    3.225352    4.008319    5.494241    3.002532    0.624036    0.477327    0.393998    0.306963    0.200007    0.052211    0.000240    
1.659556    3.171404    3.118375    3.206544    4.060789    5.535195    6.158996    3.777174    0.624207    0.473715    0.392479    0.302704    0.183044    0.012595    1.549318    1.568942    
1.643535    3.125841    3.143120    3.235696    4.081960    5.643934    3.881852    3.895065    6.240359    0.619425    0.475326    0.398249    0.310181    0.193216    0.010013    1.545493    1.517796    1.546879    
1.657621    3.104748    3.130477    3.251775    4.118945    5.593489    3.549414    3.102317    5.927852    3.426555    0.617620    0.470607    0.398820    0.308914    0.194294    0.005819    1.570707    1.512604    1.547521    1.562212    
