 6    -4.227522    3.329874    1.433403
0.425188  -0.032820  0.989448  -1.579437  0.454097  0.217572  -1.497999  1.743353  -0.600091  -0.362574  1.672800  -0.356083  0.579311  -1.287199  -0.941917  
-0.200036  0.147663  0.835443  0.155205  -0.214595  0.147372  
 1    -2.321433    0.409952      0.252215
 2    -3.611760    0.792602      0.081478
 3    -3.875680    0.879568      0.046556
 4    -4.117819    0.954836      0.014516
 5    -4.188260    0.980240      0.005195
 6    -4.213268    0.992432      0.001886
 7    -4.225323    0.999327      0.000291
 8    -4.227181    0.999897      0.000045
 9    -4.227426    0.999975      0.000013
10    -4.227470    0.999988      0.000007
5.433411    0.527998    
3.424599    3.574618    0.483365    0.388418    
2.325076    3.409124    3.339838    0.483725    0.389578    0.213565    
2.366113    3.315939    3.409522    4.219493    0.595995    0.463713    0.257865    0.201832    
1.769739    2.863916    3.087172    3.699912    3.671273    0.566947    0.449462    0.361828    0.216095    0.134514    
1.479397    2.800954    2.965328    3.209318    3.683652    3.980555    0.624730    0.442097    0.379913    0.310402    0.153818    0.101495    
1.417689    2.798313    2.975081    3.298038    3.766489    3.802336    4.795376    0.604192    0.462176    0.395859    0.306549    0.229058    0.110496    0.070300    
1.186613    2.446071    2.846538    3.142184    3.475827    3.942705    4.078347    4.738145    0.606984    0.470488    0.407672    0.349544    0.262342    0.185413    0.090264    0.048412    
0.978878    2.124852    2.633755    2.953869    3.261736    3.644421    4.025599    4.224918    4.434580    0.592666    0.473254    0.415106    0.364864    0.302613    0.220907    0.150175    0.066857    0.034173    
0.853157    1.963906    2.554202    2.912183    3.214346    3.569998    3.971446    4.247566    4.411306    4.816153    0.595627    0.484856    0.428924    0.381079    0.325195    0.249466    0.177617    0.095670    0.047659    0.012345    
