 6    -2.543775    2.704169    0.139065
1.228264  -0.961592  -1.375194  -0.666736  -0.408250  -0.159367  -1.010143  -0.272901  1.148510  0.304371  0.659412  1.625798  -1.085026  -0.277913  0.463255  
-0.207213  0.168258  0.116939  -0.994410  -0.084186  -0.173652  
 1    -0.931262    0.272140      0.307266
 2    -2.179343    0.828227      0.069443
 3    -2.344286    0.902097      0.038013
 4    -2.452245    0.951935      0.017441
 5    -2.514770    0.981624      0.005527
 6    -2.534333    0.994015      0.001799
 7    -2.542616    0.999335      0.000221
 8    -2.543528    0.999836      0.000047
 9    -2.543688    0.999961      0.000017
10    -2.543749    0.999987      0.000005
3.095458    0.538817    
4.220979    3.497293    0.459061    0.370167    
2.292026    3.786663    3.176189    0.413936    0.373075    0.233757    
2.274949    3.565648    3.840307    3.958294    0.626814    0.439935    0.259922    0.218843    
2.042793    3.047077    3.231957    4.206533    3.630439    0.561119    0.453910    0.334294    0.208970    0.155813    
1.667232    3.172453    3.329535    3.434195    4.107966    4.219998    0.656274    0.429898    0.374198    0.334170    0.111221    0.137768    
1.638001    3.100786    3.272059    3.646341    4.100116    3.949434    5.298038    0.612302    0.456799    0.382369    0.303790    0.223617    0.097955    0.087412    
1.329477    2.677647    3.055928    3.412888    3.790639    4.214411    4.390409    4.896568    0.600724    0.454635    0.395175    0.339243    0.248703    0.180986    0.081423    0.057416    
1.201863    2.469567    2.946014    3.330021    3.680344    4.082636    4.503546    4.381736    5.367658    0.592625    0.461233    0.407396    0.355540    0.285878    0.203894    0.135429    0.063843    0.034043    
1.013814    2.229890    2.791256    3.162976    3.507457    3.902438    4.259025    4.622064    4.379996    5.495633    0.588854    0.469409    0.413855    0.369068    0.312105    0.238959    0.171151    0.102129    0.048439    0.023796    
