 6    -3.444468    3.750424    0.224446
-0.497271  0.107765  1.882873  -1.069230  -1.527741  -1.511618  0.386228  0.482651  2.007500  -0.509702  -0.890950  0.223526  0.045737  1.275074  0.981557  
0.187953  -0.190151  -0.158942  -0.828626  -0.100976  0.236838  
 1    -1.167140    0.181072      0.316520
 2    -2.964766    0.793798      0.066673
 3    -3.182706    0.880706      0.036382
 4    -3.365457    0.956920      0.010982
 5    -3.426130    0.983094      0.002549
 6    -3.441185    0.994030      0.000456
 7    -3.443235    0.998050      0.000171
 8    -3.444076    0.999346      0.000054
 9    -3.444327    0.999771      0.000020
10    -3.444412    0.999971      0.000008
5.354188    0.939879    
3.578017    3.571047    0.501530    0.348700    
2.203819    3.480675    3.286021    0.483856    0.383352    0.218237    
2.228409    3.412248    3.609826    3.964716    0.619875    0.459135    0.281444    0.190161    
1.781242    2.901109    3.143056    3.740567    3.668797    0.567770    0.449636    0.361388    0.220073    0.129431    
1.393130    2.736018    2.937764    3.188089    3.694232    3.927204    0.607818    0.438437    0.380376    0.307169    0.164888    0.098179    
1.339277    2.629892    2.906271    3.217449    3.594111    3.902328    4.471053    0.598216    0.454476    0.391054    0.316634    0.226884    0.117270    0.049463    
1.110317    2.341003    2.804342    3.111222    3.444963    3.952518    4.056196    5.023233    0.595417    0.462352    0.405211    0.348903    0.262118    0.177037    0.080525    0.033849    
0.936048    2.083287    2.600822    2.963226    3.268654    3.633633    4.112323    4.175166    4.910547    0.601802    0.478409    0.420835    0.372620    0.315774    0.233066    0.158621    0.067122    0.035022    
0.914359    2.064752    2.604243    2.961950    3.257096    3.591054    3.988304    4.303275    4.475243    4.679988    0.610223    0.490002    0.434840    0.386840    0.333782    0.267930    0.193700    0.118924    0.054756    0.024981    
