 6    -4.603028    2.464988    0.626212
0.678844  0.916339  -0.121169  -1.154417  -0.271141  0.472377  1.269233  0.984344  -1.327064  -1.593114  -2.256591  -0.017827  -1.976864  1.137158  -0.490799  
0.110898  -0.277838  0.215270  0.238394  0.149126  -0.602662  
 1    -2.372497    0.378271      0.315581
 2    -4.105113    0.736238      0.070446
 3    -4.433567    0.849542      0.023976
 4    -4.517945    0.909915      0.012038
 5    -4.557413    0.948655      0.006454
 6    -4.582017    0.982763      0.002973
 7    -4.598362    0.997805      0.000660
 8    -4.601653    0.999438      0.000195
 9    -4.602473    0.999853      0.000079
10    -4.602900    0.999967      0.000018
5.927816    0.649126    
4.430313    5.314483    0.662523    0.366000    
3.293448    4.255624    5.109032    0.598126    0.467328    0.223468    
2.462482    3.981255    4.227123    5.136383    0.608666    0.486762    0.351582    0.156598    
2.001428    3.702796    4.005064    4.561923    5.459892    0.614883    0.492407    0.408592    0.258743    0.096470    
2.036005    3.633189    3.890270    4.321179    5.036513    6.047129    0.617812    0.490619    0.408846    0.296208    0.182117    0.074019    
1.765000    3.461895    3.689555    4.004199    4.628853    5.293225    5.951108    0.617308    0.487904    0.415296    0.317653    0.230105    0.147956    0.064840    
1.509230    3.009142    3.407497    3.683445    4.157784    4.822945    5.375786    5.628663    0.619207    0.473787    0.420085    0.349272    0.268891    0.197683    0.119221    0.045523    
1.471344    2.943619    3.408092    3.698408    4.112379    4.720040    5.360512    5.722213    6.283185    0.618758    0.485290    0.430553    0.361410    0.286789    0.217122    0.143751    0.072081    0.018739    
1.089425    2.411636    3.112350    3.481233    3.815769    4.320437    4.888614    5.404924    5.695156    6.234444    0.605089    0.494136    0.444469    0.393036    0.331481    0.264417    0.193925    0.124938    0.060840    0.018063    
