 6    -2.382336    2.914723    0.747040
-0.253089  -0.637147  -1.909595  -0.106139  0.001714  -0.962448  0.254333  -1.112221  0.210460  1.389632  0.656688  -0.053128  0.415673  0.704063  -0.896223  
-0.134298  0.307145  0.277546  -0.267518  0.224738  0.310545  
 1    -1.382914    0.470126      0.188675
 2    -2.155549    0.836111      0.042814
 3    -2.314154    0.931328      0.012872
 4    -2.344718    0.960462      0.007102
 5    -2.371036    0.993291      0.002133
 6    -2.380929    0.999265      0.000266
 7    -2.382203    0.999923      0.000025
 8    -2.382278    0.999975      0.000011
 9    -2.382282    0.999976      0.000010
10    -2.382285    0.999977      0.000010
5.090242    0.528581    
5.093486    5.897172    0.743968    0.388453    
3.452529    4.565191    5.266402    0.647877    0.516911    0.250453    
2.795313    4.031920    4.244441    4.833662    0.613854    0.497359    0.345414    0.140672    
2.996551    3.967739    3.864659    4.456493    6.239079    0.620301    0.469923    0.325587    0.238638    0.102102    
1.971731    3.680555    3.750778    3.824901    4.703039    5.978558    0.613505    0.504436    0.389973    0.286281    0.206947    0.093716    
1.516311    3.070133    3.369320    3.535938    4.095650    4.893302    5.662961    0.613154    0.478007    0.415065    0.336956    0.257363    0.167975    0.071775    
1.478480    2.997251    3.407813    3.551548    3.978453    4.768145    5.526609    5.614839    0.620332    0.486314    0.428128    0.346474    0.270809    0.186110    0.092432    0.015915    
1.443898    2.930314    3.349787    3.522155    3.947502    4.700217    5.414018    5.290571    4.875363    0.616533    0.481167    0.426602    0.350289    0.274424    0.189815    0.096629    0.020401    0.001136    
1.442590    2.906935    3.326434    3.500288    3.920056    4.651253    5.239643    4.771107    4.772144    3.125821    0.614302    0.478889    0.425113    0.350598    0.276032    0.191987    0.097504    0.026353    0.003789    0.000949    
