 6    -2.553523    3.641126    0.082576
1.857565  -0.203968  0.711019  -0.958718  0.636314  0.984796  0.976736  -0.773217  -0.776050  -1.071380  -0.238518  -0.933245  -0.167597  -1.889870  0.563232  
-0.173712  -0.198525  0.191491  0.129781  -0.953724  0.131629  
 1    -1.336363    0.395675      0.196486
 2    -2.226361    0.795962      0.052814
 3    -2.365041    0.888585      0.030427
 4    -2.494296    0.961585      0.009561
 5    -2.539047    0.986403      0.002337
 6    -2.550939    0.995800      0.000417
 7    -2.552583    0.999084      0.000152
 8    -2.553383    0.999779      0.000023
 9    -2.553391    0.999787      0.000021
10    -2.553451    0.999934      0.000012
5.898327    0.515698    
3.709977    3.353565    0.486350    0.367136    
2.100859    3.466319    3.160017    0.451294    0.388524    0.225903    
2.133486    3.411243    3.611965    3.917286    0.623864    0.464612    0.279804    0.201892    
1.678988    2.951416    3.206821    3.748843    3.754325    0.582315    0.460892    0.369918    0.219737    0.131992    
1.404660    2.711460    2.918591    3.175335    3.674575    3.898694    0.605742    0.440079    0.377460    0.304027    0.159974    0.099266    
1.395403    2.764077    2.970046    3.269827    3.767369    3.796598    4.932384    0.603203    0.457506    0.393153    0.306385    0.210758    0.107660    0.046993    
1.104628    2.319800    2.782345    3.089991    3.440013    3.921699    4.001845    4.859095    0.590912    0.456877    0.406215    0.350185    0.259374    0.183919    0.081398    0.042416    
1.085680    2.308194    2.785741    3.086289    3.425413    3.891689    3.987116    4.785009    3.555683    0.592482    0.461137    0.408645    0.352868    0.264816    0.187940    0.091287    0.044247    0.005349    
1.026001    2.177959    2.653755    2.941287    3.236506    3.663966    3.869146    4.879289    4.114861    2.929712    0.584637    0.452991    0.401138    0.349124    0.272868    0.185240    0.114375    0.025654    0.019605    1.552262    
