 6    -1.960350    2.301139    0.008218
-1.749765  0.342680  1.153036  -0.252436  0.981321  0.514219  0.221180  -1.070043  -0.189496  0.255001  -0.458027  0.435163  -0.583595  0.816847  0.672721  
-0.235317  -0.176072  -0.777368  0.089283  -0.226320  0.243829  
 1    -0.940677    0.345210      0.239276
 2    -1.743187    0.749782      0.050960
 3    -1.844665    0.782464      0.027147
 4    -1.930053    0.923730      0.007109
 5    -1.949483    0.956946      0.002550
 6    -1.955451    0.978592      0.001150
 7    -1.958980    0.997346      0.000321
 8    -1.960008    0.999498      0.000080
 9    -1.960239    0.999901      0.000026
10    -1.960310    0.999973      0.000009
3.753783    0.460483    
3.169748    3.358195    0.474794    0.400666    
2.582850    3.359193    4.670831    0.555460    0.459877    0.207041    
2.071998    3.073570    3.144114    4.247239    0.599916    0.464361    0.305915    0.212600    
1.530484    2.701162    2.951756    3.288495    3.816577    0.588675    0.452603    0.381650    0.237215    0.138201    
1.389081    2.606224    2.784747    3.042537    3.490372    4.000314    0.621139    0.447009    0.385117    0.311940    0.174165    0.089593    
1.425576    2.724228    2.883674    3.192777    3.630416    3.822258    4.650530    0.616464    0.467340    0.397575    0.312491    0.227746    0.119096    0.067436    
1.215347    2.447083    2.817819    3.082840    3.413415    3.882782    4.059084    4.632043    0.619560    0.481627    0.414299    0.352411    0.262121    0.188162    0.097208    0.050657    
1.044069    2.201491    2.671407    2.960076    3.264914    3.664021    4.044533    4.262154    4.479798    0.606167    0.485075    0.426149    0.369966    0.299862    0.220970    0.150403    0.073361    0.033851    
0.901799    1.983588    2.490189    2.809800    3.099712    3.474653    3.845702    4.198576    4.203161    4.672890    0.604917    0.485773    0.429123    0.383343    0.325788    0.255732    0.187064    0.111861    0.056909    0.020649    
