 6    -2.351482    3.072186    0.136440
1.106323  0.363394  -0.936566  0.047962  0.263298  -0.084500  -0.391316  0.255723  0.376680  -0.973780  0.143114  -1.327974  2.457710  1.226160  -0.086657  
0.356383  -0.150661  -0.073543  0.334324  -0.338546  -0.197889  
 1    -1.039781    0.193800      0.241847
 2    -2.116033    0.704372      0.043411
 3    -2.260380    0.860473      0.016797
 4    -2.286621    0.902689      0.011959
 5    -2.322827    0.968263      0.005283
 6    -2.342962    0.985000      0.001571
 7    -2.347924    0.992528      0.000656
 8    -2.350326    0.997053      0.000213
 9    -2.350892    0.998563      0.000109
10    -2.351181    0.999211      0.000055
4.330628    0.257587    
5.442316    6.063330    0.647243    0.309449    
3.582526    4.880197    5.606959    0.567747    0.465157    0.232845    
2.498289    4.662194    4.887992    5.441755    0.598966    0.482667    0.349957    0.141662    
3.444536    4.819209    5.079666    5.622421    6.283185    0.611389    0.489881    0.338106    0.192901    0.101327    
2.463271    4.241021    4.409743    4.884731    5.899873    6.283185    0.583870    0.466892    0.382157    0.274170    0.176411    0.091527    
2.086971    4.034511    4.334666    4.631417    5.346302    6.274133    6.283185    0.615634    0.473083    0.401005    0.305578    0.213273    0.142860    0.052053    
1.906413    3.628018    4.081263    4.361893    4.888337    5.695093    6.079047    6.283185    0.617171    0.468522    0.407268    0.329466    0.249200    0.176588    0.106984    0.035595    
1.787884    3.478416    4.022897    4.344965    4.828130    5.650592    6.262219    6.226064    4.054733    0.610457    0.472037    0.417147    0.342011    0.261656    0.193589    0.120560    0.042350    0.011893    
1.218290    2.889601    3.710413    4.122019    4.360807    4.924538    5.650645    5.677826    4.232178    5.018380    0.645219    0.522134    0.450839    0.387566    0.319564    0.248974    0.177801    0.096906    0.042860    0.027077    
