 6    -3.075369    4.069243    0.410203
-1.450948  1.910953  0.711879  -0.247738  0.361466  -0.032950  -0.221347  0.477257  -0.691939  0.792006  0.073249  1.303286  0.213481  1.017349  1.911712  
-0.385180  -0.212474  0.277650  0.083721  0.237324  -0.394863  
 1    -1.823639    0.399211      0.175199
 2    -2.794827    0.779502      0.039266
 3    -2.998211    0.878225      0.010800
 4    -3.031166    0.912132      0.006187
 5    -3.053198    0.972504      0.003103
 6    -3.069985    0.995112      0.000754
 7    -3.074201    0.999280      0.000164
 8    -3.075070    0.999872      0.000042
 9    -3.075097    0.999887      0.000038
10    -3.075089    0.999885      0.000039
5.652770    0.636800    
5.102618    5.925192    0.728153    0.393477    
3.034503    4.698888    5.323167    0.632845    0.543075    0.274082    
2.357659    4.109278    4.149256    4.789151    0.623645    0.502795    0.373462    0.162432    
2.641838    4.005599    3.913051    4.499407    6.191445    0.615949    0.483804    0.356756    0.253042    0.102523    
2.077231    3.993169    3.944579    3.943146    4.964867    6.156961    0.636399    0.513495    0.389707    0.276942    0.207318    0.101285    
1.824725    3.464843    3.653265    3.754489    4.440604    5.281014    5.736552    0.624846    0.487042    0.407809    0.317123    0.241015    0.168824    0.075086    
1.656389    3.220880    3.578491    3.753120    4.205121    4.970747    5.719287    6.279339    0.624722    0.486408    0.428359    0.342177    0.263675    0.193935    0.119938    0.032857    
1.637300    3.205310    3.567861    3.735245    4.171992    4.932261    5.654430    5.958810    4.935709    0.625398    0.488440    0.429776    0.345110    0.268790    0.199194    0.124323    0.039657    0.005580    
1.650191    3.214917    3.586425    3.749301    4.200459    4.991829    5.770687    6.179007    4.252030    5.879809    0.625340    0.487994    0.429516    0.342440    0.264377    0.194001    0.118514    0.032609    0.000000    1.568007    
