 6    -3.300589    3.080273    0.828648
-0.374470  1.163536  1.171028  0.762805  -1.399164  -0.805286  -0.567384  0.003154  0.933997  -1.232669  0.347803  0.644465  0.018927  -0.473181  -1.407803  
0.402576  -0.141627  -0.285497  -0.241512  0.201634  0.344943  
 1    -1.801865    0.518085      0.234878
 2    -2.994960    0.893220      0.047898
 3    -3.237484    0.975300      0.009890
 4    -3.278205    0.989846      0.003508
 5    -3.292009    0.995892      0.001345
 6    -3.299982    0.999701      0.000095
 7    -3.299983    0.999697      0.000095
 8    -3.300101    0.999766      0.000076
 9    -3.300177    0.999845      0.000065
10    -3.300194    0.999855      0.000062
6.073301    0.564681    
4.978251    5.885059    0.749136    0.399589    
3.432026    4.412636    5.071870    0.641592    0.515203    0.259488    
2.632155    3.663311    3.616841    4.358165    0.585386    0.463941    0.335564    0.170446    
1.986303    3.595552    3.390115    3.682278    4.708637    0.618928    0.478632    0.372897    0.282589    0.114015    
1.756907    3.420547    3.437671    3.498265    4.339865    5.825536    0.623328    0.488005    0.395922    0.303713    0.203924    0.064885    
1.755370    3.419131    3.437561    3.499266    4.342564    5.829169    6.229551    0.623106    0.487937    0.395884    0.303462    0.203031    0.063206    1.569763    
1.700674    3.309728    3.334525    3.371622    4.040384    4.280653    3.936158    6.045682    0.621499    0.480033    0.392801    0.309095    0.208065    0.070907    0.028680    1.567338    
1.688261    3.326034    3.390854    3.444712    4.373489    4.962492    6.076831    4.128563    5.876668    0.622008    0.483537    0.396050    0.304513    0.184992    0.005000    1.525972    1.521722    1.546007    
1.695878    3.344512    3.394745    3.446043    4.380096    5.212425    5.974055    4.487470    5.903623    3.529475    0.624700    0.484418    0.395778    0.303384    0.182388    0.000000    1.516327    1.520445    1.546825    0.001788    
