 6    -3.823277    2.579058    0.145330
1.980655  1.795750  -0.728124  -0.283760  1.757234  -0.700888  0.749530  1.466181  -0.359759  -0.314563  -0.497060  -0.582411  0.826093  0.847297  -0.248796  
-0.358833  0.223899  0.278891  -0.199058  0.053234  0.440760  
 1    -2.116757    0.186989      0.266546
 2    -3.579920    0.262369      0.038011
 3    -3.690209    0.224232      0.020784
 4    -3.703118    0.208237      0.018768
 5    -3.708688    0.325117      0.017898
 6    -3.734282    0.532385      0.013900
 7    -3.777469    0.786467      0.007155
 8    -3.788126    0.870464      0.005490
 9    -3.784568    0.811030      0.006046
10    -3.796197    0.894151      0.004230
6.148574    0.670432    
5.286728    5.851018    0.711682    0.366461    
3.074311    4.421441    5.276536    0.588949    0.498566    0.245221    
2.061745    3.855009    3.836924    4.620585    0.577949    0.466887    0.344656    0.166587    
2.373167    4.317615    4.666380    5.304532    6.283077    0.577693    0.507655    0.309953    0.000000    1.485219    
2.396000    4.331047    4.117511    4.865229    5.845382    6.283185    0.595989    0.488470    0.295934    0.000000    1.372195    1.470604    
2.298450    4.644951    4.287731    4.669640    4.364664    5.676969    6.283185    0.620277    0.530585    0.257010    0.000000    1.326243    1.305593    1.429348    
3.057392    4.107427    5.624055    2.205997    3.666084    6.283185    6.234832    6.283185    1.024510    0.889664    0.556503    0.233955    0.163916    1.280949    1.277479    1.424293    
2.398409    4.379519    4.768127    1.909956    4.337448    5.721460    5.572167    6.094372    3.165031    0.579652    0.517815    0.199778    0.051031    1.380336    1.281685    1.336912    1.459679    0.014256    
1.572011    3.042558    3.813824    5.281901    6.283185    6.283185    6.142626    6.265826    6.265829    6.283185    0.598618    0.425932    0.465681    0.196096    1.352242    1.274012    1.367228    1.570796    0.106208    0.060129    
