 6    -3.406182    2.290692    1.978079
-0.934865  0.816632  0.671318  0.859880  0.640418  0.266168  -0.867070  -0.429947  0.784486  0.648298  -1.177462  -0.270474  0.982758  0.978122  -0.218039  
-0.315708  -0.231978  0.249324  -0.254615  0.237659  0.311399  
 1    -1.780841    0.507002      0.285304
 2    -3.132330    0.924557      0.048071
 3    -3.361036    0.987537      0.007925
 4    -3.398206    0.997838      0.001400
 5    -3.405678    0.999809      0.000088
 6    -3.405966    0.999933      0.000038
 7    -3.406016    0.999953      0.000029
 8    -3.406033    0.999960      0.000026
 9    -3.406039    0.999961      0.000025
10    -3.406053    0.999965      0.000023
4.419389    0.515309    
5.001536    6.025949    0.774378    0.417268    
3.080104    4.191537    5.168434    0.616816    0.546732    0.293051    
2.326604    3.770956    3.294737    4.165630    0.602504    0.484746    0.329178    0.203805    
1.686900    3.273785    3.164912    3.348947    4.241579    0.617858    0.466898    0.392317    0.292632    0.145787    
1.717107    3.283297    3.199998    3.380625    4.224820    6.205707    0.616289    0.470387    0.393715    0.297234    0.177808    0.034153    
1.710474    3.300741    3.192250    3.370563    4.189768    4.869910    4.184775    0.616021    0.471664    0.391127    0.297892    0.183614    0.044037    0.025285    
1.726080    3.294639    3.211552    3.380835    4.343021    6.204463    3.188102    3.663426    0.616186    0.472854    0.392320    0.296582    0.166290    0.000763    0.002741    1.549022    
1.723914    3.305442    3.206067    3.385047    4.361244    6.270204    3.397978    3.287238    4.516535    0.618255    0.471785    0.392392    0.293543    0.161768    0.000000    0.014375    1.555560    0.008500    
1.729485    3.294915    3.186712    3.373304    4.336557    6.040477    3.352228    3.695339    5.711961    5.425220    0.618634    0.469597    0.391376    0.295029    0.160153    0.000000    0.008662    1.570796    0.019126    0.003791    
