 6    -2.620074    3.176188    0.465849
1.415251  0.219463  -0.718165  -0.944054  -0.116164  0.462922  0.910378  -0.360768  -0.283324  0.908532  -2.179756  0.817572  -0.543350  -0.058177  -0.193823  
-0.301073  0.205632  -0.333387  -0.123301  -0.451910  0.061417  
 1    -1.507424    0.352974      0.191960
 2    -2.276812    0.658617      0.059221
 3    -2.449995    0.764163      0.029343
 4    -2.511958    0.854750      0.018653
 5    -2.554046    0.913832      0.011391
 6    -2.573597    0.945859      0.008019
 7    -2.603522    0.990674      0.002856
 8    -2.616410    0.997764      0.000632
 9    -2.619418    0.999714      0.000113
10    -2.619932    0.999937      0.000025
5.145557    0.518457    
4.826214    5.458688    0.660193    0.351878    
3.461055    4.534740    5.252076    0.601154    0.463542    0.216683    
3.526791    4.719955    5.364055    6.283185    0.643981    0.490791    0.310978    0.118900    
3.088385    4.232701    4.738310    5.589732    6.167002    0.593418    0.474605    0.341259    0.205035    0.107693    
2.795843    4.178665    4.554698    5.232230    6.129580    6.283185    0.607940    0.476009    0.360824    0.238905    0.167850    0.070030    
3.043009    4.234095    4.632255    5.461889    6.016564    6.283185    6.283185    0.600846    0.482767    0.356536    0.231722    0.182257    0.130459    0.081388    
2.124273    3.760876    4.137693    4.713142    5.537312    5.798677    6.283185    6.195783    0.586653    0.478773    0.404078    0.296101    0.212740    0.169604    0.130096    0.071409    
1.693830    3.483816    3.902942    4.322780    4.984167    5.747851    6.160067    6.283185    5.966025    0.613452    0.482555    0.420878    0.328747    0.242942    0.191772    0.146073    0.107497    0.042234    
1.380359    2.858895    3.628996    4.045305    4.546292    5.279441    5.926513    6.252703    6.248912    6.283185    0.609343    0.485037    0.440310    0.371058    0.290258    0.223745    0.173913    0.132407    0.087458    0.029774    
