 6    -3.738639    2.929566    1.144224
-0.337545  -0.225671  -0.825266  -1.519911  0.236885  -0.567556  1.783642  0.438508  -0.234935  0.649691  0.120339  -1.428240  -0.086604  1.572401  0.256997  
0.176634  -0.244519  -0.206835  0.185938  0.602644  -0.183426  
 1    -1.404524    0.170227      0.350037
 2    -3.127420    0.789269      0.091662
 3    -3.466463    0.899548      0.040817
 4    -3.663716    0.973266      0.011236
 5    -3.715211    0.990613      0.003513
 6    -3.732683    0.997355      0.000893
 7    -3.737032    0.999508      0.000241
 8    -3.738389    0.999923      0.000038
 9    -3.738403    0.999924      0.000035
10    -3.738433    0.999932      0.000031
4.822175    0.874040    
3.869360    4.428146    0.587158    0.370567    
2.987924    3.921664    4.368577    0.580898    0.437963    0.224432    
2.666228    3.846924    3.973871    4.765406    0.621278    0.491364    0.316531    0.171352    
1.859127    3.330493    3.574151    4.068013    4.498276    0.594334    0.480550    0.404257    0.248791    0.118984    
1.585442    3.116582    3.227318    3.402717    3.975774    4.502440    0.626069    0.467057    0.396427    0.312321    0.189677    0.088632    
1.536557    3.032010    3.244746    3.443260    3.867244    4.420618    5.129446    0.620130    0.480458    0.409711    0.324338    0.233849    0.127597    0.042509    
1.239132    2.535135    3.005258    3.256633    3.568481    4.121330    4.586646    5.216851    0.604823    0.470867    0.419983    0.359324    0.279157    0.195564    0.093707    0.032456    
1.249312    2.542767    2.998676    3.243862    3.556524    4.131850    4.482037    5.262630    6.160626    0.604440    0.467659    0.416216    0.355438    0.272253    0.186436    0.081487    0.023804    1.564121    
1.186689    2.419556    2.922536    3.177938    3.468907    4.009607    4.354510    5.174554    3.795609    4.699947    0.596943    0.463778    0.415719    0.358674    0.282240    0.193689    0.097597    0.025026    0.000000    1.561782    
