 6    -3.637327    2.739384    0.551496
1.412241  2.337697  1.611915  1.649743  0.798248  -0.038336  -0.416919  0.573888  0.379333  0.395861  -0.639797  -0.622015  -1.097253  -0.040995  0.406483  
0.519420  -0.443259  -0.536806  0.114552  0.156227  0.112354  
 1    -1.880202    0.260282      0.275553
 2    -3.022092    0.639871      0.096482
 3    -3.354418    0.786378      0.044366
 4    -3.388488    0.812771      0.039023
 5    -3.435006    0.833589      0.031728
 6    -3.435403    0.832099      0.031666
 7    -3.474911    0.896642      0.025470
 8    -3.478675    0.921673      0.024880
 9    -3.539633    0.955756      0.015320
10    -3.543791    0.953704      0.014668
5.044247    1.061912    
5.507181    5.540596    0.992207    1.253961    
5.392505    5.709566    4.931720    0.985022    1.192846    1.393553    
5.478961    5.582753    5.057213    5.112150    0.979868    1.194636    1.376334    1.508647    
1.910260    2.243253    5.909790    5.027371    5.125030    1.300741    1.003697    1.055572    1.289783    1.469135    
1.856284    2.225039    5.900218    4.982263    5.149175    4.185223    1.308103    0.995316    1.060384    1.287697    1.475459    0.013032    
5.189312    5.478777    4.920781    6.283185    3.146956    4.298394    4.650091    0.990830    1.143493    1.298890    1.512956    0.066328    1.466232    1.477444    
5.201878    5.451655    4.936089    5.461346    4.094478    5.162996    5.673285    6.283185    0.993748    1.154153    1.317476    1.501522    0.004283    1.464782    1.498100    1.520639    
1.902166    1.141886    5.547818    5.096579    4.950164    5.906862    5.906814    3.071306    5.132220    1.138059    1.130190    1.029849    1.187825    1.330726    0.000000    1.570796    1.412492    1.433938    
1.970704    1.195325    5.525159    5.116482    4.925390    5.916817    5.916748    3.198863    5.612233    2.259965    1.122767    1.154243    1.024241    1.189674    1.330996    0.000000    1.570796    1.405314    1.416155    0.051640    
