 6    -3.485965    2.687768    0.804160
0.458901  1.173661  0.398716  1.044500  0.584015  0.653871  1.328473  -0.097377  -0.441175  -0.278228  -0.389714  -0.718051  -0.625707  -0.346769  -1.994583  
-0.139518  -0.941070  0.152386  0.185114  0.216716  0.275034  
 1    -2.036214    0.408037      0.234826
 2    -3.009806    0.829223      0.077127
 3    -3.240105    0.915199      0.039824
 4    -3.411615    0.965154      0.012043
 5    -3.467934    0.991141      0.002921
 6    -3.481377    0.998186      0.000743
 7    -3.484431    0.999498      0.000248
 8    -3.485685    0.999905      0.000045
 9    -3.485864    0.999965      0.000016
10    -3.485872    0.999969      0.000015
4.014380    0.666220    
2.849645    3.433580    0.477970    0.413617    
2.148832    3.012071    3.213836    0.506650    0.404179    0.223390    
1.850013    2.886140    2.911487    3.676706    0.616402    0.464634    0.303474    0.217929    
1.521550    2.462615    2.642869    3.053624    3.262936    0.592942    0.448048    0.372024    0.236821    0.146941    
1.276518    2.371626    2.491186    2.700763    3.092842    3.440723    0.614495    0.445754    0.380622    0.308072    0.175119    0.093300    
1.289107    2.444327    2.554799    2.775393    3.128777    3.406800    4.152305    0.618088    0.464145    0.395870    0.317867    0.226815    0.118871    0.055606    
1.027064    2.048029    2.372783    2.610573    2.884375    3.291983    3.564400    3.916795    0.594581    0.455455    0.406487    0.350915    0.270482    0.195563    0.090623    0.047379    
0.739697    1.769910    2.213551    2.475398    2.696536    2.983352    3.368004    3.595956    3.887208    0.621747    0.501597    0.430841    0.382945    0.327450    0.253728    0.177306    0.079926    0.040150    
0.781090    1.821837    2.231588    2.493505    2.707122    2.981429    3.350569    3.508381    3.729404    2.464964    0.627877    0.503114    0.433192    0.383953    0.328140    0.257478    0.179860    0.087164    0.040173    0.007819    
