 6    -3.235936    2.078334    0.404078
-0.217286  -0.915852  1.062431  0.444871  -0.375857  -1.325971  -0.652894  -0.842896  -0.447425  1.539325  0.027425  -0.777571  -1.614024  0.688196  -0.014051  
0.412277  0.116361  0.255328  -0.281924  -0.226282  0.286573  
 1    -1.756139    0.415617      0.278457
 2    -3.006520    0.861501      0.043170
 3    -3.184762    0.954999      0.009630
 4    -3.216863    0.973806      0.003589
 5    -3.227040    0.985307      0.001674
 6    -3.234769    0.999295      0.000220
 7    -3.235690    0.999899      0.000046
 8    -3.235782    0.999950      0.000029
 9    -3.235782    0.999950      0.000029
10    -3.235790    0.999949      0.000028
5.728874    0.410065    
5.160545    5.919190    0.737474    0.375458    
3.450515    4.434440    5.165741    0.627221    0.504351    0.250559    
2.594434    3.785097    3.744652    4.442822    0.582272    0.466547    0.331226    0.165182    
1.925270    3.595681    3.530943    3.756422    4.701947    0.620838    0.476340    0.382680    0.281268    0.119286    
1.867099    3.562481    3.643713    3.734896    4.602524    6.059797    0.615693    0.492137    0.395987    0.298082    0.202192    0.072943    
1.473243    2.963000    3.357124    3.495648    3.970896    4.807792    5.816169    0.611944    0.476702    0.418592    0.346603    0.267387    0.165964    0.060707    
1.418375    2.912691    3.402921    3.523212    3.894469    4.699080    5.597831    5.713401    0.617567    0.488211    0.430536    0.354729    0.280877    0.187269    0.083607    0.014444    
1.417342    2.919104    3.418662    3.535748    3.894750    4.702002    5.594470    5.580389    3.570042    0.618848    0.490547    0.432519    0.355438    0.281760    0.189040    0.085234    0.015399    0.001083    
1.420153    2.895823    3.400968    3.532289    3.920125    4.726708    5.735907    6.194925    4.395308    3.568406    0.615113    0.485793    0.430003    0.354751    0.277499    0.180645    0.074330    0.003962    1.567485    1.567455    
