 6    -2.958631    4.594650    0.530898
-0.736260  0.440260  0.731900  0.254316  -1.807715  1.053235  -2.661686  -1.076339  0.484691  0.170791  0.129711  -0.386408  1.199626  -1.070269  -1.157811  
-0.152463  -0.370830  0.178181  -0.357324  -0.143707  -0.306563  
 1    -1.679340    0.431903      0.169369
 2    -2.638593    0.836967      0.042371
 3    -2.868400    0.955695      0.011946
 4    -2.914081    0.978355      0.005898
 5    -2.944377    0.994273      0.001887
 6    -2.956206    0.998752      0.000321
 7    -2.957587    0.999382      0.000138
 8    -2.958120    0.999727      0.000068
 9    -2.958220    0.999785      0.000054
10    -2.958519    0.999945      0.000015
6.020992    0.512631    
5.074215    5.802184    0.690935    0.366420    
3.702500    4.500328    5.015627    0.601606    0.463186    0.232067    
2.784682    4.081538    4.345364    4.842596    0.574865    0.469325    0.330689    0.132093    
2.597547    3.861747    3.931469    4.617571    5.970721    0.577210    0.458229    0.351762    0.227446    0.078500    
1.811541    3.595433    3.716007    3.882379    4.756966    5.984742    0.624051    0.475332    0.396123    0.303544    0.194992    0.070986    
1.490756    2.882015    3.386384    3.602135    4.000311    4.851650    5.769015    0.618905    0.459959    0.411352    0.348203    0.265936    0.161523    0.059823    
1.514360    2.896634    3.458269    3.695069    4.040388    4.797473    5.750194    6.283185    0.621020    0.478008    0.426154    0.361223    0.285043    0.192518    0.091704    0.020471    
1.580797    3.020569    3.519972    3.739429    4.115780    4.899342    5.785950    6.170904    4.970261    0.623891    0.480730    0.426764    0.359182    0.283180    0.194874    0.099254    0.029576    0.006768    
1.276878    2.631649    3.227320    3.565383    3.828326    4.319699    4.992348    5.670474    4.625989    2.633829    0.621586    0.502368    0.444225    0.390663    0.335566    0.266772    0.178791    0.089974    0.012813    0.018433    
